index,Date,Entry Time,Type,Strike,Option,Entry Premium,Quantity,Exit Premium,Exit Time,Index,Hedge Date,Hedge Entry Time,Hedge Type,Hedge Strike,Hedge Option,Hedge Entry Premium,Hedge Quantity,Hedge Exit Premium,Hedge Exit Time,ExpiryDate,DaysToExpiry,Day
0,2025-02-14,2025-02-14 09:30:00,Sell,23050,CE,190.35,-10,62.4,2025-02-18 10:22:00,23050.0,2025-02-14,2025-02-14 15:15:00,Buy,23300.0,CE,48.0,10.0,18.5,2025-02-18 10:22:00,2025-02-20,4,Friday
1,2025-02-14,2025-02-14 09:30:00,Sell,23050,PE,170.75,-10,135.2,2025-02-20 15:25:00,23050.0,2025-02-14,2025-02-14 15:15:00,Buy,22600.0,PE,50.0,10.0,0.05,2025-02-20 15:25:00,2025-02-20,4,Friday
2,2025-02-14,2025-02-14 10:45:00,Sell,23000,CE,159.15,-10,51.6,2025-02-19 09:24:00,22923.9,2025-02-14,2025-02-14 15:15:00,Buy,23300.0,CE,48.0,10.0,7.55,2025-02-19 09:24:00,2025-02-20,4,Friday
3,2025-02-14,2025-02-14 10:45:00,Sell,22950,CE,185.4,-10,63.75,2025-02-19 14:29:00,22923.9,2025-02-14,2025-02-14 15:15:00,Buy,23300.0,CE,48.0,10.0,5.4,2025-02-19 14:29:00,2025-02-20,4,Friday
4,2025-02-14,2025-02-14 11:15:00,Sell,22900,CE,193.25,-10,60.2,2025-02-20 09:15:00,22893.35,2025-02-14,2025-02-14 15:15:00,Buy,23300.0,CE,48.0,10.0,3.9,2025-02-20 09:15:00,2025-02-20,4,Friday
5,2025-02-14,2025-02-14 12:15:00,Sell,22850,CE,192.05,-10,66.4,2025-02-20 09:25:00,22842.2,2025-02-14,2025-02-14 15:15:00,Buy,23300.0,CE,48.0,10.0,2.2,2025-02-20 09:25:00,2025-02-20,4,Friday
6,2025-02-14,2025-02-14 14:00:00,Sell,22800,CE,201.7,-10,114.85,2025-02-20 15:25:00,22792.0,2025-02-14,2025-02-14 15:15:00,Buy,23300.0,CE,48.0,10.0,0.05,2025-02-20 15:25:00,2025-02-20,4,Friday
7,2025-02-14,2025-02-14 14:30:00,Sell,22850,PE,142.6,-10,47.0,2025-02-19 09:56:00,22859.95,2025-02-14,2025-02-14 15:15:00,Buy,22600.0,PE,50.0,10.0,10.1,2025-02-19 09:56:00,2025-02-20,4,Friday
8,2025-02-14,2025-02-14 14:45:00,Sell,22900,PE,123.45,-10,40.7,2025-02-19 12:17:00,22961.15,2025-02-14,2025-02-14 15:15:00,Buy,22600.0,PE,50.0,10.0,6.7,2025-02-19 12:17:00,2025-02-20,4,Friday
9,2025-02-14,2025-02-14 14:45:00,Sell,22950,PE,143.35,-10,45.0,2025-02-20 13:50:00,22961.15,2025-02-14,2025-02-14 15:15:00,Buy,22600.0,PE,50.0,10.0,0.9,2025-02-20 13:50:00,2025-02-20,4,Friday
10,2025-02-17,2025-02-17 09:30:00,Sell,22900,CE,165.1,-10,56.85,2025-02-20 09:17:00,22831.45,2025-02-17,2025-02-17 15:15:00,Buy,23300.0,CE,42.85,10.0,2.75,2025-02-20 09:17:00,2025-02-20,3,Monday
11,2025-02-17,2025-02-17 09:30:00,Sell,22850,CE,191.0,-10,66.4,2025-02-20 09:25:00,22831.45,2025-02-17,2025-02-17 15:15:00,Buy,23300.0,CE,42.85,10.0,2.2,2025-02-20 09:25:00,2025-02-20,3,Monday
12,2025-02-17,2025-02-17 09:45:00,Sell,22800,CE,181.4,-10,114.85,2025-02-20 15:25:00,22777.0,2025-02-17,2025-02-17 15:15:00,Buy,23300.0,CE,42.85,10.0,0.05,2025-02-20 15:25:00,2025-02-20,3,Monday
13,2025-02-17,2025-02-17 10:45:00,Sell,22850,PE,115.2,-10,38.8,2025-02-19 10:16:00,22916.25,2025-02-17,2025-02-17 15:15:00,Buy,22650.0,PE,43.65,10.0,11.6,2025-02-19 10:16:00,2025-02-20,3,Monday
14,2025-02-17,2025-02-17 10:45:00,Sell,22900,PE,134.2,-10,46.2,2025-02-19 10:29:00,22916.25,2025-02-17,2025-02-17 15:15:00,Buy,22650.0,PE,43.65,10.0,10.6,2025-02-19 10:29:00,2025-02-20,3,Monday
15,2025-02-17,2025-02-17 11:15:00,Sell,22850,CE,162.65,-10,54.45,2025-02-20 09:46:00,22805.7,2025-02-17,2025-02-17 15:15:00,Buy,23300.0,CE,42.85,10.0,1.9,2025-02-20 09:46:00,2025-02-20,3,Monday
16,2025-02-17,2025-02-17 13:45:00,Sell,22900,PE,122.6,-10,40.7,2025-02-19 12:17:00,22937.55,2025-02-17,2025-02-17 15:15:00,Buy,22650.0,PE,43.65,10.0,8.85,2025-02-19 12:17:00,2025-02-20,3,Monday
17,2025-02-17,2025-02-17 15:15:00,Sell,22950,PE,128.7,-10,45.0,2025-02-20 13:50:00,22970.75,2025-02-17,2025-02-17 15:15:00,Buy,22650.0,PE,43.65,10.0,1.25,2025-02-20 13:50:00,2025-02-20,3,Monday
18,2025-02-18,2025-02-18 10:15:00,Sell,22900,CE,136.9,-10,46.25,2025-02-20 09:25:00,22894.45,2025-02-18,2025-02-18 15:15:00,Buy,23200.0,CE,33.2,10.0,4.8,2025-02-20 09:25:00,2025-02-20,2,Tuesday
19,2025-02-18,2025-02-18 10:30:00,Sell,22850,CE,139.15,-10,45.95,2025-02-20 09:50:00,22827.15,2025-02-18,2025-02-18 15:15:00,Buy,23200.0,CE,33.2,10.0,3.3,2025-02-20 09:50:00,2025-02-20,2,Tuesday
20,2025-02-18,2025-02-18 13:45:00,Sell,22900,PE,102.95,-10,34.7,2025-02-20 11:05:00,22921.45,2025-02-18,2025-02-18 15:15:00,Buy,22700.0,PE,36.2,10.0,4.6,2025-02-20 11:05:00,2025-02-20,2,Tuesday
21,2025-02-18,2025-02-18 15:15:00,Sell,22950,PE,120.3,-10,39.95,2025-02-20 13:53:00,22951.4,2025-02-18,2025-02-18 15:15:00,Buy,22700.0,PE,36.2,10.0,1.2,2025-02-20 13:53:00,2025-02-20,2,Tuesday
22,2025-02-19,2025-02-19 09:30:00,Sell,22900,CE,88.6,-10,30.05,2025-02-20 09:50:00,22852.2,2025-02-19,2025-02-19 15:15:00,Buy,23100.0,CE,27.55,10.0,6.5,2025-02-20 09:50:00,2025-02-20,1,Wednesday
23,2025-02-19,2025-02-19 10:00:00,Sell,22950,PE,81.65,-10,35.15,2025-02-20 15:25:00,22989.1,2025-02-19,2025-02-19 15:15:00,Buy,22750.0,PE,22.9,10.0,0.05,2025-02-20 15:25:00,2025-02-20,1,Wednesday
24,2025-02-19,2025-02-19 10:30:00,Sell,23000,PE,79.75,-10,85.05,2025-02-20 15:25:00,23033.7,2025-02-19,2025-02-19 15:15:00,Buy,22750.0,PE,22.9,10.0,0.05,2025-02-20 15:25:00,2025-02-20,1,Wednesday
25,2025-02-19,2025-02-19 11:00:00,Sell,22950,CE,99.4,-10,33.55,2025-02-20 09:22:00,22927.8,2025-02-19,2025-02-19 15:15:00,Buy,23100.0,CE,27.55,10.0,10.6,2025-02-20 09:22:00,2025-02-20,1,Wednesday
26,2025-02-19,2025-02-19 12:00:00,Sell,23000,PE,86.4,-10,85.05,2025-02-20 15:25:00,23001.5,2025-02-19,2025-02-19 15:15:00,Buy,22750.0,PE,22.9,10.0,0.05,2025-02-20 15:25:00,2025-02-20,1,Wednesday
27,2025-02-19,2025-02-19 12:45:00,Sell,22950,CE,102.25,-10,33.55,2025-02-20 09:22:00,22944.0,2025-02-19,2025-02-19 15:15:00,Buy,23100.0,CE,27.55,10.0,10.6,2025-02-20 09:22:00,2025-02-20,1,Wednesday
28,2025-02-19,2025-02-19 14:30:00,Sell,22900,CE,77.0,-10,26.7,2025-02-20 11:48:00,22862.7,2025-02-19,2025-02-19 15:15:00,Buy,23100.0,CE,27.55,10.0,3.3,2025-02-20 11:48:00,2025-02-20,1,Wednesday
29,2025-02-20,2025-02-20 09:30:00,Sell,22850,CE,59.7,-10,64.8,2025-02-20 15:25:00,22846.3,2025-02-20,2025-02-20 15:15:00,Buy,22900.0,CE,15.8,10.0,14.95,2025-02-20 15:25:00,2025-02-20,0,Thursday
30,2025-02-20,2025-02-20 11:15:00,Sell,22900,PE,35.6,-10,12.25,2025-02-20 13:52:00,22911.2,,,,,,,,,,2025-02-20,0,Thursday
31,2025-02-21,2025-02-21 09:30:00,Sell,22900,CE,168.45,-10,55.0,2025-02-24 09:15:00,22900.0,2025-02-21,2025-02-21 15:15:00,Buy,23100.0,CE,45.05,10.0,28.0,2025-02-24 09:15:00,2025-02-27,4,Friday
32,2025-02-21,2025-02-21 09:30:00,Sell,22900,PE,141.15,-10,355.0,2025-02-27 15:25:00,22900.0,2025-02-21,2025-02-21 15:15:00,Buy,22550.0,PE,47.4,10.0,4.0,2025-02-27 15:25:00,2025-02-27,4,Friday
33,2025-02-21,2025-02-21 09:45:00,Sell,22850,CE,171.2,-10,56.6,2025-02-24 09:22:00,22844.45,2025-02-21,2025-02-21 15:15:00,Buy,23100.0,CE,45.05,10.0,15.4,2025-02-24 09:22:00,2025-02-27,4,Friday
34,2025-02-21,2025-02-21 10:15:00,Sell,22800,CE,175.95,-10,58.5,2025-02-24 09:39:00,22760.2,2025-02-21,2025-02-21 15:15:00,Buy,23100.0,CE,45.05,10.0,12.55,2025-02-24 09:39:00,2025-02-27,4,Friday
35,2025-02-21,2025-02-21 13:45:00,Sell,22750,CE,170.9,-10,59.7,2025-02-24 10:25:00,22735.25,2025-02-21,2025-02-21 15:15:00,Buy,23100.0,CE,45.05,10.0,10.05,2025-02-24 10:25:00,2025-02-27,4,Friday
36,2025-02-21,2025-02-21 15:15:00,Sell,22800,PE,128.05,-10,254.35,2025-02-27 15:25:00,22810.2,2025-02-21,2025-02-21 15:15:00,Buy,22550.0,PE,47.4,10.0,4.0,2025-02-27 15:25:00,2025-02-27,4,Friday
37,2025-02-24,2025-02-24 09:30:00,Sell,22750,CE,82.25,-10,26.45,2025-02-25 09:19:00,22619.95,2025-02-24,2025-02-24 15:15:00,Buy,22800.0,CE,32.7,10.0,18.25,2025-02-25 09:19:00,2025-02-27,3,Monday
38,2025-02-24,2025-02-24 09:30:00,Sell,22700,CE,101.35,-10,33.55,2025-02-25 09:22:00,22619.95,2025-02-24,2025-02-24 15:15:00,Buy,22800.0,CE,32.7,10.0,15.8,2025-02-25 09:22:00,2025-02-27,3,Monday
39,2025-02-24,2025-02-24 09:30:00,Sell,22650,CE,125.65,-10,43.7,2025-02-25 10:19:00,22619.95,2025-02-24,2025-02-24 15:15:00,Buy,22800.0,CE,32.7,10.0,11.5,2025-02-25 10:19:00,2025-02-27,3,Monday
40,2025-02-24,2025-02-24 09:45:00,Sell,22600,CE,129.95,-10,44.6,2025-02-25 11:31:00,22571.65,2025-02-24,2025-02-24 15:15:00,Buy,22800.0,CE,32.7,10.0,6.6,2025-02-25 11:31:00,2025-02-27,3,Monday
41,2025-02-24,2025-02-24 13:45:00,Sell,22550,CE,128.2,-10,43.2,2025-02-27 09:30:00,22533.25,2025-02-24,2025-02-24 15:15:00,Buy,22800.0,CE,32.7,10.0,2.0,2025-02-27 09:30:00,2025-02-27,3,Monday
42,2025-02-25,2025-02-25 09:45:00,Sell,22600,PE,68.8,-10,53.85,2025-02-27 15:25:00,22605.0,2025-02-25,2025-02-25 15:15:00,Buy,22450.0,PE,22.25,10.0,0.05,2025-02-27 15:25:00,2025-02-27,2,Tuesday
43,2025-02-27,2025-02-27 10:00:00,Sell,22550,CE,21.9,-10,7.6,2025-02-27 12:32:00,22537.95,,,,,,,,,,2025-02-27,0,Thursday
0,2024-09-27,2024-09-27 09:30:00,Sell,26250,CE,142.75,-10,16.55,2024-10-01 09:15:00,26250.0,2024-09-27,2024-09-27 15:15:00,Buy,26450.0,CE,46.2,10.0,40.3,2024-10-01 09:15:00,2024-10-03,4,Friday
1,2024-09-27,2024-09-27 09:30:00,Sell,26250,PE,146.95,-10,1000.6,2024-10-03 15:25:00,26250.0,2024-09-27,2024-09-27 15:15:00,Buy,25950.0,PE,40.65,10.0,38.6,2024-10-03 15:25:00,2024-10-03,4,Friday
2,2024-09-27,2024-09-27 13:00:00,Sell,26200,CE,148.4,-10,23.1,2024-10-01 09:15:00,26188.7,2024-09-27,2024-09-27 15:15:00,Buy,26450.0,CE,46.2,10.0,40.3,2024-10-01 09:15:00,2024-10-03,4,Friday
3,2024-10-01,2024-10-01 09:30:00,Sell,26150,CE,22.5,-10,7.65,2024-10-01 14:22:00,25851.7,,,,,,,,,,2024-10-03,2,Tuesday
4,2024-10-01,2024-10-01 09:30:00,Sell,26100,CE,30.65,-10,10.7,2024-10-01 14:22:00,25851.7,,,,,,,,,,2024-10-03,2,Tuesday
5,2024-10-01,2024-10-01 09:30:00,Sell,26050,CE,39.85,-10,13.75,2024-10-01 14:24:00,25851.7,,,,,,,,,,2024-10-03,2,Tuesday
6,2024-10-01,2024-10-01 09:30:00,Sell,26000,CE,53.2,-10,17.95,2024-10-01 14:31:00,25851.7,,,,,,,,,,2024-10-03,2,Tuesday
7,2024-10-01,2024-10-01 09:30:00,Sell,25950,CE,70.1,-10,23.95,2024-10-01 14:37:00,25851.7,,,,,,,,,,2024-10-03,2,Tuesday
8,2024-10-01,2024-10-01 09:30:00,Sell,25900,CE,91.7,-10,31.9,2024-10-01 14:43:00,25851.7,,,,,,,,,,2024-10-03,2,Tuesday
9,2024-10-01,2024-10-01 10:00:00,Sell,25850,CE,101.65,-10,10.0,2024-10-03 09:15:00,25846.6,2024-10-01,2024-10-01 15:15:00,Buy,25950.0,CE,23.95,10.0,1.85,2024-10-03 09:15:00,2024-10-03,2,Tuesday
10,2024-10-01,2024-10-01 10:30:00,Sell,25800,CE,100.7,-10,4.25,2024-10-03 09:15:00,25797.6,2024-10-01,2024-10-01 15:15:00,Buy,25950.0,CE,23.95,10.0,1.85,2024-10-03 09:15:00,2024-10-03,2,Tuesday
11,2024-10-01,2024-10-01 11:15:00,Sell,25750,CE,99.55,-10,21.15,2024-10-03 09:15:00,25745.45,2024-10-01,2024-10-01 15:15:00,Buy,25950.0,CE,23.95,10.0,1.85,2024-10-03 09:15:00,2024-10-03,2,Tuesday
12,2024-10-01,2024-10-01 12:00:00,Sell,25800,PE,67.05,-10,550.55,2024-10-03 15:25:00,25821.05,2024-10-01,2024-10-01 15:15:00,Buy,25650.0,PE,23.35,10.0,399.0,2024-10-03 15:25:00,2024-10-03,2,Tuesday
13,2024-10-03,2024-10-03 09:30:00,Sell,25750,CE,17.6,-10,5.8,2024-10-03 11:20:00,25587.1,,,,,,,,,,2024-10-03,0,Thursday
14,2024-10-03,2024-10-03 09:30:00,Sell,25700,CE,27.6,-10,9.5,2024-10-03 11:18:00,25587.1,,,,,,,,,,2024-10-03,0,Thursday
15,2024-10-03,2024-10-03 09:30:00,Sell,25650,CE,43.8,-10,14.8,2024-10-03 11:10:00,25587.1,,,,,,,,,,2024-10-03,0,Thursday
16,2024-10-03,2024-10-03 09:30:00,Sell,25600,CE,63.1,-10,20.85,2024-10-03 11:17:00,25587.1,,,,,,,,,,2024-10-03,0,Thursday
17,2024-10-03,2024-10-03 10:15:00,Sell,25550,CE,47.4,-10,16.55,2024-10-03 11:44:00,25529.35,,,,,,,,,,2024-10-03,0,Thursday
18,2024-10-03,2024-10-03 11:15:00,Sell,25500,CE,53.6,-10,18.4,2024-10-03 12:20:00,25491.5,,,,,,,,,,2024-10-03,0,Thursday
19,2024-10-03,2024-10-03 11:30:00,Sell,25450,CE,41.7,-10,14.45,2024-10-03 13:04:00,25421.1,,,,,,,,,,2024-10-03,0,Thursday
20,2024-10-03,2024-10-03 12:00:00,Sell,25400,CE,49.7,-10,17.05,2024-10-03 13:16:00,25398.15,,,,,,,,,,2024-10-03,0,Thursday
21,2024-10-03,2024-10-03 13:30:00,Sell,25350,CE,19.6,-10,6.8,2024-10-03 13:53:00,25313.65,,,,,,,,,,2024-10-03,0,Thursday
22,2024-10-03,2024-10-03 13:45:00,Sell,25300,CE,25.05,-10,8.05,2024-10-03 14:19:00,25283.85,,,,,,,,,,2024-10-03,0,Thursday
23,2024-10-03,2024-10-03 14:30:00,Sell,25250,CE,18.25,-10,6.1,2024-10-03 15:09:00,25244.45,,,,,,,,,,2024-10-03,0,Thursday
24,2024-10-04,2024-10-04 09:30:00,Sell,25150,CE,241.7,-10,84.3,2024-10-07 11:03:00,25150.0,2024-10-04,2024-10-04 15:15:00,Buy,25350.0,CE,60.05,10.0,39.65,2024-10-07 11:03:00,2024-10-10,4,Friday
25,2024-10-04,2024-10-04 09:30:00,Sell,25150,PE,164.55,-10,152.1,2024-10-10 15:25:00,25150.0,2024-10-04,2024-10-04 15:15:00,Buy,24550.0,PE,53.55,10.0,0.05,2024-10-10 15:25:00,2024-10-10,4,Friday
26,2024-10-04,2024-10-04 10:00:00,Sell,25200,PE,127.0,-10,201.1,2024-10-10 15:25:00,25279.3,2024-10-04,2024-10-04 15:15:00,Buy,24550.0,PE,53.55,10.0,0.05,2024-10-10 15:25:00,2024-10-10,4,Friday
27,2024-10-04,2024-10-04 10:00:00,Sell,25250,PE,144.0,-10,251.55,2024-10-10 15:25:00,25279.3,2024-10-04,2024-10-04 15:15:00,Buy,24550.0,PE,53.55,10.0,0.05,2024-10-10 15:25:00,2024-10-10,4,Friday
28,2024-10-04,2024-10-04 10:30:00,Sell,25200,CE,209.2,-10,73.1,2024-10-07 11:02:00,25199.1,2024-10-04,2024-10-04 15:15:00,Buy,25350.0,CE,60.05,10.0,41.05,2024-10-07 11:02:00,2024-10-10,4,Friday
29,2024-10-04,2024-10-04 10:45:00,Sell,25250,PE,146.35,-10,251.55,2024-10-10 15:25:00,25282.9,2024-10-04,2024-10-04 15:15:00,Buy,24550.0,PE,53.55,10.0,0.05,2024-10-10 15:25:00,2024-10-10,4,Friday
30,2024-10-04,2024-10-04 11:00:00,Sell,25300,PE,146.6,-10,301.1,2024-10-10 15:25:00,25338.85,2024-10-04,2024-10-04 15:15:00,Buy,24550.0,PE,53.55,10.0,0.05,2024-10-10 15:25:00,2024-10-10,4,Friday
31,2024-10-04,2024-10-04 12:00:00,Sell,25350,PE,141.5,-10,351.75,2024-10-10 15:25:00,25420.85,2024-10-04,2024-10-04 15:15:00,Buy,24550.0,PE,53.55,10.0,0.05,2024-10-10 15:25:00,2024-10-10,4,Friday
32,2024-10-04,2024-10-04 12:00:00,Sell,25400,PE,159.7,-10,401.6,2024-10-10 15:25:00,25420.85,2024-10-04,2024-10-04 15:15:00,Buy,24550.0,PE,53.55,10.0,0.05,2024-10-10 15:25:00,2024-10-10,4,Friday
33,2024-10-04,2024-10-04 12:15:00,Sell,25450,PE,163.55,-10,451.3,2024-10-10 15:25:00,25468.85,2024-10-04,2024-10-04 15:15:00,Buy,24550.0,PE,53.55,10.0,0.05,2024-10-10 15:25:00,2024-10-10,4,Friday
34,2024-10-04,2024-10-04 12:45:00,Sell,25400,CE,133.15,-10,46.1,2024-10-04 15:05:00,25202.95,,,,,,,,,,2024-10-10,4,Friday
35,2024-10-04,2024-10-04 12:45:00,Sell,25350,CE,156.0,-10,54.45,2024-10-07 10:32:00,25202.95,2024-10-04,2024-10-04 15:15:00,Buy,25350.0,CE,60.05,10.0,54.45,2024-10-07 10:32:00,2024-10-10,4,Friday
36,2024-10-04,2024-10-04 12:45:00,Sell,25300,CE,180.05,-10,60.5,2024-10-07 10:40:00,25202.95,2024-10-04,2024-10-04 15:15:00,Buy,25350.0,CE,60.05,10.0,49.3,2024-10-07 10:40:00,2024-10-10,4,Friday
37,2024-10-04,2024-10-04 12:45:00,Sell,25250,CE,207.1,-10,66.75,2024-10-07 10:46:00,25202.95,2024-10-04,2024-10-04 15:15:00,Buy,25350.0,CE,60.05,10.0,44.45,2024-10-07 10:46:00,2024-10-10,4,Friday
38,2024-10-04,2024-10-04 13:00:00,Sell,25200,CE,197.1,-10,67.45,2024-10-07 11:04:00,25117.25,2024-10-04,2024-10-04 15:15:00,Buy,25350.0,CE,60.05,10.0,37.9,2024-10-07 11:04:00,2024-10-10,4,Friday
39,2024-10-04,2024-10-04 13:00:00,Sell,25150,CE,225.9,-10,77.4,2024-10-07 11:05:00,25117.25,2024-10-04,2024-10-04 15:15:00,Buy,25350.0,CE,60.05,10.0,36.4,2024-10-07 11:05:00,2024-10-10,4,Friday
40,2024-10-04,2024-10-04 13:30:00,Sell,25100,CE,236.1,-10,81.2,2024-10-07 13:02:00,25096.75,2024-10-04,2024-10-04 15:15:00,Buy,25350.0,CE,60.05,10.0,32.75,2024-10-07 13:02:00,2024-10-10,4,Friday
41,2024-10-04,2024-10-04 14:00:00,Sell,25050,CE,220.3,-10,76.15,2024-10-07 14:30:00,25046.15,2024-10-04,2024-10-04 15:15:00,Buy,25350.0,CE,60.05,10.0,26.1,2024-10-07 14:30:00,2024-10-10,4,Friday
42,2024-10-04,2024-10-04 14:45:00,Sell,25000,CE,205.4,-10,67.0,2024-10-09 15:01:00,24993.95,2024-10-04,2024-10-04 15:15:00,Buy,25350.0,CE,60.05,10.0,38.0,2024-10-09 15:01:00,2024-10-10,4,Friday
43,2024-10-07,2024-10-07 09:30:00,Sell,25050,PE,141.0,-10,49.05,2024-10-09 10:51:00,25078.35,2024-10-07,2024-10-07 15:15:00,Buy,24400.0,PE,56.8,10.0,3.8,2024-10-09 10:51:00,2024-10-10,3,Monday
44,2024-10-07,2024-10-07 10:45:00,Sell,25000,CE,186.25,-10,60.75,2024-10-09 15:03:00,24971.4,2024-10-07,2024-10-07 15:15:00,Buy,25150.0,CE,53.8,10.0,23.0,2024-10-09 15:03:00,2024-10-10,3,Monday
45,2024-10-07,2024-10-07 11:00:00,Sell,24950,CE,180.3,-10,60.15,2024-10-10 11:34:00,24896.1,2024-10-07,2024-10-07 15:15:00,Buy,25150.0,CE,53.8,10.0,8.4,2024-10-10 11:34:00,2024-10-10,3,Monday
46,2024-10-07,2024-10-07 11:00:00,Sell,24900,CE,209.25,-10,98.25,2024-10-10 15:25:00,24896.1,2024-10-07,2024-10-07 15:15:00,Buy,25150.0,CE,53.8,10.0,0.1,2024-10-10 15:25:00,2024-10-10,3,Monday
47,2024-10-07,2024-10-07 11:30:00,Sell,24950,PE,144.95,-10,44.4,2024-10-09 10:09:00,24979.55,2024-10-07,2024-10-07 15:15:00,Buy,24400.0,PE,56.8,10.0,6.05,2024-10-09 10:09:00,2024-10-10,3,Monday
48,2024-10-07,2024-10-07 12:45:00,Sell,24900,CE,193.8,-10,98.25,2024-10-10 15:25:00,24880.1,2024-10-07,2024-10-07 15:15:00,Buy,25150.0,CE,53.8,10.0,0.1,2024-10-10 15:25:00,2024-10-10,3,Monday
49,2024-10-07,2024-10-07 13:00:00,Sell,24850,CE,196.05,-10,148.35,2024-10-10 15:25:00,24822.0,2024-10-07,2024-10-07 15:15:00,Buy,25150.0,CE,53.8,10.0,0.1,2024-10-10 15:25:00,2024-10-10,3,Monday
50,2024-10-07,2024-10-07 13:15:00,Sell,24800,CE,213.45,-10,198.25,2024-10-10 15:25:00,24796.95,2024-10-07,2024-10-07 15:15:00,Buy,25150.0,CE,53.8,10.0,0.1,2024-10-10 15:25:00,2024-10-10,3,Monday
51,2024-10-07,2024-10-07 13:45:00,Sell,24750,CE,209.15,-10,248.05,2024-10-10 15:25:00,24730.5,2024-10-07,2024-10-07 15:15:00,Buy,25150.0,CE,53.8,10.0,0.1,2024-10-10 15:25:00,2024-10-10,3,Monday
52,2024-10-07,2024-10-07 14:45:00,Sell,24800,PE,175.6,-10,59.5,2024-10-08 13:49:00,24817.0,2024-10-07,2024-10-07 15:15:00,Buy,24400.0,PE,56.8,10.0,16.4,2024-10-08 13:49:00,2024-10-10,3,Monday
53,2024-10-08,2024-10-08 10:00:00,Sell,24850,PE,168.6,-10,55.8,2024-10-09 09:16:00,24856.2,2024-10-08,2024-10-08 15:15:00,Buy,24650.0,PE,41.5,10.0,24.0,2024-10-09 09:16:00,2024-10-10,2,Tuesday
54,2024-10-08,2024-10-08 10:45:00,Sell,24900,PE,152.25,-10,46.6,2024-10-09 10:07:00,24921.65,2024-10-08,2024-10-08 15:15:00,Buy,24650.0,PE,41.5,10.0,24.45,2024-10-09 10:07:00,2024-10-10,2,Tuesday
55,2024-10-08,2024-10-08 11:30:00,Sell,24950,PE,133.5,-10,44.4,2024-10-09 10:09:00,24972.45,2024-10-08,2024-10-08 15:15:00,Buy,24650.0,PE,41.5,10.0,24.45,2024-10-09 10:09:00,2024-10-10,2,Tuesday
56,2024-10-08,2024-10-08 14:00:00,Sell,25000,PE,130.2,-10,45.3,2024-10-09 10:38:00,25007.4,2024-10-08,2024-10-08 15:15:00,Buy,24650.0,PE,41.5,10.0,24.45,2024-10-09 10:38:00,2024-10-10,2,Tuesday
57,2024-10-09,2024-10-09 09:30:00,Sell,25050,PE,141.25,-10,49.05,2024-10-09 10:51:00,25055.6,,,,,,,,,,2024-10-10,1,Wednesday
58,2024-10-09,2024-10-09 10:15:00,Sell,25100,PE,76.0,-10,101.65,2024-10-10 15:25:00,25170.5,2024-10-09,2024-10-09 15:15:00,Buy,24750.0,PE,23.45,10.0,0.05,2024-10-10 15:25:00,2024-10-10,1,Wednesday
59,2024-10-09,2024-10-09 10:15:00,Sell,25150,PE,95.25,-10,152.1,2024-10-10 15:25:00,25170.5,2024-10-09,2024-10-09 15:15:00,Buy,24750.0,PE,23.45,10.0,0.05,2024-10-10 15:25:00,2024-10-10,1,Wednesday
60,2024-10-09,2024-10-09 11:15:00,Sell,25200,PE,98.35,-10,201.1,2024-10-10 15:25:00,25214.9,2024-10-09,2024-10-09 15:15:00,Buy,24750.0,PE,23.45,10.0,0.05,2024-10-10 15:25:00,2024-10-10,1,Wednesday
61,2024-10-09,2024-10-09 12:00:00,Sell,25150,CE,82.55,-10,25.7,2024-10-09 15:01:00,25121.8,,,,,,,,,,2024-10-10,1,Wednesday
62,2024-10-09,2024-10-09 13:30:00,Sell,25100,CE,79.0,-10,27.1,2024-10-10 09:46:00,25074.2,2024-10-09,2024-10-09 15:15:00,Buy,25150.0,CE,23.25,10.0,19.25,2024-10-10 09:46:00,2024-10-10,1,Wednesday
63,2024-10-09,2024-10-09 14:30:00,Sell,25050,CE,71.8,-10,24.05,2024-10-10 11:14:00,25040.2,2024-10-09,2024-10-09 15:15:00,Buy,25150.0,CE,23.25,10.0,10.25,2024-10-10 11:14:00,2024-10-10,1,Wednesday
64,2024-10-09,2024-10-09 15:15:00,Sell,25000,CE,63.25,-10,21.85,2024-10-10 12:50:00,24971.6,2024-10-09,2024-10-09 15:15:00,Buy,25150.0,CE,23.25,10.0,4.05,2024-10-10 12:50:00,2024-10-10,1,Wednesday
65,2024-10-10,2024-10-10 10:00:00,Sell,25050,PE,49.95,-10,51.95,2024-10-10 15:25:00,25080.65,2024-10-10,2024-10-10 15:15:00,Buy,25000.0,PE,0.5,10.0,1.7,2024-10-10 15:25:00,2024-10-10,0,Thursday
66,2024-10-10,2024-10-10 10:15:00,Sell,25100,PE,52.6,-10,101.65,2024-10-10 15:25:00,25115.95,2024-10-10,2024-10-10 15:15:00,Buy,25000.0,PE,0.5,10.0,1.7,2024-10-10 15:25:00,2024-10-10,0,Thursday
67,2024-10-10,2024-10-10 11:15:00,Sell,25050,CE,23.25,-10,8.05,2024-10-10 13:35:00,25025.05,,,,,,,,,,2024-10-10,0,Thursday
68,2024-10-10,2024-10-10 15:00:00,Sell,25000,CE,5.35,-10,0.3,2024-10-10 15:16:00,24989.4,2024-10-10,2024-10-10 15:15:00,Buy,25000.0,CE,2.1,10.0,0.3,2024-10-10 15:16:00,2024-10-10,0,Thursday
69,2024-10-11,2024-10-11 09:30:00,Sell,25000,CE,167.95,-10,57.05,2024-10-16 11:31:00,25000.0,2024-10-11,2024-10-11 15:15:00,Buy,25200.0,CE,49.6,10.0,15.15,2024-10-16 11:31:00,2024-10-17,4,Friday
70,2024-10-11,2024-10-11 09:30:00,Sell,25000,PE,152.15,-10,53.0,2024-10-14 14:39:00,25000.0,2024-10-11,2024-10-11 15:15:00,Buy,24650.0,PE,47.0,10.0,10.4,2024-10-14 14:39:00,2024-10-17,4,Friday
71,2024-10-11,2024-10-11 11:30:00,Sell,24950,CE,148.0,-10,51.45,2024-10-17 09:26:00,24935.0,2024-10-11,2024-10-11 15:15:00,Buy,25200.0,CE,49.6,10.0,5.7,2024-10-17 09:26:00,2024-10-17,4,Friday
72,2024-10-14,2024-10-14 09:30:00,Sell,25000,PE,111.65,-10,37.0,2024-10-15 09:16:00,25041.05,2024-10-14,2024-10-14 15:15:00,Buy,24850.0,PE,30.9,10.0,16.45,2024-10-15 09:16:00,2024-10-17,3,Monday
73,2024-10-14,2024-10-14 09:45:00,Sell,25050,PE,98.5,-10,300.0,2024-10-17 15:25:00,25091.7,2024-10-14,2024-10-14 15:15:00,Buy,24850.0,PE,30.9,10.0,99.35,2024-10-17 15:25:00,2024-10-17,3,Monday
74,2024-10-14,2024-10-14 10:15:00,Sell,25100,PE,109.0,-10,349.55,2024-10-17 15:25:00,25100.4,2024-10-14,2024-10-14 15:15:00,Buy,24850.0,PE,30.9,10.0,99.35,2024-10-17 15:25:00,2024-10-17,3,Monday
75,2024-10-14,2024-10-14 12:15:00,Sell,25150,PE,108.1,-10,399.25,2024-10-17 15:25:00,25154.85,2024-10-14,2024-10-14 15:15:00,Buy,24850.0,PE,30.9,10.0,99.35,2024-10-17 15:25:00,2024-10-17,3,Monday
76,2024-10-15,2024-10-15 10:00:00,Sell,25100,CE,103.6,-10,35.45,2024-10-16 11:19:00,25088.15,2024-10-15,2024-10-15 15:15:00,Buy,25200.0,CE,33.8,10.0,17.9,2024-10-16 11:19:00,2024-10-17,2,Tuesday
77,2024-10-15,2024-10-15 10:30:00,Sell,25050,CE,99.05,-10,34.55,2024-10-16 15:25:00,25033.8,2024-10-15,2024-10-15 15:15:00,Buy,25200.0,CE,33.8,10.0,20.05,2024-10-16 15:25:00,2024-10-17,2,Tuesday
78,2024-10-16,2024-10-16 11:30:00,Sell,25000,CE,59.15,-10,20.4,2024-10-17 09:35:00,24958.75,2024-10-16,2024-10-16 15:15:00,Buy,25150.0,CE,15.95,10.0,6.05,2024-10-17 09:35:00,2024-10-17,1,Wednesday
79,2024-10-16,2024-10-16 11:45:00,Sell,24950,CE,71.5,-10,24.35,2024-10-17 09:40:00,24937.05,2024-10-16,2024-10-16 15:15:00,Buy,25150.0,CE,15.95,10.0,4.95,2024-10-17 09:40:00,2024-10-17,1,Wednesday
80,2024-10-16,2024-10-16 14:15:00,Sell,25000,PE,60.15,-10,249.6,2024-10-17 15:25:00,25013.15,2024-10-16,2024-10-16 15:15:00,Buy,24850.0,PE,22.7,10.0,99.35,2024-10-17 15:25:00,2024-10-17,1,Wednesday
81,2024-10-16,2024-10-16 14:30:00,Sell,25050,PE,58.95,-10,300.0,2024-10-17 15:25:00,25050.6,2024-10-16,2024-10-16 15:15:00,Buy,24850.0,PE,22.7,10.0,99.35,2024-10-17 15:25:00,2024-10-17,1,Wednesday
82,2024-10-16,2024-10-16 15:00:00,Sell,25000,CE,78.25,-10,26.5,2024-10-17 09:29:00,24999.7,2024-10-16,2024-10-16 15:15:00,Buy,25150.0,CE,15.95,10.0,7.15,2024-10-17 09:29:00,2024-10-17,1,Wednesday
83,2024-10-17,2024-10-17 09:30:00,Sell,24950,CE,45.55,-10,15.35,2024-10-17 09:55:00,24940.2,,,,,,,,,,2024-10-17,0,Thursday
84,2024-10-17,2024-10-17 09:45:00,Sell,24900,CE,31.8,-10,10.6,2024-10-17 11:04:00,24850.2,,,,,,,,,,2024-10-17,0,Thursday
85,2024-10-17,2024-10-17 10:00:00,Sell,24850,CE,41.25,-10,13.8,2024-10-17 11:10:00,24836.35,,,,,,,,,,2024-10-17,0,Thursday
86,2024-10-17,2024-10-17 11:15:00,Sell,24800,CE,30.15,-10,9.85,2024-10-17 12:47:00,24790.95,,,,,,,,,,2024-10-17,0,Thursday
87,2024-10-17,2024-10-17 14:00:00,Sell,24750,CE,19.65,-10,6.25,2024-10-17 14:43:00,24747.8,,,,,,,,,,2024-10-17,0,Thursday
88,2024-10-18,2024-10-18 09:30:00,Sell,24550,CE,208.55,-10,63.95,2024-10-23 09:15:00,24550.0,2024-10-18,2024-10-18 15:15:00,Buy,25100.0,CE,43.85,10.0,4.9,2024-10-23 09:15:00,2024-10-24,4,Friday
89,2024-10-18,2024-10-18 09:30:00,Sell,24550,PE,148.6,-10,51.95,2024-10-18 12:09:00,24550.0,,,,,,,,,,2024-10-24,4,Friday
90,2024-10-18,2024-10-18 09:45:00,Sell,24600,PE,130.35,-10,45.5,2024-10-18 14:30:00,24654.35,,,,,,,,,,2024-10-24,4,Friday
91,2024-10-18,2024-10-18 09:45:00,Sell,24650,PE,150.4,-10,51.05,2024-10-18 14:32:00,24654.35,,,,,,,,,,2024-10-24,4,Friday
92,2024-10-18,2024-10-18 10:45:00,Sell,24700,PE,123.2,-10,42.8,2024-10-21 09:16:00,24729.25,2024-10-18,2024-10-18 15:15:00,Buy,24550.0,PE,43.4,10.0,23.35,2024-10-21 09:16:00,2024-10-24,4,Friday
93,2024-10-18,2024-10-18 11:45:00,Sell,24750,PE,111.8,-10,350.0,2024-10-24 15:25:00,24783.5,2024-10-18,2024-10-18 15:15:00,Buy,24550.0,PE,43.4,10.0,149.8,2024-10-24 15:25:00,2024-10-24,4,Friday
94,2024-10-18,2024-10-18 12:30:00,Sell,24800,PE,105.95,-10,400.0,2024-10-24 15:25:00,24840.0,2024-10-18,2024-10-18 15:15:00,Buy,24550.0,PE,43.4,10.0,149.8,2024-10-24 15:25:00,2024-10-24,4,Friday
95,2024-10-18,2024-10-18 12:45:00,Sell,24850,PE,121.2,-10,450.85,2024-10-24 15:25:00,24851.05,2024-10-18,2024-10-18 15:15:00,Buy,24550.0,PE,43.4,10.0,149.8,2024-10-24 15:25:00,2024-10-24,4,Friday
96,2024-10-21,2024-10-21 09:45:00,Sell,24800,CE,114.05,-10,39.4,2024-10-22 13:37:00,24773.95,2024-10-21,2024-10-21 15:15:00,Buy,25000.0,CE,34.05,10.0,12.85,2024-10-22 13:37:00,2024-10-24,3,Monday
97,2024-10-21,2024-10-21 10:00:00,Sell,24750,CE,125.15,-10,41.9,2024-10-22 14:45:00,24743.6,2024-10-21,2024-10-21 15:15:00,Buy,25000.0,CE,34.05,10.0,10.5,2024-10-22 14:45:00,2024-10-24,3,Monday
98,2024-10-21,2024-10-21 10:15:00,Sell,24800,PE,129.2,-10,400.0,2024-10-24 15:25:00,24806.1,2024-10-21,2024-10-21 15:15:00,Buy,24500.0,PE,36.1,10.0,99.7,2024-10-24 15:25:00,2024-10-24,3,Monday
99,2024-10-21,2024-10-21 12:00:00,Sell,24750,CE,110.2,-10,38.2,2024-10-22 14:54:00,24742.55,2024-10-21,2024-10-21 15:15:00,Buy,25000.0,CE,34.05,10.0,10.0,2024-10-22 14:54:00,2024-10-24,3,Monday
100,2024-10-21,2024-10-21 14:00:00,Sell,24800,PE,104.35,-10,400.0,2024-10-24 15:25:00,24854.95,2024-10-21,2024-10-21 15:15:00,Buy,24500.0,PE,36.1,10.0,99.7,2024-10-24 15:25:00,2024-10-24,3,Monday
101,2024-10-21,2024-10-21 14:00:00,Sell,24850,PE,127.85,-10,450.85,2024-10-24 15:25:00,24854.95,2024-10-21,2024-10-21 15:15:00,Buy,24500.0,PE,36.1,10.0,99.7,2024-10-24 15:25:00,2024-10-24,3,Monday
102,2024-10-21,2024-10-21 15:15:00,Sell,24800,CE,96.5,-10,33.5,2024-10-22 14:28:00,24790.9,2024-10-21,2024-10-21 15:15:00,Buy,25000.0,CE,34.05,10.0,11.15,2024-10-22 14:28:00,2024-10-24,3,Monday
103,2024-10-22,2024-10-22 09:45:00,Sell,24850,PE,104.1,-10,450.85,2024-10-24 15:25:00,24850.15,2024-10-22,2024-10-22 15:15:00,Buy,24200.0,PE,35.55,10.0,0.05,2024-10-24 15:25:00,2024-10-24,2,Tuesday
104,2024-10-22,2024-10-22 10:15:00,Sell,24800,CE,86.4,-10,29.3,2024-10-22 14:54:00,24757.05,,,,,,,,,,2024-10-24,2,Tuesday
105,2024-10-22,2024-10-22 10:30:00,Sell,24750,CE,74.95,-10,25.45,2024-10-23 09:16:00,24637.8,2024-10-22,2024-10-22 15:15:00,Buy,24700.0,CE,34.9,10.0,33.45,2024-10-23 09:16:00,2024-10-24,2,Tuesday
106,2024-10-22,2024-10-22 10:30:00,Sell,24700,CE,94.25,-10,32.6,2024-10-23 09:17:00,24637.8,2024-10-22,2024-10-22 15:15:00,Buy,24700.0,CE,34.9,10.0,32.6,2024-10-23 09:17:00,2024-10-24,2,Tuesday
107,2024-10-22,2024-10-22 10:30:00,Sell,24650,CE,117.6,-10,35.7,2024-10-23 09:40:00,24637.8,2024-10-22,2024-10-22 15:15:00,Buy,24700.0,CE,34.9,10.0,27.1,2024-10-23 09:40:00,2024-10-24,2,Tuesday
108,2024-10-22,2024-10-22 11:00:00,Sell,24700,PE,99.85,-10,299.8,2024-10-24 15:25:00,24718.65,2024-10-22,2024-10-22 15:15:00,Buy,24200.0,PE,35.55,10.0,0.05,2024-10-24 15:25:00,2024-10-24,2,Tuesday
109,2024-10-22,2024-10-22 11:45:00,Sell,24650,CE,129.85,-10,45.0,2024-10-23 09:15:00,24647.1,2024-10-22,2024-10-22 15:15:00,Buy,24700.0,CE,34.9,10.0,33.0,2024-10-23 09:15:00,2024-10-24,2,Tuesday
110,2024-10-22,2024-10-22 13:30:00,Sell,24600,CE,116.7,-10,39.5,2024-10-23 14:11:00,24586.45,2024-10-22,2024-10-22 15:15:00,Buy,24700.0,CE,34.9,10.0,15.6,2024-10-23 14:11:00,2024-10-24,2,Tuesday
111,2024-10-22,2024-10-22 15:00:00,Sell,24550,CE,105.6,-10,33.6,2024-10-23 14:24:00,24517.4,2024-10-22,2024-10-22 15:15:00,Buy,24700.0,CE,34.9,10.0,9.2,2024-10-23 14:24:00,2024-10-24,2,Tuesday
112,2024-10-22,2024-10-22 15:15:00,Sell,24500,CE,99.75,-10,33.1,2024-10-24 09:26:00,24448.1,2024-10-22,2024-10-22 15:15:00,Buy,24700.0,CE,34.9,10.0,5.15,2024-10-24 09:26:00,2024-10-24,2,Tuesday
113,2024-10-22,2024-10-22 15:15:00,Sell,24450,CE,124.0,-10,37.3,2024-10-24 09:29:00,24448.1,2024-10-22,2024-10-22 15:15:00,Buy,24700.0,CE,34.9,10.0,4.4,2024-10-24 09:29:00,2024-10-24,2,Tuesday
114,2024-10-23,2024-10-23 10:00:00,Sell,24500,PE,105.2,-10,99.7,2024-10-24 15:25:00,24501.05,2024-10-23,2024-10-23 15:15:00,Buy,24250.0,PE,25.5,10.0,0.05,2024-10-24 15:25:00,2024-10-24,1,Wednesday
115,2024-10-23,2024-10-23 11:15:00,Sell,24550,PE,89.6,-10,149.8,2024-10-24 15:25:00,24557.25,2024-10-23,2024-10-23 15:15:00,Buy,24250.0,PE,25.5,10.0,0.05,2024-10-24 15:25:00,2024-10-24,1,Wednesday
116,2024-10-23,2024-10-23 14:15:00,Sell,24500,CE,74.4,-10,24.25,2024-10-24 09:29:00,24487.05,2024-10-23,2024-10-23 15:15:00,Buy,24550.0,CE,28.85,10.0,15.5,2024-10-24 09:29:00,2024-10-24,1,Wednesday
117,2024-10-23,2024-10-23 14:45:00,Sell,24450,CE,67.3,-10,22.75,2024-10-24 09:39:00,24428.65,2024-10-23,2024-10-23 15:15:00,Buy,24550.0,CE,28.85,10.0,10.15,2024-10-24 09:39:00,2024-10-24,1,Wednesday
118,2024-10-24,2024-10-24 09:45:00,Sell,24400,CE,31.75,-10,11.0,2024-10-24 13:36:00,24362.15,,,,,,,,,,2024-10-24,0,Thursday
119,2024-10-25,2024-10-25 09:30:00,Sell,24450,CE,147.25,-10,50.8,2024-10-25 11:51:00,24450.0,,,,,,,,,,2024-10-31,4,Friday
120,2024-10-25,2024-10-25 09:30:00,Sell,24450,PE,156.5,-10,51.65,2024-10-30 13:07:00,24450.0,2024-10-25,2024-10-25 15:15:00,Buy,23800.0,PE,44.45,10.0,2.35,2024-10-30 13:07:00,2024-10-31,4,Friday
121,2024-10-25,2024-10-25 09:45:00,Sell,24400,CE,134.5,-10,45.6,2024-10-25 14:18:00,24333.1,,,,,,,,,,2024-10-31,4,Friday
122,2024-10-25,2024-10-25 09:45:00,Sell,24350,CE,159.45,-10,55.2,2024-10-25 14:22:00,24333.1,,,,,,,,,,2024-10-31,4,Friday
123,2024-10-25,2024-10-25 10:00:00,Sell,24300,CE,145.0,-10,43.15,2024-10-31 09:29:00,24252.0,2024-10-25,2024-10-25 15:15:00,Buy,24450.0,CE,50.2,10.0,10.75,2024-10-31 09:29:00,2024-10-31,4,Friday
124,2024-10-25,2024-10-25 10:15:00,Sell,24250,CE,162.3,-10,50.85,2024-10-31 09:38:00,24237.8,2024-10-25,2024-10-25 15:15:00,Buy,24450.0,CE,50.2,10.0,8.7,2024-10-31 09:38:00,2024-10-31,4,Friday
125,2024-10-25,2024-10-25 10:45:00,Sell,24200,CE,161.4,-10,55.55,2024-10-31 11:11:00,24189.15,2024-10-25,2024-10-25 15:15:00,Buy,24450.0,CE,50.2,10.0,3.8,2024-10-31 11:11:00,2024-10-31,4,Friday
126,2024-10-25,2024-10-25 11:30:00,Sell,24150,CE,172.8,-10,57.45,2024-10-31 12:42:00,24147.9,2024-10-25,2024-10-25 15:15:00,Buy,24450.0,CE,50.2,10.0,2.05,2024-10-31 12:42:00,2024-10-31,4,Friday
127,2024-10-25,2024-10-25 14:30:00,Sell,24100,CE,152.55,-10,104.5,2024-10-31 15:25:00,24085.5,2024-10-25,2024-10-25 15:15:00,Buy,24450.0,CE,50.2,10.0,0.05,2024-10-31 15:25:00,2024-10-31,4,Friday
128,2024-10-25,2024-10-25 15:15:00,Sell,24150,PE,137.05,-10,45.5,2024-10-28 10:37:00,24173.15,2024-10-25,2024-10-25 15:15:00,Buy,23800.0,PE,44.45,10.0,13.25,2024-10-28 10:37:00,2024-10-31,4,Friday
129,2024-10-28,2024-10-28 09:30:00,Sell,24200,PE,130.0,-10,40.35,2024-10-28 12:14:00,24215.75,,,,,,,,,,2024-10-31,3,Monday
130,2024-10-28,2024-10-28 09:45:00,Sell,24150,CE,159.25,-10,55.2,2024-10-31 12:46:00,24147.9,2024-10-28,2024-10-28 15:15:00,Buy,24550.0,CE,38.05,10.0,1.35,2024-10-31 12:46:00,2024-10-31,3,Monday
131,2024-10-28,2024-10-28 10:00:00,Sell,24200,PE,92.0,-10,30.4,2024-10-29 14:10:00,24288.9,2024-10-28,2024-10-28 15:15:00,Buy,24050.0,PE,30.7,10.0,15.4,2024-10-29 14:10:00,2024-10-31,3,Monday
132,2024-10-28,2024-10-28 10:00:00,Sell,24250,PE,110.15,-10,38.4,2024-10-29 14:13:00,24288.9,2024-10-28,2024-10-28 15:15:00,Buy,24050.0,PE,30.7,10.0,15.7,2024-10-29 14:13:00,2024-10-31,3,Monday
133,2024-10-28,2024-10-28 10:30:00,Sell,24300,PE,92.2,-10,30.55,2024-10-29 15:07:00,24376.95,2024-10-28,2024-10-28 15:15:00,Buy,24050.0,PE,30.7,10.0,10.85,2024-10-29 15:07:00,2024-10-31,3,Monday
134,2024-10-28,2024-10-28 10:30:00,Sell,24350,PE,111.55,-10,38.75,2024-10-29 15:08:00,24376.95,2024-10-28,2024-10-28 15:15:00,Buy,24050.0,PE,30.7,10.0,10.6,2024-10-29 15:08:00,2024-10-31,3,Monday
135,2024-10-28,2024-10-28 10:45:00,Sell,24400,PE,118.25,-10,38.3,2024-10-30 13:07:00,24420.2,2024-10-28,2024-10-28 15:15:00,Buy,24050.0,PE,30.7,10.0,4.45,2024-10-30 13:07:00,2024-10-31,3,Monday
136,2024-10-28,2024-10-28 12:15:00,Sell,24450,PE,108.9,-10,245.95,2024-10-31 15:25:00,24480.5,2024-10-28,2024-10-28 15:15:00,Buy,24050.0,PE,30.7,10.0,0.05,2024-10-31 15:25:00,2024-10-31,3,Monday
137,2024-10-28,2024-10-28 14:15:00,Sell,24400,CE,109.7,-10,37.1,2024-10-29 10:48:00,24382.4,2024-10-28,2024-10-28 15:15:00,Buy,24550.0,CE,38.05,10.0,14.25,2024-10-29 10:48:00,2024-10-31,3,Monday
138,2024-10-28,2024-10-28 15:15:00,Sell,24350,CE,117.3,-10,37.0,2024-10-31 09:26:00,24344.4,2024-10-28,2024-10-28 15:15:00,Buy,24550.0,CE,38.05,10.0,7.0,2024-10-31 09:26:00,2024-10-31,3,Monday
139,2024-10-29,2024-10-29 09:30:00,Sell,24300,CE,105.8,-10,34.1,2024-10-31 09:32:00,24261.05,2024-10-29,2024-10-29 15:15:00,Buy,24650.0,CE,26.7,10.0,2.15,2024-10-31 09:32:00,2024-10-31,2,Tuesday
140,2024-10-29,2024-10-29 09:45:00,Sell,24250,CE,117.0,-10,39.15,2024-10-31 10:31:00,24217.0,2024-10-29,2024-10-29 15:15:00,Buy,24650.0,CE,26.7,10.0,1.4,2024-10-31 10:31:00,2024-10-31,2,Tuesday
141,2024-10-29,2024-10-29 10:45:00,Sell,24200,CE,116.4,-10,40.35,2024-10-31 12:16:00,24170.5,2024-10-29,2024-10-29 15:15:00,Buy,24650.0,CE,26.7,10.0,1.3,2024-10-31 12:16:00,2024-10-31,2,Tuesday
142,2024-10-29,2024-10-29 12:15:00,Sell,24250,PE,82.6,-10,28.75,2024-10-29 14:56:00,24293.6,,,,,,,,,,2024-10-31,2,Tuesday
143,2024-10-29,2024-10-29 12:45:00,Sell,24300,PE,100.9,-10,35.05,2024-10-29 14:58:00,24303.9,,,,,,,,,,2024-10-31,2,Tuesday
144,2024-10-29,2024-10-29 14:15:00,Sell,24350,PE,60.2,-10,145.15,2024-10-31 15:25:00,24417.0,2024-10-29,2024-10-29 15:15:00,Buy,24250.0,PE,25.75,10.0,32.55,2024-10-31 15:25:00,2024-10-31,2,Tuesday
145,2024-10-29,2024-10-29 14:15:00,Sell,24400,PE,77.2,-10,195.95,2024-10-31 15:25:00,24417.0,2024-10-29,2024-10-29 15:15:00,Buy,24250.0,PE,25.75,10.0,32.55,2024-10-31 15:25:00,2024-10-31,2,Tuesday
146,2024-10-29,2024-10-29 15:15:00,Sell,24450,PE,73.95,-10,245.95,2024-10-31 15:25:00,24473.95,2024-10-29,2024-10-29 15:15:00,Buy,24250.0,PE,25.75,10.0,32.55,2024-10-31 15:25:00,2024-10-31,2,Tuesday
147,2024-10-30,2024-10-30 09:30:00,Sell,24400,CE,93.95,-10,32.0,2024-10-31 09:16:00,24383.8,2024-10-30,2024-10-30 15:15:00,Buy,24500.0,CE,22.85,10.0,14.35,2024-10-31 09:16:00,2024-10-31,1,Wednesday
148,2024-10-30,2024-10-30 11:45:00,Sell,24450,PE,71.05,-10,245.95,2024-10-31 15:25:00,24450.4,2024-10-30,2024-10-30 15:15:00,Buy,24200.0,PE,23.6,10.0,0.05,2024-10-31 15:25:00,2024-10-31,1,Wednesday
149,2024-10-30,2024-10-30 13:30:00,Sell,24400,CE,82.75,-10,28.6,2024-10-31 09:24:00,24385.1,2024-10-30,2024-10-30 15:15:00,Buy,24500.0,CE,22.85,10.0,12.75,2024-10-31 09:24:00,2024-10-31,1,Wednesday
150,2024-10-30,2024-10-30 14:15:00,Sell,24350,CE,75.25,-10,25.95,2024-10-31 09:29:00,24324.1,2024-10-30,2024-10-30 15:15:00,Buy,24500.0,CE,22.85,10.0,7.6,2024-10-31 09:29:00,2024-10-31,1,Wednesday
151,2024-10-31,2024-10-31 09:30:00,Sell,24300,CE,43.75,-10,14.5,2024-10-31 10:45:00,24272.0,,,,,,,,,,2024-10-31,0,Thursday
152,2024-10-31,2024-10-31 11:45:00,Sell,24250,CE,18.1,-10,6.05,2024-10-31 12:50:00,24246.5,,,,,,,,,,2024-10-31,0,Thursday
153,2024-10-31,2024-10-31 14:15:00,Sell,24200,CE,12.5,-10,3.9,2024-10-31 15:01:00,24186.5,,,,,,,,,,2024-10-31,0,Thursday
154,2024-11-04,2024-11-04 09:30:00,Sell,24150,CE,179.9,-10,61.75,2024-11-07 11:20:00,24073.6,2024-11-04,2024-11-04 15:15:00,Buy,24350.0,CE,62.95,10.0,8.25,2024-11-07 11:20:00,2024-11-07,3,Monday
155,2024-11-04,2024-11-04 09:30:00,Sell,24100,CE,205.0,-10,99.0,2024-11-07 15:25:00,24073.6,2024-11-04,2024-11-04 15:15:00,Buy,24350.0,CE,62.95,10.0,0.1,2024-11-07 15:25:00,2024-11-07,3,Monday
156,2024-11-04,2024-11-04 10:15:00,Sell,24050,CE,171.3,-10,149.0,2024-11-07 15:25:00,23971.95,2024-11-04,2024-11-04 15:15:00,Buy,24350.0,CE,62.95,10.0,0.1,2024-11-07 15:25:00,2024-11-07,3,Monday
157,2024-11-04,2024-11-04 10:15:00,Sell,24000,CE,196.0,-10,198.8,2024-11-07 15:25:00,23971.95,2024-11-04,2024-11-04 15:15:00,Buy,24350.0,CE,62.95,10.0,0.1,2024-11-07 15:25:00,2024-11-07,3,Monday
158,2024-11-04,2024-11-04 10:30:00,Sell,23950,CE,200.75,-10,248.95,2024-11-07 15:25:00,23934.5,2024-11-04,2024-11-04 15:15:00,Buy,24350.0,CE,62.95,10.0,0.1,2024-11-07 15:25:00,2024-11-07,3,Monday
159,2024-11-04,2024-11-04 11:00:00,Sell,23900,CE,197.2,-10,298.7,2024-11-07 15:25:00,23885.15,2024-11-04,2024-11-04 15:15:00,Buy,24350.0,CE,62.95,10.0,0.1,2024-11-07 15:25:00,2024-11-07,3,Monday
160,2024-11-04,2024-11-04 11:15:00,Sell,23850,CE,208.65,-10,348.7,2024-11-07 15:25:00,23846.9,2024-11-04,2024-11-04 15:15:00,Buy,24350.0,CE,62.95,10.0,0.1,2024-11-07 15:25:00,2024-11-07,3,Monday
161,2024-11-04,2024-11-04 12:15:00,Sell,23900,PE,213.7,-10,73.95,2024-11-05 14:18:00,23920.1,2024-11-04,2024-11-04 15:15:00,Buy,23600.0,PE,62.45,10.0,24.9,2024-11-05 14:18:00,2024-11-07,3,Monday
162,2024-11-04,2024-11-04 14:45:00,Sell,23950,PE,206.45,-10,50.0,2024-11-06 09:15:00,23953.4,2024-11-04,2024-11-04 15:15:00,Buy,23600.0,PE,62.45,10.0,8.35,2024-11-06 09:15:00,2024-11-07,3,Monday
163,2024-11-05,2024-11-05 10:30:00,Sell,24000,PE,162.35,-10,56.75,2024-11-06 09:16:00,24022.95,2024-11-05,2024-11-05 15:15:00,Buy,23800.0,PE,50.05,10.0,24.05,2024-11-06 09:16:00,2024-11-07,2,Tuesday
164,2024-11-05,2024-11-05 11:30:00,Sell,23950,CE,179.85,-10,248.95,2024-11-07 15:25:00,23931.6,2024-11-05,2024-11-05 15:15:00,Buy,24450.0,CE,52.0,10.0,0.1,2024-11-07 15:25:00,2024-11-07,2,Tuesday
165,2024-11-05,2024-11-05 11:45:00,Sell,23900,CE,181.35,-10,298.7,2024-11-07 15:25:00,23866.5,2024-11-05,2024-11-05 15:15:00,Buy,24450.0,CE,52.0,10.0,0.1,2024-11-07 15:25:00,2024-11-07,2,Tuesday
166,2024-11-05,2024-11-05 13:30:00,Sell,23950,PE,125.6,-10,42.35,2024-11-06 09:19:00,24053.2,2024-11-05,2024-11-05 15:15:00,Buy,23800.0,PE,50.05,10.0,22.55,2024-11-06 09:19:00,2024-11-07,2,Tuesday
167,2024-11-05,2024-11-05 13:30:00,Sell,24000,PE,145.15,-10,47.95,2024-11-06 09:20:00,24053.2,2024-11-05,2024-11-05 15:15:00,Buy,23800.0,PE,50.05,10.0,18.9,2024-11-06 09:20:00,2024-11-07,2,Tuesday
168,2024-11-05,2024-11-05 13:30:00,Sell,24050,PE,170.9,-10,58.75,2024-11-06 09:20:00,24053.2,2024-11-05,2024-11-05 15:15:00,Buy,23800.0,PE,50.05,10.0,18.9,2024-11-06 09:20:00,2024-11-07,2,Tuesday
169,2024-11-05,2024-11-05 14:00:00,Sell,24100,PE,166.55,-10,56.85,2024-11-06 09:26:00,24125.8,2024-11-05,2024-11-05 15:15:00,Buy,23800.0,PE,50.05,10.0,14.1,2024-11-06 09:26:00,2024-11-07,2,Tuesday
170,2024-11-05,2024-11-05 14:15:00,Sell,24150,PE,174.25,-10,59.75,2024-11-06 09:28:00,24165.45,2024-11-05,2024-11-05 15:15:00,Buy,23800.0,PE,50.05,10.0,12.3,2024-11-06 09:28:00,2024-11-07,2,Tuesday
171,2024-11-05,2024-11-05 14:45:00,Sell,24200,PE,172.95,-10,57.8,2024-11-06 09:30:00,24200.75,2024-11-05,2024-11-05 15:15:00,Buy,23800.0,PE,50.05,10.0,9.85,2024-11-06 09:30:00,2024-11-07,2,Tuesday
172,2024-11-06,2024-11-06 09:30:00,Sell,24250,PE,73.95,-10,25.35,2024-11-06 13:06:00,24346.45,,,,,,,,,,2024-11-07,1,Wednesday
173,2024-11-06,2024-11-06 09:30:00,Sell,24300,PE,94.75,-10,31.3,2024-11-06 13:12:00,24346.45,,,,,,,,,,2024-11-07,1,Wednesday
174,2024-11-06,2024-11-06 10:00:00,Sell,24350,PE,112.7,-10,39.4,2024-11-06 13:39:00,24354.9,,,,,,,,,,2024-11-07,1,Wednesday
175,2024-11-06,2024-11-06 10:45:00,Sell,24300,CE,103.8,-10,34.55,2024-11-07 10:05:00,24298.45,2024-11-06,2024-11-06 15:15:00,Buy,24600.0,CE,31.75,10.0,4.55,2024-11-07 10:05:00,2024-11-07,1,Wednesday
176,2024-11-06,2024-11-06 11:00:00,Sell,24350,PE,115.95,-10,39.4,2024-11-06 13:39:00,24361.1,,,,,,,,,,2024-11-07,1,Wednesday
177,2024-11-06,2024-11-06 12:00:00,Sell,24400,PE,86.05,-10,200.7,2024-11-07 15:25:00,24436.85,2024-11-06,2024-11-06 15:15:00,Buy,24300.0,PE,29.2,10.0,100.9,2024-11-07 15:25:00,2024-11-07,1,Wednesday
178,2024-11-06,2024-11-06 13:15:00,Sell,24450,PE,90.65,-10,250.55,2024-11-07 15:25:00,24456.65,2024-11-06,2024-11-06 15:15:00,Buy,24300.0,PE,29.2,10.0,100.9,2024-11-07 15:25:00,2024-11-07,1,Wednesday
179,2024-11-06,2024-11-06 14:30:00,Sell,24500,PE,78.9,-10,301.4,2024-11-07 15:25:00,24521.15,2024-11-06,2024-11-06 15:15:00,Buy,24300.0,PE,29.2,10.0,100.9,2024-11-07 15:25:00,2024-11-07,1,Wednesday
180,2024-11-07,2024-11-07 09:30:00,Sell,24450,CE,31.25,-10,10.5,2024-11-07 10:12:00,24353.7,,,,,,,,,,2024-11-07,0,Thursday
181,2024-11-07,2024-11-07 09:30:00,Sell,24400,CE,44.6,-10,14.7,2024-11-07 10:12:00,24353.7,,,,,,,,,,2024-11-07,0,Thursday
182,2024-11-07,2024-11-07 10:00:00,Sell,24350,CE,38.0,-10,12.9,2024-11-07 10:28:00,24279.8,,,,,,,,,,2024-11-07,0,Thursday
183,2024-11-07,2024-11-07 10:00:00,Sell,24300,CE,54.3,-10,18.25,2024-11-07 10:28:00,24279.8,,,,,,,,,,2024-11-07,0,Thursday
184,2024-11-07,2024-11-07 10:15:00,Sell,24250,CE,41.7,-10,14.55,2024-11-07 11:58:00,24221.75,,,,,,,,,,2024-11-07,0,Thursday
185,2024-11-07,2024-11-07 10:30:00,Sell,24200,CE,40.7,-10,14.05,2024-11-07 13:28:00,24195.15,,,,,,,,,,2024-11-07,0,Thursday
186,2024-11-07,2024-11-07 11:00:00,Sell,24250,PE,43.05,-10,50.8,2024-11-07 15:25:00,24252.7,2024-11-07,2024-11-07 15:15:00,Buy,24200.0,PE,1.2,10.0,0.85,2024-11-07 15:25:00,2024-11-07,0,Thursday
187,2024-11-07,2024-11-07 12:15:00,Sell,24200,CE,22.1,-10,7.25,2024-11-07 14:22:00,24198.85,,,,,,,,,,2024-11-07,0,Thursday
188,2024-11-08,2024-11-08 09:30:00,Sell,24150,CE,195.4,-10,68.05,2024-11-12 12:46:00,24150.0,2024-11-08,2024-11-08 15:15:00,Buy,24400.0,CE,53.4,10.0,26.35,2024-11-12 12:46:00,2024-11-14,4,Friday
189,2024-11-08,2024-11-08 09:30:00,Sell,24150,PE,166.15,-10,58.05,2024-11-11 11:17:00,24150.0,2024-11-08,2024-11-08 15:15:00,Buy,23850.0,PE,46.65,10.0,15.75,2024-11-11 11:17:00,2024-11-14,4,Friday
190,2024-11-08,2024-11-08 10:15:00,Sell,24200,PE,151.05,-10,668.75,2024-11-14 15:25:00,24201.8,2024-11-08,2024-11-08 15:15:00,Buy,23850.0,PE,46.65,10.0,317.1,2024-11-14 15:25:00,2024-11-14,4,Friday
191,2024-11-08,2024-11-08 11:30:00,Sell,24150,CE,159.35,-10,52.1,2024-11-12 13:17:00,24145.9,2024-11-08,2024-11-08 15:15:00,Buy,24400.0,CE,53.4,10.0,26.35,2024-11-12 13:17:00,2024-11-14,4,Friday
192,2024-11-11,2024-11-11 09:30:00,Sell,24100,CE,131.95,-10,44.9,2024-11-12 15:00:00,24098.65,2024-11-11,2024-11-11 15:15:00,Buy,24400.0,CE,34.95,10.0,26.35,2024-11-12 15:00:00,2024-11-14,3,Monday
193,2024-11-11,2024-11-11 10:00:00,Sell,24150,PE,130.45,-10,619.0,2024-11-14 15:25:00,24158.9,2024-11-11,2024-11-11 15:15:00,Buy,23900.0,PE,31.9,10.0,367.45,2024-11-14 15:25:00,2024-11-14,3,Monday
194,2024-11-11,2024-11-11 10:30:00,Sell,24200,PE,111.85,-10,668.75,2024-11-14 15:25:00,24225.15,2024-11-11,2024-11-11 15:15:00,Buy,23900.0,PE,31.9,10.0,367.45,2024-11-14 15:25:00,2024-11-14,3,Monday
195,2024-11-11,2024-11-11 11:00:00,Sell,24250,PE,115.85,-10,718.55,2024-11-14 15:25:00,24265.3,2024-11-11,2024-11-11 15:15:00,Buy,23900.0,PE,31.9,10.0,367.45,2024-11-14 15:25:00,2024-11-14,3,Monday
196,2024-11-11,2024-11-11 11:15:00,Sell,24300,PE,114.5,-10,769.05,2024-11-14 15:25:00,24309.35,2024-11-11,2024-11-11 15:15:00,Buy,23900.0,PE,31.9,10.0,367.45,2024-11-14 15:25:00,2024-11-14,3,Monday
197,2024-11-11,2024-11-11 12:30:00,Sell,24250,CE,114.65,-10,38.95,2024-11-12 12:49:00,24228.3,2024-11-11,2024-11-11 15:15:00,Buy,24400.0,CE,34.95,10.0,26.35,2024-11-12 12:49:00,2024-11-14,3,Monday
198,2024-11-11,2024-11-11 13:45:00,Sell,24200,CE,98.15,-10,33.35,2024-11-12 13:34:00,24145.7,2024-11-11,2024-11-11 15:15:00,Buy,24400.0,CE,34.95,10.0,26.35,2024-11-12 13:34:00,2024-11-14,3,Monday
199,2024-11-11,2024-11-11 13:45:00,Sell,24150,CE,122.7,-10,40.65,2024-11-12 13:35:00,24145.7,2024-11-11,2024-11-11 15:15:00,Buy,24400.0,CE,34.95,10.0,26.35,2024-11-12 13:35:00,2024-11-14,3,Monday
200,2024-11-12,2024-11-12 10:00:00,Sell,24200,PE,92.45,-10,668.75,2024-11-14 15:25:00,24229.05,2024-11-12,2024-11-12 15:15:00,Buy,23650.0,PE,28.3,10.0,117.8,2024-11-14 15:25:00,2024-11-14,2,Tuesday
201,2024-11-12,2024-11-12 10:45:00,Sell,24150,CE,100.1,-10,34.1,2024-11-12 15:01:00,24132.7,,,,,,,,,,2024-11-14,2,Tuesday
202,2024-11-12,2024-11-12 12:45:00,Sell,24100,CE,89.75,-10,30.0,2024-11-13 09:15:00,24050.05,2024-11-12,2024-11-12 15:15:00,Buy,24150.0,CE,28.95,10.0,25.35,2024-11-13 09:15:00,2024-11-14,2,Tuesday
203,2024-11-12,2024-11-12 13:00:00,Sell,24050,CE,97.45,-10,33.55,2024-11-13 09:30:00,24006.9,2024-11-12,2024-11-12 15:15:00,Buy,24150.0,CE,28.95,10.0,20.55,2024-11-13 09:30:00,2024-11-14,2,Tuesday
204,2024-11-12,2024-11-12 13:15:00,Sell,24000,CE,114.9,-10,39.05,2024-11-13 09:43:00,23994.0,2024-11-12,2024-11-12 15:15:00,Buy,24150.0,CE,28.95,10.0,17.85,2024-11-13 09:43:00,2024-11-14,2,Tuesday
205,2024-11-12,2024-11-12 13:45:00,Sell,23950,CE,102.55,-10,35.35,2024-11-13 10:10:00,23927.2,2024-11-12,2024-11-12 15:15:00,Buy,24150.0,CE,28.95,10.0,13.45,2024-11-13 10:10:00,2024-11-14,2,Tuesday
206,2024-11-12,2024-11-12 15:15:00,Sell,23900,CE,98.4,-10,34.4,2024-11-13 11:32:00,23870.8,2024-11-12,2024-11-12 15:15:00,Buy,24150.0,CE,28.95,10.0,8.75,2024-11-13 11:32:00,2024-11-14,2,Tuesday
207,2024-11-13,2024-11-13 09:30:00,Sell,23850,CE,93.1,-10,32.1,2024-11-13 12:45:00,23800.4,,,,,,,,,,2024-11-14,1,Wednesday
208,2024-11-13,2024-11-13 09:45:00,Sell,23800,CE,101.75,-10,35.6,2024-11-13 13:10:00,23755.6,,,,,,,,,,2024-11-14,1,Wednesday
209,2024-11-13,2024-11-13 10:15:00,Sell,23750,CE,85.65,-10,27.05,2024-11-13 14:42:00,23694.55,,,,,,,,,,2024-11-14,1,Wednesday
210,2024-11-13,2024-11-13 10:15:00,Sell,23700,CE,110.3,-10,37.3,2024-11-13 14:42:00,23694.55,,,,,,,,,,2024-11-14,1,Wednesday
211,2024-11-13,2024-11-13 13:30:00,Sell,23650,CE,87.45,-10,28.4,2024-11-14 09:42:00,23640.25,2024-11-13,2024-11-13 15:15:00,Buy,23750.0,CE,23.6,10.0,14.75,2024-11-14 09:42:00,2024-11-14,1,Wednesday
212,2024-11-13,2024-11-13 14:30:00,Sell,23600,CE,92.95,-10,32.05,2024-11-14 10:37:00,23596.4,2024-11-13,2024-11-13 15:15:00,Buy,23750.0,CE,23.6,10.0,9.0,2024-11-14 10:37:00,2024-11-14,1,Wednesday
213,2024-11-13,2024-11-13 15:15:00,Sell,23550,CE,91.55,-10,29.25,2024-11-14 10:54:00,23543.8,2024-11-13,2024-11-13 15:15:00,Buy,23750.0,CE,23.6,10.0,5.0,2024-11-14 10:54:00,2024-11-14,1,Wednesday
214,2024-11-14,2024-11-14 10:15:00,Sell,23600,PE,47.85,-10,67.85,2024-11-14 15:25:00,23617.75,2024-11-14,2024-11-14 15:15:00,Buy,23550.0,PE,18.35,10.0,17.5,2024-11-14 15:25:00,2024-11-14,0,Thursday
215,2024-11-14,2024-11-14 11:15:00,Sell,23550,CE,14.1,-10,4.65,2024-11-14 14:13:00,23492.0,,,,,,,,,,2024-11-14,0,Thursday
216,2024-11-14,2024-11-14 11:15:00,Sell,23500,CE,28.15,-10,6.25,2024-11-14 15:07:00,23492.0,,,,,,,,,,2024-11-14,0,Thursday
217,2024-11-14,2024-11-14 12:15:00,Sell,23550,PE,28.25,-10,17.5,2024-11-14 15:25:00,23562.7,2024-11-14,2024-11-14 15:15:00,Buy,23550.0,PE,18.35,10.0,17.5,2024-11-14 15:25:00,2024-11-14,0,Thursday
218,2024-11-18,2024-11-18 09:30:00,Sell,23500,CE,129.4,-10,42.2,2024-11-21 09:17:00,23472.3,2024-11-18,2024-11-18 15:15:00,Buy,23700.0,CE,30.7,10.0,13.45,2024-11-21 09:17:00,2024-11-21,3,Monday
219,2024-11-18,2024-11-18 09:45:00,Sell,23450,CE,100.45,-10,33.75,2024-11-21 09:26:00,23366.7,2024-11-18,2024-11-18 15:15:00,Buy,23700.0,CE,30.7,10.0,6.4,2024-11-21 09:26:00,2024-11-21,3,Monday
220,2024-11-18,2024-11-18 09:45:00,Sell,23400,CE,123.1,-10,35.6,2024-11-21 09:32:00,23366.7,2024-11-18,2024-11-18 15:15:00,Buy,23700.0,CE,30.7,10.0,5.25,2024-11-21 09:32:00,2024-11-21,3,Monday
221,2024-11-18,2024-11-18 12:00:00,Sell,23450,PE,123.7,-10,43.25,2024-11-19 09:25:00,23453.25,2024-11-18,2024-11-18 15:15:00,Buy,23200.0,PE,34.55,10.0,12.65,2024-11-19 09:25:00,2024-11-21,3,Monday
222,2024-11-18,2024-11-18 12:30:00,Sell,23500,PE,102.1,-10,35.65,2024-11-19 09:45:00,23542.5,2024-11-18,2024-11-18 15:15:00,Buy,23200.0,PE,34.55,10.0,7.35,2024-11-19 09:45:00,2024-11-21,3,Monday
223,2024-11-18,2024-11-18 14:30:00,Sell,23450,CE,116.85,-10,36.8,2024-11-21 09:25:00,23443.2,2024-11-18,2024-11-18 15:15:00,Buy,23700.0,CE,30.7,10.0,7.25,2024-11-21 09:25:00,2024-11-21,3,Monday
224,2024-11-19,2024-11-19 09:30:00,Sell,23500,PE,49.0,-10,150.45,2024-11-21 15:25:00,23664.1,2024-11-19,2024-11-19 15:15:00,Buy,23150.0,PE,24.35,10.0,0.1,2024-11-21 15:25:00,2024-11-21,2,Tuesday
225,2024-11-19,2024-11-19 09:30:00,Sell,23550,PE,62.75,-10,199.95,2024-11-21 15:25:00,23664.1,2024-11-19,2024-11-19 15:15:00,Buy,23150.0,PE,24.35,10.0,0.1,2024-11-21 15:25:00,2024-11-21,2,Tuesday
226,2024-11-19,2024-11-19 09:30:00,Sell,23600,PE,79.7,-10,250.45,2024-11-21 15:25:00,23664.1,2024-11-19,2024-11-19 15:15:00,Buy,23150.0,PE,24.35,10.0,0.1,2024-11-21 15:25:00,2024-11-21,2,Tuesday
227,2024-11-19,2024-11-19 09:30:00,Sell,23650,PE,99.7,-10,300.25,2024-11-21 15:25:00,23664.1,2024-11-19,2024-11-19 15:15:00,Buy,23150.0,PE,24.35,10.0,0.1,2024-11-21 15:25:00,2024-11-21,2,Tuesday
228,2024-11-19,2024-11-19 09:45:00,Sell,23700,PE,99.35,-10,350.2,2024-11-21 15:25:00,23702.65,2024-11-19,2024-11-19 15:15:00,Buy,23150.0,PE,24.35,10.0,0.1,2024-11-21 15:25:00,2024-11-21,2,Tuesday
229,2024-11-19,2024-11-19 11:30:00,Sell,23750,PE,88.55,-10,400.9,2024-11-21 15:25:00,23759.45,2024-11-19,2024-11-19 15:15:00,Buy,23150.0,PE,24.35,10.0,0.1,2024-11-21 15:25:00,2024-11-21,2,Tuesday
230,2024-11-19,2024-11-19 14:30:00,Sell,23700,CE,85.2,-10,29.1,2024-11-19 15:12:00,23699.35,,,,,,,,,,2024-11-21,2,Tuesday
231,2024-11-19,2024-11-19 15:00:00,Sell,23650,CE,56.3,-10,18.05,2024-11-21 09:17:00,23582.2,2024-11-19,2024-11-19 15:15:00,Buy,23750.0,CE,20.95,10.0,9.6,2024-11-21 09:17:00,2024-11-21,2,Tuesday
232,2024-11-19,2024-11-19 15:00:00,Sell,23600,CE,74.95,-10,23.55,2024-11-21 09:17:00,23582.2,2024-11-19,2024-11-19 15:15:00,Buy,23750.0,CE,20.95,10.0,9.6,2024-11-21 09:17:00,2024-11-21,2,Tuesday
233,2024-11-19,2024-11-19 15:15:00,Sell,23550,CE,67.65,-10,23.65,2024-11-21 09:24:00,23492.65,2024-11-19,2024-11-19 15:15:00,Buy,23750.0,CE,20.95,10.0,6.3,2024-11-21 09:24:00,2024-11-21,2,Tuesday
234,2024-11-19,2024-11-19 15:15:00,Sell,23500,CE,88.2,-10,26.45,2024-11-21 09:25:00,23492.65,2024-11-19,2024-11-19 15:15:00,Buy,23750.0,CE,20.95,10.0,5.3,2024-11-21 09:25:00,2024-11-21,2,Tuesday
235,2024-11-21,2024-11-21 09:30:00,Sell,23450,CE,35.05,-10,11.6,2024-11-21 09:38:00,23379.5,,,,,,,,,,2024-11-21,0,Thursday
236,2024-11-21,2024-11-21 09:30:00,Sell,23400,CE,49.45,-10,16.45,2024-11-21 09:39:00,23379.5,,,,,,,,,,2024-11-21,0,Thursday
237,2024-11-21,2024-11-21 09:45:00,Sell,23350,CE,25.25,-10,8.55,2024-11-21 12:45:00,23321.6,,,,,,,,,,2024-11-21,0,Thursday
238,2024-11-22,2024-11-22 09:30:00,Sell,23500,CE,203.3,-10,415.0,2024-11-28 15:25:00,23500.0,2024-11-22,2024-11-22 15:15:00,Buy,24250.0,CE,57.55,10.0,0.15,2024-11-28 15:25:00,2024-11-28,4,Friday
239,2024-11-22,2024-11-22 09:30:00,Sell,23500,PE,162.3,-10,22.0,2024-11-25 09:15:00,23500.0,2024-11-22,2024-11-22 15:15:00,Buy,23350.0,PE,56.8,10.0,15.0,2024-11-25 09:15:00,2024-11-28,4,Friday
240,2024-11-22,2024-11-22 10:15:00,Sell,23550,PE,161.4,-10,27.0,2024-11-25 09:15:00,23576.15,2024-11-22,2024-11-22 15:15:00,Buy,23350.0,PE,56.8,10.0,15.0,2024-11-25 09:15:00,2024-11-28,4,Friday
241,2024-11-22,2024-11-22 12:15:00,Sell,23600,PE,175.75,-10,33.0,2024-11-25 09:15:00,23633.8,2024-11-22,2024-11-22 15:15:00,Buy,23350.0,PE,56.8,10.0,15.0,2024-11-25 09:15:00,2024-11-28,4,Friday
242,2024-11-22,2024-11-22 12:45:00,Sell,23650,PE,183.2,-10,45.65,2024-11-25 09:15:00,23674.25,2024-11-22,2024-11-22 15:15:00,Buy,23350.0,PE,56.8,10.0,15.0,2024-11-25 09:15:00,2024-11-28,4,Friday
243,2024-11-22,2024-11-22 13:15:00,Sell,23700,PE,195.15,-10,31.1,2024-11-25 09:15:00,23700.05,2024-11-22,2024-11-22 15:15:00,Buy,23350.0,PE,56.8,10.0,15.0,2024-11-25 09:15:00,2024-11-28,4,Friday
244,2024-11-22,2024-11-22 14:00:00,Sell,23750,PE,174.85,-10,43.0,2024-11-25 09:15:00,23798.9,2024-11-22,2024-11-22 15:15:00,Buy,23350.0,PE,56.8,10.0,15.0,2024-11-25 09:15:00,2024-11-28,4,Friday
245,2024-11-22,2024-11-22 14:15:00,Sell,23800,PE,192.85,-10,48.0,2024-11-25 09:15:00,23844.8,2024-11-22,2024-11-22 15:15:00,Buy,23350.0,PE,56.8,10.0,15.0,2024-11-25 09:15:00,2024-11-28,4,Friday
246,2024-11-22,2024-11-22 14:45:00,Sell,23850,PE,204.0,-10,51.65,2024-11-25 09:15:00,23851.35,2024-11-22,2024-11-22 15:15:00,Buy,23350.0,PE,56.8,10.0,15.0,2024-11-25 09:15:00,2024-11-28,4,Friday
247,2024-11-22,2024-11-22 15:00:00,Sell,23900,PE,194.5,-10,47.65,2024-11-25 09:16:00,23930.6,2024-11-22,2024-11-22 15:15:00,Buy,23350.0,PE,56.8,10.0,12.85,2024-11-25 09:16:00,2024-11-28,4,Friday
248,2024-11-25,2024-11-25 09:30:00,Sell,23950,PE,50.25,-10,17.15,2024-11-27 10:39:00,24311.1,2024-11-25,2024-11-25 15:15:00,Buy,23800.0,PE,28.8,10.0,7.85,2024-11-27 10:39:00,2024-11-28,3,Monday
249,2024-11-25,2024-11-25 09:30:00,Sell,24000,PE,58.75,-10,20.4,2024-11-27 11:23:00,24311.1,2024-11-25,2024-11-25 15:15:00,Buy,23800.0,PE,28.8,10.0,6.7,2024-11-27 11:23:00,2024-11-28,3,Monday
250,2024-11-25,2024-11-25 09:30:00,Sell,24050,PE,70.65,-10,23.95,2024-11-27 12:19:00,24311.1,2024-11-25,2024-11-25 15:15:00,Buy,23800.0,PE,28.8,10.0,5.75,2024-11-27 12:19:00,2024-11-28,3,Monday
251,2024-11-25,2024-11-25 09:30:00,Sell,24100,PE,83.7,-10,28.8,2024-11-27 12:21:00,24311.1,2024-11-25,2024-11-25 15:15:00,Buy,23800.0,PE,28.8,10.0,5.6,2024-11-27 12:21:00,2024-11-28,3,Monday
252,2024-11-25,2024-11-25 09:30:00,Sell,24150,PE,98.0,-10,28.6,2024-11-27 12:34:00,24311.1,2024-11-25,2024-11-25 15:15:00,Buy,23800.0,PE,28.8,10.0,4.8,2024-11-27 12:34:00,2024-11-28,3,Monday
253,2024-11-25,2024-11-25 09:30:00,Sell,24200,PE,115.9,-10,40.1,2024-11-27 12:34:00,24311.1,2024-11-25,2024-11-25 15:15:00,Buy,23800.0,PE,28.8,10.0,4.8,2024-11-27 12:34:00,2024-11-28,3,Monday
254,2024-11-25,2024-11-25 09:30:00,Sell,24250,PE,136.8,-10,46.65,2024-11-27 13:01:00,24311.1,2024-11-25,2024-11-25 15:15:00,Buy,23800.0,PE,28.8,10.0,4.9,2024-11-27 13:01:00,2024-11-28,3,Monday
255,2024-11-25,2024-11-25 09:30:00,Sell,24300,PE,158.0,-10,54.7,2024-11-27 13:51:00,24311.1,2024-11-25,2024-11-25 15:15:00,Buy,23800.0,PE,28.8,10.0,5.1,2024-11-27 13:51:00,2024-11-28,3,Monday
256,2024-11-25,2024-11-25 13:00:00,Sell,24250,CE,104.75,-10,32.65,2024-11-28 10:41:00,24157.35,2024-11-25,2024-11-25 15:15:00,Buy,24600.0,CE,27.75,10.0,2.45,2024-11-28 10:41:00,2024-11-28,3,Monday
257,2024-11-25,2024-11-25 13:00:00,Sell,24200,CE,127.55,-10,43.0,2024-11-28 10:42:00,24157.35,2024-11-25,2024-11-25 15:15:00,Buy,24600.0,CE,27.75,10.0,2.4,2024-11-28 10:42:00,2024-11-28,3,Monday
258,2024-11-26,2024-11-26 09:30:00,Sell,24250,PE,105.0,-10,34.65,2024-11-28 10:03:00,24306.5,2024-11-26,2024-11-26 15:15:00,Buy,24000.0,PE,35.9,10.0,4.45,2024-11-28 10:03:00,2024-11-28,2,Tuesday
259,2024-11-26,2024-11-26 09:30:00,Sell,24300,PE,127.15,-10,42.15,2024-11-28 10:11:00,24306.5,2024-11-26,2024-11-26 15:15:00,Buy,24000.0,PE,35.9,10.0,3.25,2024-11-28 10:11:00,2024-11-28,2,Tuesday
260,2024-11-26,2024-11-26 10:00:00,Sell,24250,CE,109.05,-10,32.65,2024-11-28 10:41:00,24208.45,2024-11-26,2024-11-26 15:15:00,Buy,24450.0,CE,31.45,10.0,7.7,2024-11-28 10:41:00,2024-11-28,2,Tuesday
261,2024-11-26,2024-11-26 12:15:00,Sell,24200,CE,115.7,-10,40.45,2024-11-28 11:09:00,24187.8,2024-11-26,2024-11-26 15:15:00,Buy,24450.0,CE,31.45,10.0,6.45,2024-11-28 11:09:00,2024-11-28,2,Tuesday
262,2024-11-26,2024-11-26 12:30:00,Sell,24150,CE,127.4,-10,43.4,2024-11-28 11:17:00,24146.55,2024-11-26,2024-11-26 15:15:00,Buy,24450.0,CE,31.45,10.0,4.45,2024-11-28 11:17:00,2024-11-28,2,Tuesday
263,2024-11-26,2024-11-26 14:45:00,Sell,24200,PE,87.75,-10,30.45,2024-11-27 13:17:00,24223.75,2024-11-26,2024-11-26 15:15:00,Buy,24000.0,PE,35.9,10.0,10.2,2024-11-27 13:17:00,2024-11-28,2,Tuesday
264,2024-11-27,2024-11-27 12:30:00,Sell,24250,PE,74.2,-10,25.8,2024-11-28 10:12:00,24250.5,2024-11-27,2024-11-27 15:15:00,Buy,24100.0,PE,18.85,10.0,6.7,2024-11-28 10:12:00,2024-11-28,1,Wednesday
265,2024-11-27,2024-11-27 13:00:00,Sell,24300,PE,67.35,-10,384.4,2024-11-28 15:25:00,24305.25,2024-11-27,2024-11-27 15:15:00,Buy,24100.0,PE,18.85,10.0,185.5,2024-11-28 15:25:00,2024-11-28,1,Wednesday
266,2024-11-28,2024-11-28 10:45:00,Sell,24250,CE,35.65,-10,12.25,2024-11-28 12:36:00,24125.85,,,,,,,,,,2024-11-28,0,Thursday
267,2024-11-28,2024-11-28 10:45:00,Sell,24200,CE,49.85,-10,16.85,2024-11-28 12:38:00,24125.85,,,,,,,,,,2024-11-28,0,Thursday
268,2024-11-28,2024-11-28 10:45:00,Sell,24150,CE,66.6,-10,21.05,2024-11-28 12:39:00,24125.85,,,,,,,,,,2024-11-28,0,Thursday
269,2024-11-28,2024-11-28 11:15:00,Sell,24100,CE,73.5,-10,25.5,2024-11-28 13:04:00,24088.4,,,,,,,,,,2024-11-28,0,Thursday
270,2024-11-28,2024-11-28 12:45:00,Sell,24050,CE,55.4,-10,16.25,2024-11-28 14:17:00,24030.15,,,,,,,,,,2024-11-28,0,Thursday
271,2024-11-28,2024-11-28 13:15:00,Sell,24000,CE,47.85,-10,16.2,2024-11-28 14:37:00,23979.2,,,,,,,,,,2024-11-28,0,Thursday
272,2024-11-28,2024-11-28 14:45:00,Sell,23950,CE,22.15,-10,5.0,2024-11-28 15:00:00,23923.3,,,,,,,,,,2024-11-28,0,Thursday
273,2024-11-29,2024-11-29 09:30:00,Sell,24050,CE,202.65,-10,663.1,2024-12-05 15:25:00,24050.0,2024-11-29,2024-11-29 15:15:00,Buy,24450.0,CE,50.75,10.0,51.75,2024-12-05 15:25:00,2024-12-05,4,Friday
274,2024-11-29,2024-11-29 09:30:00,Sell,24050,PE,182.6,-10,59.9,2024-12-03 09:15:00,24050.0,2024-11-29,2024-11-29 15:15:00,Buy,23850.0,PE,52.05,10.0,48.0,2024-12-03 09:15:00,2024-12-05,4,Friday
275,2024-11-29,2024-11-29 10:15:00,Sell,24000,CE,205.95,-10,714.5,2024-12-05 15:25:00,23970.1,2024-11-29,2024-11-29 15:15:00,Buy,24450.0,CE,50.75,10.0,51.75,2024-12-05 15:25:00,2024-12-05,4,Friday
276,2024-11-29,2024-11-29 10:45:00,Sell,24050,PE,160.05,-10,53.6,2024-12-03 10:00:00,24082.8,2024-11-29,2024-11-29 15:15:00,Buy,23850.0,PE,52.05,10.0,48.0,2024-12-03 10:00:00,2024-12-05,4,Friday
277,2024-11-29,2024-11-29 11:00:00,Sell,24100,PE,162.15,-10,55.4,2024-12-03 10:19:00,24132.25,2024-11-29,2024-11-29 15:15:00,Buy,23850.0,PE,52.05,10.0,48.0,2024-12-03 10:19:00,2024-12-05,4,Friday
278,2024-11-29,2024-11-29 14:45:00,Sell,24150,PE,126.75,-10,43.35,2024-12-03 13:55:00,24162.15,2024-11-29,2024-11-29 15:15:00,Buy,23850.0,PE,52.05,10.0,48.0,2024-12-03 13:55:00,2024-12-05,4,Friday
279,2024-12-02,2024-12-02 09:30:00,Sell,24100,CE,131.7,-10,612.65,2024-12-05 15:25:00,24033.05,2024-12-02,2024-12-02 15:15:00,Buy,24600.0,CE,38.05,10.0,113.45,2024-12-05 15:25:00,2024-12-05,3,Monday
280,2024-12-02,2024-12-02 09:30:00,Sell,24050,CE,158.2,-10,663.1,2024-12-05 15:25:00,24033.05,2024-12-02,2024-12-02 15:15:00,Buy,24600.0,CE,38.05,10.0,113.45,2024-12-05 15:25:00,2024-12-05,3,Monday
281,2024-12-02,2024-12-02 09:45:00,Sell,24100,PE,129.75,-10,44.8,2024-12-03 10:41:00,24119.6,2024-12-02,2024-12-02 15:15:00,Buy,23900.0,PE,43.3,10.0,21.7,2024-12-03 10:41:00,2024-12-05,3,Monday
282,2024-12-02,2024-12-02 10:30:00,Sell,24150,PE,132.4,-10,46.0,2024-12-03 11:23:00,24163.95,2024-12-02,2024-12-02 15:15:00,Buy,23900.0,PE,43.3,10.0,18.25,2024-12-03 11:23:00,2024-12-05,3,Monday
283,2024-12-02,2024-12-02 14:00:00,Sell,24200,PE,130.8,-10,44.0,2024-12-04 09:25:00,24225.3,2024-12-02,2024-12-02 15:15:00,Buy,23900.0,PE,43.3,10.0,11.85,2024-12-04 09:25:00,2024-12-05,3,Monday
284,2024-12-02,2024-12-02 14:30:00,Sell,24250,PE,138.6,-10,48.35,2024-12-04 09:29:00,24264.05,2024-12-02,2024-12-02 15:15:00,Buy,23900.0,PE,43.3,10.0,10.65,2024-12-04 09:29:00,2024-12-05,3,Monday
285,2024-12-03,2024-12-03 09:30:00,Sell,24300,PE,150.75,-10,51.2,2024-12-04 09:34:00,24300.0,2024-12-03,2024-12-03 15:15:00,Buy,24100.0,PE,38.2,10.0,22.0,2024-12-04 09:34:00,2024-12-05,2,Tuesday
286,2024-12-03,2024-12-03 10:30:00,Sell,24350,PE,115.0,-10,37.7,2024-12-05 12:32:00,24395.45,2024-12-03,2024-12-03 15:15:00,Buy,24100.0,PE,38.2,10.0,9.75,2024-12-05 12:32:00,2024-12-05,2,Tuesday
287,2024-12-03,2024-12-03 10:45:00,Sell,24400,PE,127.55,-10,44.6,2024-12-05 13:14:00,24407.75,2024-12-03,2024-12-03 15:15:00,Buy,24100.0,PE,38.2,10.0,7.1,2024-12-05 13:14:00,2024-12-05,2,Tuesday
288,2024-12-03,2024-12-03 14:00:00,Sell,24450,PE,126.9,-10,39.75,2024-12-05 13:42:00,24460.8,2024-12-03,2024-12-03 15:15:00,Buy,24100.0,PE,38.2,10.0,4.45,2024-12-05 13:42:00,2024-12-05,2,Tuesday
289,2024-12-04,2024-12-04 09:30:00,Sell,24500,PE,126.35,-10,34.6,2024-12-05 13:43:00,24516.4,2024-12-04,2024-12-04 15:15:00,Buy,24150.0,PE,31.6,10.0,4.0,2024-12-05 13:43:00,2024-12-05,1,Wednesday
290,2024-12-04,2024-12-04 09:45:00,Sell,24550,PE,116.85,-10,35.05,2024-12-05 14:13:00,24560.8,2024-12-04,2024-12-04 15:15:00,Buy,24150.0,PE,31.6,10.0,2.75,2024-12-05 14:13:00,2024-12-05,1,Wednesday
291,2024-12-04,2024-12-04 12:00:00,Sell,24500,CE,74.35,-10,213.6,2024-12-05 15:25:00,24416.35,2024-12-04,2024-12-04 15:15:00,Buy,24700.0,CE,27.1,10.0,13.25,2024-12-05 15:25:00,2024-12-05,1,Wednesday
292,2024-12-04,2024-12-04 12:00:00,Sell,24450,CE,95.35,-10,263.35,2024-12-05 15:25:00,24416.35,2024-12-04,2024-12-04 15:15:00,Buy,24700.0,CE,27.1,10.0,13.25,2024-12-05 15:25:00,2024-12-05,1,Wednesday
293,2024-12-04,2024-12-04 13:45:00,Sell,24500,PE,116.05,-10,34.6,2024-12-05 13:43:00,24511.7,2024-12-04,2024-12-04 15:15:00,Buy,24150.0,PE,31.6,10.0,4.0,2024-12-05 13:43:00,2024-12-05,1,Wednesday
294,2024-12-04,2024-12-04 15:00:00,Sell,24450,CE,109.7,-10,263.35,2024-12-05 15:25:00,24439.0,2024-12-04,2024-12-04 15:15:00,Buy,24700.0,CE,27.1,10.0,13.25,2024-12-05 15:25:00,2024-12-05,1,Wednesday
295,2024-12-05,2024-12-05 09:30:00,Sell,24500,PE,113.75,-10,34.6,2024-12-05 13:43:00,24513.4,,,,,,,,,,2024-12-05,0,Thursday
296,2024-12-05,2024-12-05 10:00:00,Sell,24450,CE,116.1,-10,263.35,2024-12-05 15:25:00,24424.35,2024-12-05,2024-12-05 15:15:00,Buy,24750.0,CE,4.3,10.0,0.2,2024-12-05 15:25:00,2024-12-05,0,Thursday
297,2024-12-05,2024-12-05 11:00:00,Sell,24400,CE,106.5,-10,313.15,2024-12-05 15:25:00,24331.45,2024-12-05,2024-12-05 15:15:00,Buy,24750.0,CE,4.3,10.0,0.2,2024-12-05 15:25:00,2024-12-05,0,Thursday
298,2024-12-05,2024-12-05 11:00:00,Sell,24350,CE,126.25,-10,361.85,2024-12-05 15:25:00,24331.45,2024-12-05,2024-12-05 15:15:00,Buy,24750.0,CE,4.3,10.0,0.2,2024-12-05 15:25:00,2024-12-05,0,Thursday
299,2024-12-05,2024-12-05 12:15:00,Sell,24400,PE,60.55,-10,18.75,2024-12-05 13:43:00,24589.7,,,,,,,,,,2024-12-05,0,Thursday
300,2024-12-05,2024-12-05 12:15:00,Sell,24450,PE,73.7,-10,25.65,2024-12-05 13:43:00,24589.7,,,,,,,,,,2024-12-05,0,Thursday
301,2024-12-05,2024-12-05 12:15:00,Sell,24500,PE,88.55,-10,26.6,2024-12-05 14:13:00,24589.7,,,,,,,,,,2024-12-05,0,Thursday
302,2024-12-05,2024-12-05 12:15:00,Sell,24550,PE,105.15,-10,35.05,2024-12-05 14:13:00,24589.7,,,,,,,,,,2024-12-05,0,Thursday
303,2024-12-05,2024-12-05 12:30:00,Sell,24600,PE,120.95,-10,33.15,2024-12-05 14:14:00,24608.35,,,,,,,,,,2024-12-05,0,Thursday
304,2024-12-05,2024-12-05 14:00:00,Sell,24650,PE,94.05,-10,27.6,2024-12-05 14:29:00,24664.3,,,,,,,,,,2024-12-05,0,Thursday
305,2024-12-05,2024-12-05 14:15:00,Sell,24700,PE,57.9,-10,19.0,2024-12-05 14:35:00,24736.55,,,,,,,,,,2024-12-05,0,Thursday
306,2024-12-05,2024-12-05 14:30:00,Sell,24750,PE,40.8,-10,12.5,2024-12-05 14:47:00,24830.85,,,,,,,,,,2024-12-05,0,Thursday
307,2024-12-05,2024-12-05 14:30:00,Sell,24800,PE,54.6,-10,87.5,2024-12-05 15:25:00,24830.85,2024-12-05,2024-12-05 15:15:00,Buy,24700.0,PE,4.35,10.0,0.4,2024-12-05 15:25:00,2024-12-05,0,Thursday
308,2024-12-05,2024-12-05 15:00:00,Sell,24750,CE,6.7,-10,1.35,2024-12-05 15:17:00,24524.2,2024-12-05,2024-12-05 15:15:00,Buy,24750.0,CE,4.3,10.0,1.35,2024-12-05 15:17:00,2024-12-05,0,Thursday
309,2024-12-05,2024-12-05 15:00:00,Sell,24700,CE,8.85,-10,13.25,2024-12-05 15:25:00,24524.2,2024-12-05,2024-12-05 15:15:00,Buy,24750.0,CE,4.3,10.0,0.2,2024-12-05 15:25:00,2024-12-05,0,Thursday
310,2024-12-05,2024-12-05 15:00:00,Sell,24650,CE,12.8,-10,63.15,2024-12-05 15:25:00,24524.2,2024-12-05,2024-12-05 15:15:00,Buy,24750.0,CE,4.3,10.0,0.2,2024-12-05 15:25:00,2024-12-05,0,Thursday
311,2024-12-05,2024-12-05 15:00:00,Sell,24600,CE,20.95,-10,113.45,2024-12-05 15:25:00,24524.2,2024-12-05,2024-12-05 15:15:00,Buy,24750.0,CE,4.3,10.0,0.2,2024-12-05 15:25:00,2024-12-05,0,Thursday
312,2024-12-05,2024-12-05 15:00:00,Sell,24550,CE,34.4,-10,163.0,2024-12-05 15:25:00,24524.2,2024-12-05,2024-12-05 15:15:00,Buy,24750.0,CE,4.3,10.0,0.2,2024-12-05 15:25:00,2024-12-05,0,Thursday
313,2024-12-05,2024-12-05 15:15:00,Sell,24600,PE,0.7,-10,0.25,2024-12-05 15:25:00,24749.9,2024-12-05,2024-12-05 15:15:00,Buy,24700.0,PE,4.35,10.0,0.4,2024-12-05 15:25:00,2024-12-05,0,Thursday
314,2024-12-05,2024-12-05 15:15:00,Sell,24650,PE,1.05,-10,0.3,2024-12-05 15:25:00,24749.9,2024-12-05,2024-12-05 15:15:00,Buy,24700.0,PE,4.35,10.0,0.4,2024-12-05 15:25:00,2024-12-05,0,Thursday
315,2024-12-05,2024-12-05 15:15:00,Sell,24700,PE,4.35,-10,1.35,2024-12-05 15:18:00,24749.9,2024-12-05,2024-12-05 15:15:00,Buy,24700.0,PE,4.35,10.0,1.35,2024-12-05 15:18:00,2024-12-05,0,Thursday
316,2024-12-06,2024-12-06 09:30:00,Sell,24700,CE,243.8,-10,77.6,2024-12-10 12:16:00,24700.0,2024-12-06,2024-12-06 15:15:00,Buy,25000.0,CE,66.8,10.0,19.35,2024-12-10 12:16:00,2024-12-12,4,Friday
317,2024-12-06,2024-12-06 09:30:00,Sell,24700,PE,232.35,-10,79.25,2024-12-12 09:27:00,24700.0,2024-12-06,2024-12-06 15:15:00,Buy,24350.0,PE,62.0,10.0,5.25,2024-12-12 09:27:00,2024-12-12,4,Friday
318,2024-12-06,2024-12-06 10:15:00,Sell,24650,CE,215.1,-10,72.5,2024-12-10 13:49:00,24650.0,2024-12-06,2024-12-06 15:15:00,Buy,25000.0,CE,66.8,10.0,13.65,2024-12-10 13:49:00,2024-12-12,4,Friday
319,2024-12-06,2024-12-06 10:30:00,Sell,24700,PE,190.15,-10,151.0,2024-12-12 15:25:00,24722.55,2024-12-06,2024-12-06 15:15:00,Buy,24350.0,PE,62.0,10.0,0.1,2024-12-12 15:25:00,2024-12-12,4,Friday
320,2024-12-09,2024-12-09 09:45:00,Sell,24650,CE,159.8,-10,55.4,2024-12-11 14:46:00,24643.85,2024-12-09,2024-12-09 15:15:00,Buy,24900.0,CE,47.85,10.0,8.7,2024-12-11 14:46:00,2024-12-12,3,Monday
321,2024-12-09,2024-12-09 10:15:00,Sell,24600,CE,153.2,-10,52.2,2024-12-12 09:47:00,24585.95,2024-12-09,2024-12-09 15:15:00,Buy,24900.0,CE,47.85,10.0,6.7,2024-12-12 09:47:00,2024-12-12,3,Monday
322,2024-12-09,2024-12-09 11:30:00,Sell,24650,PE,146.65,-10,51.0,2024-12-12 09:17:00,24671.2,2024-12-09,2024-12-09 15:15:00,Buy,24300.0,PE,45.1,10.0,4.25,2024-12-12 09:17:00,2024-12-12,3,Monday
323,2024-12-10,2024-12-10 09:30:00,Sell,24600,CE,130.45,-10,44.4,2024-12-12 10:09:00,24596.95,2024-12-10,2024-12-10 15:15:00,Buy,24850.0,CE,35.95,10.0,9.35,2024-12-12 10:09:00,2024-12-12,2,Tuesday
324,2024-12-10,2024-12-10 10:00:00,Sell,24650,PE,121.7,-10,41.75,2024-12-12 09:24:00,24669.9,2024-12-10,2024-12-10 15:15:00,Buy,24350.0,PE,34.4,10.0,4.95,2024-12-12 09:24:00,2024-12-12,2,Tuesday
325,2024-12-10,2024-12-10 12:30:00,Sell,24600,CE,116.05,-10,36.5,2024-12-12 10:33:00,24592.4,2024-12-10,2024-12-10 15:15:00,Buy,24850.0,CE,35.95,10.0,8.1,2024-12-12 10:33:00,2024-12-12,2,Tuesday
326,2024-12-10,2024-12-10 13:30:00,Sell,24550,CE,120.15,-10,41.9,2024-12-12 12:33:00,24542.85,2024-12-10,2024-12-10 15:15:00,Buy,24850.0,CE,35.95,10.0,3.2,2024-12-12 12:33:00,2024-12-12,2,Tuesday
327,2024-12-10,2024-12-10 15:15:00,Sell,24600,PE,121.2,-10,42.3,2024-12-11 11:45:00,24612.45,2024-12-10,2024-12-10 15:15:00,Buy,24350.0,PE,34.4,10.0,7.5,2024-12-11 11:45:00,2024-12-12,2,Tuesday
328,2024-12-11,2024-12-11 10:30:00,Sell,24650,PE,85.0,-10,101.2,2024-12-12 15:25:00,24653.05,2024-12-11,2024-12-11 15:15:00,Buy,24500.0,PE,22.1,10.0,0.05,2024-12-12 15:25:00,2024-12-12,1,Wednesday
329,2024-12-12,2024-12-12 11:45:00,Sell,24600,CE,34.3,-10,10.95,2024-12-12 13:23:00,24598.75,,,,,,,,,,2024-12-12,0,Thursday
330,2024-12-12,2024-12-12 15:00:00,Sell,24550,CE,4.65,-10,1.6,2024-12-12 15:03:00,24541.3,,,,,,,,,,2024-12-12,0,Thursday
331,2024-12-13,2024-12-13 09:30:00,Sell,24400,CE,197.0,-10,67.0,2024-12-18 09:57:00,24400.0,2024-12-13,2024-12-13 15:15:00,Buy,25000.0,CE,54.15,10.0,7.6,2024-12-18 09:57:00,2024-12-19,4,Friday
332,2024-12-13,2024-12-13 09:30:00,Sell,24400,PE,167.7,-10,57.45,2024-12-13 13:53:00,24400.0,,,,,,,,,,2024-12-19,4,Friday
333,2024-12-13,2024-12-13 10:30:00,Sell,24350,CE,143.05,-10,49.25,2024-12-18 10:59:00,24264.8,2024-12-13,2024-12-13 15:15:00,Buy,25000.0,CE,54.15,10.0,7.65,2024-12-18 10:59:00,2024-12-19,4,Friday
334,2024-12-13,2024-12-13 10:30:00,Sell,24300,CE,166.05,-10,56.55,2024-12-18 11:16:00,24264.8,2024-12-13,2024-12-13 15:15:00,Buy,25000.0,CE,54.15,10.0,7.4,2024-12-18 11:16:00,2024-12-19,4,Friday
335,2024-12-13,2024-12-13 10:45:00,Sell,24250,CE,184.65,-10,63.45,2024-12-18 12:28:00,24233.7,2024-12-13,2024-12-13 15:15:00,Buy,25000.0,CE,54.15,10.0,7.55,2024-12-18 12:28:00,2024-12-19,4,Friday
336,2024-12-13,2024-12-13 11:45:00,Sell,24300,PE,151.65,-10,52.8,2024-12-13 13:36:00,24364.95,,,,,,,,,,2024-12-19,4,Friday
337,2024-12-13,2024-12-13 11:45:00,Sell,24350,PE,173.85,-10,60.65,2024-12-13 13:38:00,24364.95,,,,,,,,,,2024-12-19,4,Friday
338,2024-12-13,2024-12-13 12:00:00,Sell,24400,PE,118.95,-10,39.4,2024-12-13 15:06:00,24545.65,,,,,,,,,,2024-12-19,4,Friday
339,2024-12-13,2024-12-13 12:00:00,Sell,24450,PE,132.55,-10,45.5,2024-12-13 15:08:00,24545.65,,,,,,,,,,2024-12-19,4,Friday
340,2024-12-13,2024-12-13 12:00:00,Sell,24500,PE,154.95,-10,52.45,2024-12-13 15:09:00,24545.65,,,,,,,,,,2024-12-19,4,Friday
341,2024-12-13,2024-12-13 12:15:00,Sell,24550,PE,178.35,-10,59.35,2024-12-13 15:23:00,24560.95,2024-12-13,2024-12-13 15:15:00,Buy,24500.0,PE,53.0,10.0,48.45,2024-12-13 15:23:00,2024-12-19,4,Friday
342,2024-12-13,2024-12-13 13:00:00,Sell,24600,PE,158.8,-10,650.45,2024-12-19 15:25:00,24635.9,2024-12-13,2024-12-13 15:15:00,Buy,24500.0,PE,53.0,10.0,549.0,2024-12-19 15:25:00,2024-12-19,4,Friday
343,2024-12-13,2024-12-13 13:30:00,Sell,24650,PE,161.9,-10,700.5,2024-12-19 15:25:00,24664.85,2024-12-13,2024-12-13 15:15:00,Buy,24500.0,PE,53.0,10.0,549.0,2024-12-19 15:25:00,2024-12-19,4,Friday
344,2024-12-13,2024-12-13 13:45:00,Sell,24700,PE,158.4,-10,750.1,2024-12-19 15:25:00,24722.1,2024-12-13,2024-12-13 15:15:00,Buy,24500.0,PE,53.0,10.0,549.0,2024-12-19 15:25:00,2024-12-19,4,Friday
345,2024-12-13,2024-12-13 14:30:00,Sell,24750,PE,151.25,-10,800.4,2024-12-19 15:25:00,24757.8,2024-12-13,2024-12-13 15:15:00,Buy,24500.0,PE,53.0,10.0,549.0,2024-12-19 15:25:00,2024-12-19,4,Friday
346,2024-12-16,2024-12-16 10:30:00,Sell,24700,CE,141.25,-10,49.25,2024-12-17 12:19:00,24665.25,2024-12-16,2024-12-16 15:15:00,Buy,25000.0,CE,45.7,10.0,15.45,2024-12-17 12:19:00,2024-12-19,3,Monday
347,2024-12-16,2024-12-16 11:15:00,Sell,24650,CE,160.5,-10,55.75,2024-12-17 13:06:00,24627.5,2024-12-16,2024-12-16 15:15:00,Buy,25000.0,CE,45.7,10.0,15.3,2024-12-17 13:06:00,2024-12-19,3,Monday
348,2024-12-17,2024-12-17 09:30:00,Sell,24600,CE,159.55,-10,55.15,2024-12-17 13:28:00,24591.9,,,,,,,,,,2024-12-19,2,Tuesday
349,2024-12-17,2024-12-17 10:00:00,Sell,24550,CE,144.6,-10,50.0,2024-12-17 14:55:00,24525.45,,,,,,,,,,2024-12-19,2,Tuesday
350,2024-12-17,2024-12-17 10:30:00,Sell,24500,CE,137.5,-10,46.2,2024-12-18 09:53:00,24437.7,2024-12-17,2024-12-17 15:15:00,Buy,24600.0,CE,45.95,10.0,35.6,2024-12-18 09:53:00,2024-12-19,2,Tuesday
351,2024-12-17,2024-12-17 10:30:00,Sell,24450,CE,160.0,-10,52.65,2024-12-18 09:57:00,24437.7,2024-12-17,2024-12-17 15:15:00,Buy,24600.0,CE,45.95,10.0,35.6,2024-12-18 09:57:00,2024-12-19,2,Tuesday
352,2024-12-17,2024-12-17 11:45:00,Sell,24400,CE,157.75,-10,55.05,2024-12-18 10:00:00,24394.3,2024-12-17,2024-12-17 15:15:00,Buy,24600.0,CE,45.95,10.0,35.6,2024-12-18 10:00:00,2024-12-19,2,Tuesday
353,2024-12-17,2024-12-17 13:30:00,Sell,24350,CE,132.95,-10,45.15,2024-12-18 11:08:00,24335.2,2024-12-17,2024-12-17 15:15:00,Buy,24600.0,CE,45.95,10.0,35.6,2024-12-18 11:08:00,2024-12-19,2,Tuesday
354,2024-12-18,2024-12-18 10:00:00,Sell,24300,CE,91.4,-10,9.95,2024-12-19 09:15:00,24267.8,2024-12-18,2024-12-18 15:15:00,Buy,24400.0,CE,27.4,10.0,4.05,2024-12-19 09:15:00,2024-12-19,1,Wednesday
355,2024-12-18,2024-12-18 10:15:00,Sell,24250,CE,99.95,-10,20.0,2024-12-19 09:15:00,24236.75,2024-12-18,2024-12-18 15:15:00,Buy,24400.0,CE,27.4,10.0,4.05,2024-12-19 09:15:00,2024-12-19,1,Wednesday
356,2024-12-18,2024-12-18 10:45:00,Sell,24300,PE,89.35,-10,349.0,2024-12-19 15:25:00,24302.55,2024-12-18,2024-12-18 15:15:00,Buy,24050.0,PE,28.85,10.0,98.95,2024-12-19 15:25:00,2024-12-19,1,Wednesday
357,2024-12-18,2024-12-18 11:00:00,Sell,24250,CE,86.95,-10,20.0,2024-12-19 09:15:00,24225.8,2024-12-18,2024-12-18 15:15:00,Buy,24400.0,CE,27.4,10.0,4.05,2024-12-19 09:15:00,2024-12-19,1,Wednesday
358,2024-12-18,2024-12-18 12:45:00,Sell,24200,CE,77.0,-10,19.95,2024-12-19 09:15:00,24168.75,2024-12-18,2024-12-18 15:15:00,Buy,24400.0,CE,27.4,10.0,4.05,2024-12-19 09:15:00,2024-12-19,1,Wednesday
359,2024-12-19,2024-12-19 09:30:00,Sell,24150,CE,18.3,-10,6.35,2024-12-19 12:19:00,23885.7,,,,,,,,,,2024-12-19,0,Thursday
360,2024-12-19,2024-12-19 09:30:00,Sell,24100,CE,22.15,-10,7.3,2024-12-19 12:37:00,23885.7,,,,,,,,,,2024-12-19,0,Thursday
361,2024-12-19,2024-12-19 09:30:00,Sell,24050,CE,26.55,-10,9.15,2024-12-19 12:37:00,23885.7,,,,,,,,,,2024-12-19,0,Thursday
362,2024-12-19,2024-12-19 09:30:00,Sell,24000,CE,34.25,-10,11.3,2024-12-19 12:49:00,23885.7,,,,,,,,,,2024-12-19,0,Thursday
363,2024-12-19,2024-12-19 09:30:00,Sell,23950,CE,43.55,-10,14.8,2024-12-19 13:45:00,23885.7,,,,,,,,,,2024-12-19,0,Thursday
364,2024-12-19,2024-12-19 09:30:00,Sell,23900,CE,59.3,-10,50.75,2024-12-19 15:25:00,23885.7,2024-12-19,2024-12-19 15:15:00,Buy,23950.0,CE,1.5,10.0,0.85,2024-12-19 15:25:00,2024-12-19,0,Thursday
365,2024-12-19,2024-12-19 09:45:00,Sell,23950,PE,43.25,-10,15.0,2024-12-19 12:08:00,23985.1,,,,,,,,,,2024-12-19,0,Thursday
366,2024-12-20,2024-12-20 09:30:00,Sell,23900,CE,218.6,-10,76.1,2024-12-20 15:06:00,23900.0,,,,,,,,,,2024-12-26,4,Friday
367,2024-12-20,2024-12-20 09:30:00,Sell,23900,PE,180.3,-10,150.25,2024-12-26 15:25:00,23900.0,2024-12-20,2024-12-20 15:15:00,Buy,23200.0,PE,56.45,10.0,0.05,2024-12-26 15:25:00,2024-12-26,4,Friday
368,2024-12-20,2024-12-20 09:45:00,Sell,23950,PE,150.55,-10,200.2,2024-12-26 15:25:00,24045.95,2024-12-20,2024-12-20 15:15:00,Buy,23200.0,PE,56.45,10.0,0.05,2024-12-26 15:25:00,2024-12-26,4,Friday
369,2024-12-20,2024-12-20 09:45:00,Sell,24000,PE,171.4,-10,250.45,2024-12-26 15:25:00,24045.95,2024-12-20,2024-12-20 15:15:00,Buy,23200.0,PE,56.45,10.0,0.05,2024-12-26 15:25:00,2024-12-26,4,Friday
370,2024-12-20,2024-12-20 10:00:00,Sell,23950,CE,181.55,-10,62.5,2024-12-20 15:13:00,23847.9,,,,,,,,,,2024-12-26,4,Friday
371,2024-12-20,2024-12-20 10:00:00,Sell,23900,CE,202.65,-10,68.05,2024-12-20 15:15:00,23847.9,,,,,,,,,,2024-12-26,4,Friday
372,2024-12-20,2024-12-20 10:00:00,Sell,23850,CE,227.75,-10,79.35,2024-12-20 15:15:00,23847.9,,,,,,,,,,2024-12-26,4,Friday
373,2024-12-20,2024-12-20 10:45:00,Sell,23900,PE,167.3,-10,150.25,2024-12-26 15:25:00,23936.05,2024-12-20,2024-12-20 15:15:00,Buy,23200.0,PE,56.45,10.0,0.05,2024-12-26 15:25:00,2024-12-26,4,Friday
374,2024-12-20,2024-12-20 11:00:00,Sell,23950,PE,171.65,-10,200.2,2024-12-26 15:25:00,23956.0,2024-12-20,2024-12-20 15:15:00,Buy,23200.0,PE,56.45,10.0,0.05,2024-12-26 15:25:00,2024-12-26,4,Friday
375,2024-12-20,2024-12-20 12:15:00,Sell,23900,CE,189.35,-10,65.25,2024-12-23 09:55:00,23889.1,2024-12-20,2024-12-20 15:15:00,Buy,24000.0,CE,50.15,10.0,39.75,2024-12-23 09:55:00,2024-12-26,4,Friday
376,2024-12-20,2024-12-20 12:30:00,Sell,23850,CE,202.65,-10,69.15,2024-12-23 12:23:00,23841.0,2024-12-20,2024-12-20 15:15:00,Buy,24000.0,CE,50.15,10.0,31.0,2024-12-23 12:23:00,2024-12-26,4,Friday
377,2024-12-20,2024-12-20 13:00:00,Sell,23800,CE,179.0,-10,61.05,2024-12-23 13:02:00,23756.1,2024-12-20,2024-12-20 15:15:00,Buy,24000.0,CE,50.15,10.0,20.95,2024-12-23 13:02:00,2024-12-26,4,Friday
378,2024-12-20,2024-12-20 13:15:00,Sell,23750,CE,188.05,-10,65.1,2024-12-24 14:18:00,23726.65,2024-12-20,2024-12-20 15:15:00,Buy,24000.0,CE,50.15,10.0,10.55,2024-12-24 14:18:00,2024-12-26,4,Friday
379,2024-12-20,2024-12-20 14:15:00,Sell,23700,CE,185.95,-10,64.35,2024-12-26 10:27:00,23687.9,2024-12-20,2024-12-20 15:15:00,Buy,24000.0,CE,50.15,10.0,3.7,2024-12-26 10:27:00,2024-12-26,4,Friday
380,2024-12-20,2024-12-20 15:00:00,Sell,23650,CE,180.9,-10,99.75,2024-12-26 15:25:00,23636.3,2024-12-20,2024-12-20 15:15:00,Buy,24000.0,CE,50.15,10.0,0.1,2024-12-26 15:25:00,2024-12-26,4,Friday
381,2024-12-20,2024-12-20 15:15:00,Sell,23600,CE,171.0,-10,149.7,2024-12-26 15:25:00,23539.3,2024-12-20,2024-12-20 15:15:00,Buy,24000.0,CE,50.15,10.0,0.1,2024-12-26 15:25:00,2024-12-26,4,Friday
382,2024-12-20,2024-12-20 15:15:00,Sell,23550,CE,195.6,-10,199.35,2024-12-26 15:25:00,23539.3,2024-12-20,2024-12-20 15:15:00,Buy,24000.0,CE,50.15,10.0,0.1,2024-12-26 15:25:00,2024-12-26,4,Friday
383,2024-12-23,2024-12-23 09:30:00,Sell,23600,PE,79.75,-10,26.55,2024-12-23 11:10:00,23743.85,,,,,,,,,,2024-12-26,3,Monday
384,2024-12-23,2024-12-23 09:30:00,Sell,23650,PE,94.95,-10,33.05,2024-12-23 11:10:00,23743.85,,,,,,,,,,2024-12-26,3,Monday
385,2024-12-23,2024-12-23 09:30:00,Sell,23700,PE,114.6,-10,40.0,2024-12-23 11:18:00,23743.85,,,,,,,,,,2024-12-26,3,Monday
386,2024-12-23,2024-12-23 10:15:00,Sell,23750,PE,90.85,-10,30.55,2024-12-26 09:20:00,23771.75,2024-12-23,2024-12-23 15:15:00,Buy,23550.0,PE,31.1,10.0,9.3,2024-12-26 09:20:00,2024-12-26,3,Monday
387,2024-12-23,2024-12-23 11:00:00,Sell,23800,PE,78.0,-10,50.35,2024-12-26 15:25:00,23825.35,2024-12-23,2024-12-23 15:15:00,Buy,23550.0,PE,31.1,10.0,0.1,2024-12-26 15:25:00,2024-12-26,3,Monday
388,2024-12-23,2024-12-23 11:30:00,Sell,23850,PE,83.2,-10,100.1,2024-12-26 15:25:00,23862.9,2024-12-23,2024-12-23 15:15:00,Buy,23550.0,PE,31.1,10.0,0.1,2024-12-26 15:25:00,2024-12-26,3,Monday
389,2024-12-23,2024-12-23 12:15:00,Sell,23800,CE,99.2,-10,30.25,2024-12-26 10:02:00,23769.15,2024-12-23,2024-12-23 15:15:00,Buy,24000.0,CE,29.75,10.0,5.2,2024-12-26 10:02:00,2024-12-26,3,Monday
390,2024-12-23,2024-12-23 12:30:00,Sell,23750,CE,106.2,-10,36.35,2024-12-26 10:21:00,23743.8,2024-12-23,2024-12-23 15:15:00,Buy,24000.0,CE,29.75,10.0,4.05,2024-12-26 10:21:00,2024-12-26,3,Monday
391,2024-12-23,2024-12-23 13:00:00,Sell,23700,CE,109.6,-10,35.2,2024-12-26 13:35:00,23686.0,2024-12-23,2024-12-23 15:15:00,Buy,24000.0,CE,29.75,10.0,1.55,2024-12-26 13:35:00,2024-12-26,3,Monday
392,2024-12-23,2024-12-23 15:15:00,Sell,23750,PE,86.1,-10,29.6,2024-12-26 09:22:00,23761.65,2024-12-23,2024-12-23 15:15:00,Buy,23550.0,PE,31.1,10.0,8.9,2024-12-26 09:22:00,2024-12-26,3,Monday
393,2024-12-24,2024-12-24 10:15:00,Sell,23800,PE,72.05,-10,50.35,2024-12-26 15:25:00,23804.95,2024-12-24,2024-12-24 15:15:00,Buy,23550.0,PE,19.8,10.0,0.1,2024-12-26 15:25:00,2024-12-26,2,Tuesday
394,2024-12-24,2024-12-24 10:30:00,Sell,23850,PE,74.65,-10,100.1,2024-12-26 15:25:00,23853.1,2024-12-24,2024-12-24 15:15:00,Buy,23550.0,PE,19.8,10.0,0.1,2024-12-26 15:25:00,2024-12-26,2,Tuesday
395,2024-12-24,2024-12-24 12:15:00,Sell,23800,CE,81.45,-10,26.45,2024-12-26 10:07:00,23793.8,2024-12-24,2024-12-24 15:15:00,Buy,23900.0,CE,24.25,10.0,10.2,2024-12-26 10:07:00,2024-12-26,2,Tuesday
396,2024-12-24,2024-12-24 14:30:00,Sell,23750,CE,72.75,-10,23.8,2024-12-26 10:47:00,23738.85,2024-12-24,2024-12-24 15:15:00,Buy,23900.0,CE,24.25,10.0,5.4,2024-12-26 10:47:00,2024-12-26,2,Tuesday
397,2024-12-26,2024-12-26 09:30:00,Sell,23800,PE,32.8,-10,50.35,2024-12-26 15:25:00,23826.75,2024-12-26,2024-12-26 15:15:00,Buy,23750.0,PE,0.5,10.0,0.5,2024-12-26 15:25:00,2024-12-26,0,Thursday
398,2024-12-26,2024-12-26 10:15:00,Sell,23750,CE,45.25,-10,15.6,2024-12-26 12:26:00,23748.9,,,,,,,,,,2024-12-26,0,Thursday
399,2024-12-27,2024-12-27 09:30:00,Sell,23850,CE,189.65,-10,66.35,2024-12-30 15:08:00,23850.0,2024-12-27,2024-12-27 15:15:00,Buy,24100.0,CE,44.75,10.0,17.2,2024-12-30 15:08:00,2025-01-02,4,Friday
400,2024-12-27,2024-12-27 09:30:00,Sell,23850,PE,154.2,-10,51.3,2025-01-02 11:00:00,23850.0,2024-12-27,2024-12-27 15:15:00,Buy,23550.0,PE,43.25,10.0,10.35,2025-01-02 11:00:00,2025-01-02,4,Friday
401,2024-12-27,2024-12-27 10:00:00,Sell,23900,PE,131.1,-10,39.85,2025-01-02 12:32:00,23919.05,2024-12-27,2024-12-27 15:15:00,Buy,23550.0,PE,43.25,10.0,8.25,2025-01-02 12:32:00,2025-01-02,4,Friday
402,2024-12-27,2024-12-27 12:15:00,Sell,23850,CE,167.75,-10,40.3,2024-12-31 09:15:00,23845.9,2024-12-27,2024-12-27 15:15:00,Buy,24100.0,CE,44.75,10.0,12.0,2024-12-31 09:15:00,2025-01-02,4,Friday
403,2024-12-30,2024-12-30 09:30:00,Sell,23800,CE,106.8,-10,35.7,2024-12-31 10:10:00,23758.4,2024-12-30,2024-12-30 15:15:00,Buy,23950.0,CE,37.7,10.0,17.25,2024-12-31 10:10:00,2025-01-02,3,Monday
404,2024-12-30,2024-12-30 09:45:00,Sell,23750,CE,124.35,-10,440.35,2025-01-02 15:25:00,23724.55,2024-12-30,2024-12-30 15:15:00,Buy,23950.0,CE,37.7,10.0,247.85,2025-01-02 15:25:00,2025-01-02,3,Monday
405,2024-12-30,2024-12-30 10:45:00,Sell,23800,PE,110.8,-10,37.25,2025-01-02 11:11:00,23801.05,2024-12-30,2024-12-30 15:15:00,Buy,23400.0,PE,42.05,10.0,3.45,2025-01-02 11:11:00,2025-01-02,3,Monday
406,2024-12-30,2024-12-30 11:45:00,Sell,23850,PE,103.75,-10,36.1,2025-01-02 12:31:00,23873.8,2024-12-30,2024-12-30 15:15:00,Buy,23400.0,PE,42.05,10.0,2.7,2025-01-02 12:31:00,2025-01-02,3,Monday
407,2024-12-30,2024-12-30 12:30:00,Sell,23800,CE,150.9,-10,44.65,2024-12-31 09:16:00,23794.45,2024-12-30,2024-12-30 15:15:00,Buy,23950.0,CE,37.7,10.0,21.55,2024-12-31 09:16:00,2025-01-02,3,Monday
408,2024-12-30,2024-12-30 13:30:00,Sell,23750,CE,146.3,-10,49.15,2024-12-31 09:43:00,23726.25,2024-12-30,2024-12-30 15:15:00,Buy,23950.0,CE,37.7,10.0,19.35,2024-12-31 09:43:00,2025-01-02,3,Monday
409,2024-12-30,2024-12-30 13:45:00,Sell,23700,CE,145.95,-10,490.45,2025-01-02 15:25:00,23692.8,2024-12-30,2024-12-30 15:15:00,Buy,23950.0,CE,37.7,10.0,247.85,2025-01-02 15:25:00,2025-01-02,3,Monday
410,2024-12-30,2024-12-30 14:15:00,Sell,23650,CE,154.0,-10,539.7,2025-01-02 15:25:00,23640.1,2024-12-30,2024-12-30 15:15:00,Buy,23950.0,CE,37.7,10.0,247.85,2025-01-02 15:25:00,2025-01-02,3,Monday
411,2024-12-30,2024-12-30 15:00:00,Sell,23700,PE,113.85,-10,37.0,2025-01-02 10:25:00,23700.75,2024-12-30,2024-12-30 15:15:00,Buy,23400.0,PE,42.05,10.0,5.5,2025-01-02 10:25:00,2025-01-02,3,Monday
412,2024-12-30,2024-12-30 15:15:00,Sell,23650,CE,146.2,-10,539.7,2025-01-02 15:25:00,23617.5,2024-12-30,2024-12-30 15:15:00,Buy,23950.0,CE,37.7,10.0,247.85,2025-01-02 15:25:00,2025-01-02,3,Monday
413,2024-12-31,2024-12-31 09:30:00,Sell,23600,CE,106.1,-10,590.0,2025-01-02 15:25:00,23541.25,2024-12-31,2024-12-31 15:15:00,Buy,23950.0,CE,38.1,10.0,247.85,2025-01-02 15:25:00,2025-01-02,2,Tuesday
414,2024-12-31,2024-12-31 09:30:00,Sell,23550,CE,129.45,-10,640.0,2025-01-02 15:25:00,23541.25,2024-12-31,2024-12-31 15:15:00,Buy,23950.0,CE,38.1,10.0,247.85,2025-01-02 15:25:00,2025-01-02,2,Tuesday
415,2024-12-31,2024-12-31 10:15:00,Sell,23500,CE,132.0,-10,688.85,2025-01-02 15:25:00,23470.5,2024-12-31,2024-12-31 15:15:00,Buy,23950.0,CE,38.1,10.0,247.85,2025-01-02 15:25:00,2025-01-02,2,Tuesday
416,2024-12-31,2024-12-31 11:00:00,Sell,23550,PE,108.25,-10,36.75,2025-01-01 14:01:00,23572.5,2024-12-31,2024-12-31 15:15:00,Buy,23350.0,PE,31.5,10.0,18.0,2025-01-01 14:01:00,2025-01-02,2,Tuesday
417,2024-12-31,2024-12-31 11:15:00,Sell,23600,PE,112.9,-10,22.25,2025-01-02 09:15:00,23609.15,2024-12-31,2024-12-31 15:15:00,Buy,23350.0,PE,31.5,10.0,10.6,2025-01-02 09:15:00,2025-01-02,2,Tuesday
418,2024-12-31,2024-12-31 14:15:00,Sell,23650,PE,104.9,-10,32.65,2025-01-02 09:56:00,23679.3,2024-12-31,2024-12-31 15:15:00,Buy,23350.0,PE,31.5,10.0,10.05,2025-01-02 09:56:00,2025-01-02,2,Tuesday
419,2025-01-01,2025-01-01 10:00:00,Sell,23600,CE,133.0,-10,590.0,2025-01-02 15:25:00,23591.7,2025-01-01,2025-01-01 15:15:00,Buy,24000.0,CE,32.6,10.0,196.05,2025-01-02 15:25:00,2025-01-02,1,Wednesday
420,2025-01-01,2025-01-01 10:30:00,Sell,23650,PE,106.0,-10,32.65,2025-01-02 09:56:00,23653.25,2025-01-01,2025-01-01 15:15:00,Buy,23500.0,PE,34.65,10.0,30.0,2025-01-02 09:56:00,2025-01-02,1,Wednesday
421,2025-01-01,2025-01-01 11:00:00,Sell,23700,PE,104.9,-10,35.8,2025-01-02 10:42:00,23739.4,2025-01-01,2025-01-01 15:15:00,Buy,23500.0,PE,34.65,10.0,11.5,2025-01-02 10:42:00,2025-01-02,1,Wednesday
422,2025-01-01,2025-01-01 11:15:00,Sell,23750,PE,126.25,-10,43.35,2025-01-02 10:48:00,23754.25,2025-01-01,2025-01-01 15:15:00,Buy,23500.0,PE,34.65,10.0,11.5,2025-01-02 10:48:00,2025-01-02,1,Wednesday
423,2025-01-01,2025-01-01 12:00:00,Sell,23700,CE,144.95,-10,490.45,2025-01-02 15:25:00,23691.1,2025-01-01,2025-01-01 15:15:00,Buy,24000.0,CE,32.6,10.0,196.05,2025-01-02 15:25:00,2025-01-02,1,Wednesday
424,2025-01-01,2025-01-01 12:45:00,Sell,23750,PE,123.0,-10,41.0,2025-01-02 10:49:00,23760.4,2025-01-01,2025-01-01 15:15:00,Buy,23500.0,PE,34.65,10.0,9.6,2025-01-02 10:49:00,2025-01-02,1,Wednesday
425,2025-01-02,2025-01-02 09:45:00,Sell,23800,PE,85.95,-10,29.85,2025-01-02 11:30:00,23826.65,,,,,,,,,,2025-01-02,0,Thursday
426,2025-01-02,2025-01-02 10:30:00,Sell,23850,PE,78.25,-10,25.65,2025-01-02 12:42:00,23878.25,,,,,,,,,,2025-01-02,0,Thursday
427,2025-01-02,2025-01-02 11:00:00,Sell,23900,PE,67.75,-10,21.4,2025-01-02 12:59:00,23931.95,,,,,,,,,,2025-01-02,0,Thursday
428,2025-01-02,2025-01-02 11:30:00,Sell,23950,PE,71.0,-10,24.3,2025-01-02 13:02:00,23966.65,,,,,,,,,,2025-01-02,0,Thursday
429,2025-01-02,2025-01-02 12:30:00,Sell,24000,PE,81.4,-10,27.7,2025-01-02 13:08:00,24014.85,,,,,,,,,,2025-01-02,0,Thursday
430,2025-01-02,2025-01-02 12:45:00,Sell,24050,PE,85.35,-10,26.1,2025-01-02 13:17:00,24054.65,,,,,,,,,,2025-01-02,0,Thursday
431,2025-01-02,2025-01-02 13:45:00,Sell,24100,PE,15.3,-10,5.25,2025-01-02 14:21:00,24145.55,,,,,,,,,,2025-01-02,0,Thursday
432,2025-01-02,2025-01-02 14:30:00,Sell,24150,PE,13.25,-10,3.65,2025-01-02 14:48:00,24156.45,,,,,,,,,,2025-01-02,0,Thursday
433,2025-01-02,2025-01-02 15:00:00,Sell,24200,PE,6.85,-10,11.15,2025-01-02 15:25:00,24209.15,2025-01-02,2025-01-02 15:15:00,Buy,24150.0,PE,0.3,10.0,0.05,2025-01-02 15:25:00,2025-01-02,0,Thursday
434,2025-01-03,2025-01-03 09:30:00,Sell,24150,CE,171.1,-10,57.65,2025-01-06 10:43:00,24150.0,2025-01-03,2025-01-03 15:15:00,Buy,24300.0,CE,52.0,10.0,30.25,2025-01-06 10:43:00,2025-01-09,4,Friday
435,2025-01-03,2025-01-03 09:30:00,Sell,24150,PE,198.1,-10,626.0,2025-01-09 15:25:00,24150.0,2025-01-03,2025-01-03 15:15:00,Buy,23700.0,PE,50.15,10.0,175.0,2025-01-09 15:25:00,2025-01-09,4,Friday
436,2025-01-03,2025-01-03 09:45:00,Sell,24100,CE,173.05,-10,60.0,2025-01-06 10:56:00,24081.65,2025-01-03,2025-01-03 15:15:00,Buy,24300.0,CE,52.0,10.0,26.2,2025-01-06 10:56:00,2025-01-09,4,Friday
437,2025-01-03,2025-01-03 10:15:00,Sell,24050,CE,163.2,-10,56.95,2025-01-06 11:48:00,24042.45,2025-01-03,2025-01-03 15:15:00,Buy,24300.0,CE,52.0,10.0,22.55,2025-01-06 11:48:00,2025-01-09,4,Friday
438,2025-01-03,2025-01-03 11:30:00,Sell,24100,PE,161.6,-10,575.0,2025-01-09 15:25:00,24113.3,2025-01-03,2025-01-03 15:15:00,Buy,23700.0,PE,50.15,10.0,175.0,2025-01-09 15:25:00,2025-01-09,4,Friday
439,2025-01-03,2025-01-03 14:00:00,Sell,24050,CE,141.9,-10,49.45,2025-01-06 11:55:00,24041.25,2025-01-03,2025-01-03 15:15:00,Buy,24300.0,CE,52.0,10.0,20.5,2025-01-06 11:55:00,2025-01-09,4,Friday
440,2025-01-06,2025-01-06 09:45:00,Sell,24000,CE,135.8,-10,41.8,2025-01-07 09:50:00,23947.55,2025-01-06,2025-01-06 15:15:00,Buy,24050.0,CE,44.75,10.0,32.8,2025-01-07 09:50:00,2025-01-09,3,Monday
441,2025-01-06,2025-01-06 09:45:00,Sell,23950,CE,158.95,-10,52.7,2025-01-07 09:50:00,23947.55,2025-01-06,2025-01-06 15:15:00,Buy,24050.0,CE,44.75,10.0,32.8,2025-01-07 09:50:00,2025-01-09,3,Monday
442,2025-01-06,2025-01-06 10:15:00,Sell,24000,PE,143.4,-10,475.0,2025-01-09 15:25:00,24024.0,2025-01-06,2025-01-06 15:15:00,Buy,23100.0,PE,46.5,10.0,0.05,2025-01-09 15:25:00,2025-01-09,3,Monday
443,2025-01-06,2025-01-06 10:45:00,Sell,23950,CE,116.6,-10,40.2,2025-01-07 12:14:00,23882.4,2025-01-06,2025-01-06 15:15:00,Buy,24050.0,CE,44.75,10.0,23.3,2025-01-07 12:14:00,2025-01-09,3,Monday
444,2025-01-06,2025-01-06 10:45:00,Sell,23900,CE,138.15,-10,45.15,2025-01-07 13:54:00,23882.4,2025-01-06,2025-01-06 15:15:00,Buy,24050.0,CE,44.75,10.0,23.3,2025-01-07 13:54:00,2025-01-09,3,Monday
445,2025-01-06,2025-01-06 11:00:00,Sell,23850,CE,149.5,-10,48.1,2025-01-08 09:16:00,23831.05,2025-01-06,2025-01-06 15:15:00,Buy,24050.0,CE,44.75,10.0,14.75,2025-01-08 09:16:00,2025-01-09,3,Monday
446,2025-01-06,2025-01-06 11:15:00,Sell,23800,CE,149.5,-10,49.3,2025-01-08 09:20:00,23744.3,2025-01-06,2025-01-06 15:15:00,Buy,24050.0,CE,44.75,10.0,11.5,2025-01-08 09:20:00,2025-01-09,3,Monday
447,2025-01-06,2025-01-06 11:15:00,Sell,23750,CE,172.0,-10,58.35,2025-01-08 09:24:00,23744.3,2025-01-06,2025-01-06 15:15:00,Buy,24050.0,CE,44.75,10.0,10.7,2025-01-08 09:24:00,2025-01-09,3,Monday
448,2025-01-06,2025-01-06 12:00:00,Sell,23700,CE,154.6,-10,54.05,2025-01-08 10:21:00,23609.9,2025-01-06,2025-01-06 15:15:00,Buy,24050.0,CE,44.75,10.0,10.5,2025-01-08 10:21:00,2025-01-09,3,Monday
449,2025-01-06,2025-01-06 12:00:00,Sell,23650,CE,177.15,-10,61.3,2025-01-08 10:27:00,23609.9,2025-01-06,2025-01-06 15:15:00,Buy,24050.0,CE,44.75,10.0,10.5,2025-01-08 10:27:00,2025-01-09,3,Monday
450,2025-01-06,2025-01-06 12:15:00,Sell,23700,PE,177.85,-10,175.0,2025-01-09 15:25:00,23719.35,2025-01-06,2025-01-06 15:15:00,Buy,23100.0,PE,46.5,10.0,0.05,2025-01-09 15:25:00,2025-01-09,3,Monday
451,2025-01-06,2025-01-06 13:00:00,Sell,23750,PE,186.45,-10,225.2,2025-01-09 15:25:00,23768.15,2025-01-06,2025-01-06 15:15:00,Buy,23100.0,PE,46.5,10.0,0.05,2025-01-09 15:25:00,2025-01-09,3,Monday
452,2025-01-06,2025-01-06 13:30:00,Sell,23700,CE,173.4,-10,58.1,2025-01-08 09:35:00,23672.1,2025-01-06,2025-01-06 15:15:00,Buy,24050.0,CE,44.75,10.0,8.2,2025-01-08 09:35:00,2025-01-09,3,Monday
453,2025-01-06,2025-01-06 13:45:00,Sell,23650,CE,189.45,-10,65.35,2025-01-08 10:25:00,23648.9,2025-01-06,2025-01-06 15:15:00,Buy,24050.0,CE,44.75,10.0,10.5,2025-01-08 10:25:00,2025-01-09,3,Monday
454,2025-01-06,2025-01-06 14:45:00,Sell,23600,CE,191.55,-10,66.65,2025-01-08 10:43:00,23574.7,2025-01-06,2025-01-06 15:15:00,Buy,24050.0,CE,44.75,10.0,10.5,2025-01-08 10:43:00,2025-01-09,3,Monday
455,2025-01-07,2025-01-07 09:30:00,Sell,23650,PE,103.95,-10,124.4,2025-01-09 15:25:00,23761.0,2025-01-07,2025-01-07 15:15:00,Buy,23450.0,PE,37.95,10.0,0.05,2025-01-09 15:25:00,2025-01-09,2,Tuesday
456,2025-01-07,2025-01-07 09:30:00,Sell,23700,PE,122.0,-10,175.0,2025-01-09 15:25:00,23761.0,2025-01-07,2025-01-07 15:15:00,Buy,23450.0,PE,37.95,10.0,0.05,2025-01-09 15:25:00,2025-01-09,2,Tuesday
457,2025-01-07,2025-01-07 09:30:00,Sell,23750,PE,142.9,-10,225.2,2025-01-09 15:25:00,23761.0,2025-01-07,2025-01-07 15:15:00,Buy,23450.0,PE,37.95,10.0,0.05,2025-01-09 15:25:00,2025-01-09,2,Tuesday
458,2025-01-07,2025-01-07 10:00:00,Sell,23700,CE,145.4,-10,50.8,2025-01-08 10:22:00,23678.5,2025-01-07,2025-01-07 15:15:00,Buy,23950.0,CE,35.05,10.0,18.1,2025-01-08 10:22:00,2025-01-09,2,Tuesday
459,2025-01-07,2025-01-07 10:30:00,Sell,23750,PE,131.5,-10,225.2,2025-01-09 15:25:00,23758.9,2025-01-07,2025-01-07 15:15:00,Buy,23450.0,PE,37.95,10.0,0.05,2025-01-09 15:25:00,2025-01-09,2,Tuesday
460,2025-01-07,2025-01-07 14:00:00,Sell,23700,CE,121.15,-10,42.4,2025-01-08 10:35:00,23689.4,2025-01-07,2025-01-07 15:15:00,Buy,23950.0,CE,35.05,10.0,18.1,2025-01-08 10:35:00,2025-01-09,2,Tuesday
461,2025-01-08,2025-01-08 09:30:00,Sell,23650,CE,86.75,-10,30.2,2025-01-08 12:43:00,23637.8,,,,,,,,,,2025-01-09,1,Wednesday
462,2025-01-08,2025-01-08 10:45:00,Sell,23600,CE,65.25,-10,22.65,2025-01-09 10:52:00,23553.4,2025-01-08,2025-01-08 15:15:00,Buy,23900.0,CE,22.1,10.0,4.4,2025-01-09 10:52:00,2025-01-09,1,Wednesday
463,2025-01-08,2025-01-08 12:15:00,Sell,23550,CE,68.6,-10,23.4,2025-01-09 12:32:00,23526.55,2025-01-08,2025-01-08 15:15:00,Buy,23900.0,CE,22.1,10.0,1.35,2025-01-09 12:32:00,2025-01-09,1,Wednesday
464,2025-01-08,2025-01-08 13:45:00,Sell,23600,PE,58.9,-10,74.6,2025-01-09 15:25:00,23630.3,2025-01-08,2025-01-08 15:15:00,Buy,23500.0,PE,17.0,10.0,0.05,2025-01-09 15:25:00,2025-01-09,1,Wednesday
465,2025-01-08,2025-01-08 14:00:00,Sell,23650,PE,63.6,-10,124.4,2025-01-09 15:25:00,23666.25,2025-01-08,2025-01-08 15:15:00,Buy,23500.0,PE,17.0,10.0,0.05,2025-01-09 15:25:00,2025-01-09,1,Wednesday
466,2025-01-08,2025-01-08 15:15:00,Sell,23700,PE,71.35,-10,175.0,2025-01-09 15:25:00,23703.95,2025-01-08,2025-01-08 15:15:00,Buy,23500.0,PE,17.0,10.0,0.05,2025-01-09 15:25:00,2025-01-09,1,Wednesday
467,2025-01-09,2025-01-09 09:30:00,Sell,23650,CE,28.5,-10,9.75,2025-01-09 11:21:00,23614.35,,,,,,,,,,2025-01-09,0,Thursday
468,2025-01-09,2025-01-09 11:00:00,Sell,23600,CE,18.7,-10,6.5,2025-01-09 13:22:00,23544.75,,,,,,,,,,2025-01-09,0,Thursday
469,2025-01-09,2025-01-09 11:00:00,Sell,23550,CE,34.0,-10,10.8,2025-01-09 13:35:00,23544.75,,,,,,,,,,2025-01-09,0,Thursday
470,2025-01-10,2025-01-10 09:30:00,Sell,23500,CE,204.4,-10,70.2,2025-01-13 09:15:00,23500.0,2025-01-10,2025-01-10 15:15:00,Buy,23750.0,CE,49.2,10.0,30.3,2025-01-13 09:15:00,2025-01-16,4,Friday
471,2025-01-10,2025-01-10 09:30:00,Sell,23500,PE,159.65,-10,189.75,2025-01-16 15:25:00,23500.0,2025-01-10,2025-01-10 15:15:00,Buy,23100.0,PE,53.7,10.0,0.15,2025-01-16 15:25:00,2025-01-16,4,Friday
472,2025-01-10,2025-01-10 10:00:00,Sell,23450,CE,168.35,-10,58.9,2025-01-13 12:00:00,23369.6,2025-01-10,2025-01-10 15:15:00,Buy,23750.0,CE,49.2,10.0,15.85,2025-01-13 12:00:00,2025-01-16,4,Friday
473,2025-01-10,2025-01-10 10:00:00,Sell,23400,CE,193.9,-10,66.2,2025-01-13 12:19:00,23369.6,2025-01-10,2025-01-10 15:15:00,Buy,23750.0,CE,49.2,10.0,14.25,2025-01-13 12:19:00,2025-01-16,4,Friday
474,2025-01-10,2025-01-10 11:00:00,Sell,23450,PE,161.15,-10,140.35,2025-01-16 15:25:00,23461.15,2025-01-10,2025-01-10 15:15:00,Buy,23100.0,PE,53.7,10.0,0.15,2025-01-16 15:25:00,2025-01-16,4,Friday
475,2025-01-10,2025-01-10 11:15:00,Sell,23500,PE,135.55,-10,189.75,2025-01-16 15:25:00,23557.4,2025-01-10,2025-01-10 15:15:00,Buy,23100.0,PE,53.7,10.0,0.15,2025-01-16 15:25:00,2025-01-16,4,Friday
476,2025-01-10,2025-01-10 11:15:00,Sell,23550,PE,154.2,-10,240.2,2025-01-16 15:25:00,23557.4,2025-01-10,2025-01-10 15:15:00,Buy,23100.0,PE,53.7,10.0,0.15,2025-01-16 15:25:00,2025-01-16,4,Friday
477,2025-01-10,2025-01-10 13:30:00,Sell,23500,CE,170.5,-10,57.15,2025-01-13 09:31:00,23488.65,2025-01-10,2025-01-10 15:15:00,Buy,23750.0,CE,49.2,10.0,19.9,2025-01-13 09:31:00,2025-01-16,4,Friday
478,2025-01-10,2025-01-10 14:15:00,Sell,23450,CE,170.75,-10,59.0,2025-01-13 11:59:00,23440.95,2025-01-10,2025-01-10 15:15:00,Buy,23750.0,CE,49.2,10.0,16.0,2025-01-13 11:59:00,2025-01-16,4,Friday
479,2025-01-13,2025-01-13 09:30:00,Sell,23400,CE,101.7,-10,35.25,2025-01-13 15:05:00,23255.95,,,,,,,,,,2025-01-16,3,Monday
480,2025-01-13,2025-01-13 09:30:00,Sell,23350,CE,123.2,-10,42.0,2025-01-14 09:55:00,23255.95,2025-01-13,2025-01-13 15:15:00,Buy,23400.0,CE,38.0,10.0,41.15,2025-01-14 09:55:00,2025-01-16,3,Monday
481,2025-01-13,2025-01-13 09:30:00,Sell,23300,CE,147.4,-10,47.25,2025-01-14 10:19:00,23255.95,2025-01-13,2025-01-13 15:15:00,Buy,23400.0,CE,38.0,10.0,41.15,2025-01-14 10:19:00,2025-01-16,3,Monday
482,2025-01-13,2025-01-13 09:45:00,Sell,23250,CE,162.5,-10,55.8,2025-01-14 13:51:00,23247.05,2025-01-13,2025-01-13 15:15:00,Buy,23400.0,CE,38.0,10.0,41.15,2025-01-14 13:51:00,2025-01-16,3,Monday
483,2025-01-13,2025-01-13 10:30:00,Sell,23300,PE,141.25,-10,40.0,2025-01-16 09:15:00,23319.35,2025-01-13,2025-01-13 15:15:00,Buy,22800.0,PE,40.15,10.0,2.3,2025-01-16 09:15:00,2025-01-16,3,Monday
484,2025-01-13,2025-01-13 11:30:00,Sell,23250,CE,149.2,-10,51.65,2025-01-15 11:34:00,23240.8,2025-01-13,2025-01-13 15:15:00,Buy,23400.0,CE,38.0,10.0,18.75,2025-01-15 11:34:00,2025-01-16,3,Monday
485,2025-01-13,2025-01-13 13:00:00,Sell,23200,CE,141.2,-10,48.7,2025-01-15 13:37:00,23180.0,2025-01-13,2025-01-13 15:15:00,Buy,23400.0,CE,38.0,10.0,9.6,2025-01-15 13:37:00,2025-01-16,3,Monday
486,2025-01-13,2025-01-13 14:00:00,Sell,23150,CE,128.35,-10,159.9,2025-01-16 15:25:00,23114.5,2025-01-13,2025-01-13 15:15:00,Buy,23400.0,CE,38.0,10.0,0.3,2025-01-16 15:25:00,2025-01-16,3,Monday
487,2025-01-13,2025-01-13 14:45:00,Sell,23100,CE,143.0,-10,210.0,2025-01-16 15:25:00,23082.5,2025-01-13,2025-01-13 15:15:00,Buy,23400.0,CE,38.0,10.0,0.3,2025-01-16 15:25:00,2025-01-16,3,Monday
488,2025-01-14,2025-01-14 09:30:00,Sell,23150,PE,86.3,-10,29.9,2025-01-15 10:44:00,23192.5,2025-01-14,2025-01-14 15:15:00,Buy,23000.0,PE,24.35,10.0,19.05,2025-01-15 10:44:00,2025-01-16,2,Tuesday
489,2025-01-14,2025-01-14 11:00:00,Sell,23200,PE,78.1,-10,18.0,2025-01-16 09:15:00,23216.15,2025-01-14,2025-01-14 15:15:00,Buy,23000.0,PE,24.35,10.0,5.0,2025-01-16 09:15:00,2025-01-16,2,Tuesday
490,2025-01-14,2025-01-14 11:15:00,Sell,23250,PE,84.35,-10,25.0,2025-01-16 09:15:00,23260.3,2025-01-14,2025-01-14 15:15:00,Buy,23000.0,PE,24.35,10.0,5.0,2025-01-16 09:15:00,2025-01-16,2,Tuesday
491,2025-01-14,2025-01-14 11:45:00,Sell,23200,CE,110.95,-10,109.65,2025-01-16 15:25:00,23196.15,2025-01-14,2025-01-14 15:15:00,Buy,23400.0,CE,27.7,10.0,0.3,2025-01-16 15:25:00,2025-01-16,2,Tuesday
492,2025-01-15,2025-01-15 10:45:00,Sell,23250,PE,55.85,-10,18.55,2025-01-16 09:16:00,23268.6,2025-01-15,2025-01-15 15:15:00,Buy,23050.0,PE,15.4,10.0,3.1,2025-01-16 09:16:00,2025-01-16,1,Wednesday
493,2025-01-15,2025-01-15 13:30:00,Sell,23200,CE,53.55,-10,109.65,2025-01-16 15:25:00,23173.4,2025-01-15,2025-01-15 15:15:00,Buy,23350.0,CE,13.95,10.0,0.1,2025-01-16 15:25:00,2025-01-16,1,Wednesday
494,2025-01-16,2025-01-16 09:30:00,Sell,23250,PE,11.2,-10,3.6,2025-01-16 12:46:00,23348.3,,,,,,,,,,2025-01-16,0,Thursday
495,2025-01-16,2025-01-16 09:30:00,Sell,23300,PE,21.4,-10,6.6,2025-01-16 13:53:00,23348.3,,,,,,,,,,2025-01-16,0,Thursday
496,2025-01-17,2025-01-17 09:30:00,Sell,23200,CE,201.4,-10,66.85,2025-01-21 15:06:00,23200.0,2025-01-17,2025-01-17 15:15:00,Buy,23500.0,CE,54.25,10.0,37.95,2025-01-21 15:06:00,2025-01-23,4,Friday
497,2025-01-17,2025-01-17 09:30:00,Sell,23200,PE,149.65,-10,49.8,2025-01-23 09:45:00,23200.0,2025-01-17,2025-01-17 15:15:00,Buy,22850.0,PE,47.8,10.0,3.7,2025-01-23 09:45:00,2025-01-23,4,Friday
498,2025-01-17,2025-01-17 10:30:00,Sell,23250,PE,154.35,-10,50.5,2025-01-23 10:08:00,23263.65,2025-01-17,2025-01-17 15:15:00,Buy,22850.0,PE,47.8,10.0,2.4,2025-01-23 10:08:00,2025-01-23,4,Friday
499,2025-01-17,2025-01-17 10:45:00,Sell,23200,CE,183.55,-10,57.25,2025-01-22 09:44:00,23198.15,2025-01-17,2025-01-17 15:15:00,Buy,23500.0,CE,54.25,10.0,12.5,2025-01-22 09:44:00,2025-01-23,4,Friday
500,2025-01-17,2025-01-17 11:00:00,Sell,23150,CE,173.35,-10,60.45,2025-01-22 11:04:00,23107.65,2025-01-17,2025-01-17 15:15:00,Buy,23500.0,CE,54.25,10.0,9.9,2025-01-22 11:04:00,2025-01-23,4,Friday
501,2025-01-17,2025-01-17 12:15:00,Sell,23200,PE,172.2,-10,54.15,2025-01-21 09:15:00,23208.6,2025-01-17,2025-01-17 15:15:00,Buy,22850.0,PE,47.8,10.0,19.1,2025-01-21 09:15:00,2025-01-23,4,Friday
502,2025-01-20,2025-01-20 10:30:00,Sell,23250,PE,143.25,-10,44.4,2025-01-23 10:11:00,23250.05,2025-01-20,2025-01-20 15:15:00,Buy,23050.0,PE,40.1,10.0,5.85,2025-01-23 10:11:00,2025-01-23,3,Monday
503,2025-01-20,2025-01-20 11:30:00,Sell,23300,PE,119.55,-10,94.8,2025-01-23 15:25:00,23331.35,2025-01-20,2025-01-20 15:15:00,Buy,23050.0,PE,40.1,10.0,0.1,2025-01-23 15:25:00,2025-01-23,3,Monday
504,2025-01-20,2025-01-20 11:45:00,Sell,23350,PE,130.55,-10,144.8,2025-01-23 15:25:00,23372.0,2025-01-20,2025-01-20 15:15:00,Buy,23050.0,PE,40.1,10.0,0.1,2025-01-23 15:25:00,2025-01-23,3,Monday
505,2025-01-21,2025-01-21 09:30:00,Sell,23400,PE,127.1,-10,194.9,2025-01-23 15:25:00,23414.6,2025-01-21,2025-01-21 15:15:00,Buy,22800.0,PE,35.4,10.0,0.05,2025-01-23 15:25:00,2025-01-23,2,Tuesday
506,2025-01-21,2025-01-21 09:45:00,Sell,23350,CE,143.7,-10,48.25,2025-01-21 14:41:00,23340.25,,,,,,,,,,2025-01-23,2,Tuesday
507,2025-01-21,2025-01-21 10:00:00,Sell,23300,CE,150.55,-10,51.95,2025-01-21 14:48:00,23297.8,,,,,,,,,,2025-01-23,2,Tuesday
508,2025-01-21,2025-01-21 10:30:00,Sell,23250,CE,128.75,-10,42.5,2025-01-22 09:44:00,23141.0,2025-01-21,2025-01-21 15:15:00,Buy,23350.0,CE,35.4,10.0,29.7,2025-01-22 09:44:00,2025-01-23,2,Tuesday
509,2025-01-21,2025-01-21 10:30:00,Sell,23200,CE,150.8,-10,52.6,2025-01-22 09:46:00,23141.0,2025-01-21,2025-01-21 15:15:00,Buy,23350.0,CE,35.4,10.0,29.7,2025-01-22 09:46:00,2025-01-23,2,Tuesday
510,2025-01-21,2025-01-21 10:30:00,Sell,23150,CE,175.3,-10,60.45,2025-01-22 11:04:00,23141.0,2025-01-21,2025-01-21 15:15:00,Buy,23350.0,CE,35.4,10.0,24.1,2025-01-22 11:04:00,2025-01-23,2,Tuesday
511,2025-01-21,2025-01-21 12:00:00,Sell,23200,PE,75.45,-10,25.35,2025-01-23 10:08:00,23380.9,2025-01-21,2025-01-21 15:15:00,Buy,22800.0,PE,35.4,10.0,2.05,2025-01-23 10:08:00,2025-01-23,2,Tuesday
512,2025-01-21,2025-01-21 12:00:00,Sell,23250,PE,90.95,-10,30.45,2025-01-23 10:33:00,23380.9,2025-01-21,2025-01-21 15:15:00,Buy,22800.0,PE,35.4,10.0,2.0,2025-01-23 10:33:00,2025-01-23,2,Tuesday
513,2025-01-21,2025-01-21 12:00:00,Sell,23300,PE,106.5,-10,94.8,2025-01-23 15:25:00,23380.9,2025-01-21,2025-01-21 15:15:00,Buy,22800.0,PE,35.4,10.0,0.05,2025-01-23 15:25:00,2025-01-23,2,Tuesday
514,2025-01-21,2025-01-21 12:00:00,Sell,23350,PE,126.35,-10,144.8,2025-01-23 15:25:00,23380.9,2025-01-21,2025-01-21 15:15:00,Buy,22800.0,PE,35.4,10.0,0.05,2025-01-23 15:25:00,2025-01-23,2,Tuesday
515,2025-01-21,2025-01-21 12:15:00,Sell,23300,CE,147.3,-10,49.8,2025-01-21 14:54:00,23280.45,,,,,,,,,,2025-01-23,2,Tuesday
516,2025-01-21,2025-01-21 12:30:00,Sell,23250,CE,114.35,-10,38.85,2025-01-22 09:46:00,23133.0,2025-01-21,2025-01-21 15:15:00,Buy,23350.0,CE,35.4,10.0,29.7,2025-01-22 09:46:00,2025-01-23,2,Tuesday
517,2025-01-21,2025-01-21 12:30:00,Sell,23200,CE,136.2,-10,46.45,2025-01-22 10:40:00,23133.0,2025-01-21,2025-01-21 15:15:00,Buy,23350.0,CE,35.4,10.0,24.1,2025-01-22 10:40:00,2025-01-23,2,Tuesday
518,2025-01-21,2025-01-21 12:30:00,Sell,23150,CE,160.55,-10,56.0,2025-01-22 11:12:00,23133.0,2025-01-21,2025-01-21 15:15:00,Buy,23350.0,CE,35.4,10.0,24.1,2025-01-22 11:12:00,2025-01-23,2,Tuesday
519,2025-01-21,2025-01-21 13:00:00,Sell,23200,PE,136.35,-10,45.0,2025-01-23 09:47:00,23234.3,2025-01-21,2025-01-21 15:15:00,Buy,22800.0,PE,35.4,10.0,2.95,2025-01-23 09:47:00,2025-01-23,2,Tuesday
520,2025-01-21,2025-01-21 13:15:00,Sell,23250,PE,141.5,-10,44.4,2025-01-23 10:11:00,23252.45,2025-01-21,2025-01-21 15:15:00,Buy,22800.0,PE,35.4,10.0,2.3,2025-01-23 10:11:00,2025-01-23,2,Tuesday
521,2025-01-21,2025-01-21 14:15:00,Sell,23200,CE,139.85,-10,46.45,2025-01-22 10:40:00,23193.9,2025-01-21,2025-01-21 15:15:00,Buy,23350.0,CE,35.4,10.0,24.1,2025-01-22 10:40:00,2025-01-23,2,Tuesday
522,2025-01-21,2025-01-21 14:45:00,Sell,23150,CE,102.15,-10,34.85,2025-01-22 12:09:00,23008.3,2025-01-21,2025-01-21 15:15:00,Buy,23350.0,CE,35.4,10.0,24.1,2025-01-22 12:09:00,2025-01-23,2,Tuesday
523,2025-01-21,2025-01-21 14:45:00,Sell,23100,CE,123.05,-10,42.9,2025-01-22 13:34:00,23008.3,2025-01-21,2025-01-21 15:15:00,Buy,23350.0,CE,35.4,10.0,24.1,2025-01-22 13:34:00,2025-01-23,2,Tuesday
524,2025-01-21,2025-01-21 14:45:00,Sell,23050,CE,145.6,-10,154.5,2025-01-23 15:25:00,23008.3,2025-01-21,2025-01-21 15:15:00,Buy,23350.0,CE,35.4,10.0,0.05,2025-01-23 15:25:00,2025-01-23,2,Tuesday
525,2025-01-22,2025-01-22 10:00:00,Sell,23100,PE,85.55,-10,29.5,2025-01-22 15:13:00,23103.25,,,,,,,,,,2025-01-23,1,Wednesday
526,2025-01-22,2025-01-22 11:45:00,Sell,23050,CE,95.9,-10,154.5,2025-01-23 15:25:00,23044.15,2025-01-22,2025-01-22 15:15:00,Buy,23300.0,CE,22.35,10.0,0.05,2025-01-23 15:25:00,2025-01-23,1,Wednesday
527,2025-01-22,2025-01-22 13:45:00,Sell,23000,CE,84.05,-10,204.8,2025-01-23 15:25:00,22986.25,2025-01-22,2025-01-22 15:15:00,Buy,23300.0,CE,22.35,10.0,0.05,2025-01-23 15:25:00,2025-01-23,1,Wednesday
528,2025-01-22,2025-01-22 14:15:00,Sell,23050,PE,54.45,-10,18.0,2025-01-23 09:36:00,23065.75,2025-01-22,2025-01-22 15:15:00,Buy,23050.0,PE,20.45,10.0,18.0,2025-01-23 09:36:00,2025-01-23,1,Wednesday
529,2025-01-22,2025-01-22 14:30:00,Sell,23100,PE,60.05,-10,19.4,2025-01-23 09:45:00,23118.9,2025-01-22,2025-01-22 15:15:00,Buy,23050.0,PE,20.45,10.0,13.05,2025-01-23 09:45:00,2025-01-23,1,Wednesday
530,2025-01-22,2025-01-22 15:00:00,Sell,23150,PE,58.1,-10,20.0,2025-01-23 09:57:00,23159.4,2025-01-22,2025-01-22 15:15:00,Buy,23050.0,PE,20.45,10.0,8.3,2025-01-23 09:57:00,2025-01-23,1,Wednesday
531,2025-01-23,2025-01-23 10:00:00,Sell,23200,PE,38.3,-10,12.25,2025-01-23 11:09:00,23202.8,,,,,,,,,,2025-01-23,0,Thursday
532,2025-01-23,2025-01-23 12:30:00,Sell,23250,PE,14.15,-10,44.8,2025-01-23 15:25:00,23251.5,2025-01-23,2025-01-23 15:15:00,Buy,23200.0,PE,0.55,10.0,0.1,2025-01-23 15:25:00,2025-01-23,0,Thursday
533,2025-01-24,2025-01-24 09:30:00,Sell,23250,CE,197.0,-10,62.85,2025-01-27 09:15:00,23250.0,2025-01-24,2025-01-24 15:15:00,Buy,23450.0,CE,46.9,10.0,36.0,2025-01-27 09:15:00,2025-01-30,4,Friday
534,2025-01-24,2025-01-24 09:30:00,Sell,23250,PE,188.5,-10,64.75,2025-01-30 10:29:00,23250.0,2025-01-24,2025-01-24 15:15:00,Buy,22750.0,PE,51.5,10.0,4.55,2025-01-30 10:29:00,2025-01-30,4,Friday
535,2025-01-24,2025-01-24 10:00:00,Sell,23200,CE,175.1,-10,60.5,2025-01-27 10:27:00,23144.25,2025-01-24,2025-01-24 15:15:00,Buy,23450.0,CE,46.9,10.0,22.0,2025-01-27 10:27:00,2025-01-30,4,Friday
536,2025-01-24,2025-01-24 10:00:00,Sell,23150,CE,200.6,-10,69.9,2025-01-27 10:29:00,23144.25,2025-01-24,2025-01-24 15:15:00,Buy,23450.0,CE,46.9,10.0,21.25,2025-01-27 10:29:00,2025-01-30,4,Friday
537,2025-01-24,2025-01-24 10:45:00,Sell,23200,PE,164.8,-10,54.2,2025-01-30 10:23:00,23213.3,2025-01-24,2025-01-24 15:15:00,Buy,22750.0,PE,51.5,10.0,5.3,2025-01-30 10:23:00,2025-01-30,4,Friday
538,2025-01-24,2025-01-24 11:15:00,Sell,23250,PE,140.7,-10,45.9,2025-01-30 13:07:00,23277.95,2025-01-24,2025-01-24 15:15:00,Buy,22750.0,PE,51.5,10.0,1.45,2025-01-30 13:07:00,2025-01-30,4,Friday
539,2025-01-24,2025-01-24 11:45:00,Sell,23300,PE,143.75,-10,52.2,2025-01-30 15:25:00,23321.95,2025-01-24,2025-01-24 15:15:00,Buy,22750.0,PE,51.5,10.0,0.05,2025-01-30 15:25:00,2025-01-30,4,Friday
540,2025-01-24,2025-01-24 12:45:00,Sell,23250,CE,166.0,-10,57.25,2025-01-27 09:20:00,23213.5,2025-01-24,2025-01-24 15:15:00,Buy,23450.0,CE,46.9,10.0,25.6,2025-01-27 09:20:00,2025-01-30,4,Friday
541,2025-01-24,2025-01-24 13:30:00,Sell,23200,CE,175.35,-10,60.5,2025-01-27 10:27:00,23194.85,2025-01-24,2025-01-24 15:15:00,Buy,23450.0,CE,46.9,10.0,22.0,2025-01-27 10:27:00,2025-01-30,4,Friday
542,2025-01-24,2025-01-24 14:15:00,Sell,23150,CE,174.6,-10,59.7,2025-01-27 12:55:00,23141.85,2025-01-24,2025-01-24 15:15:00,Buy,23450.0,CE,46.9,10.0,17.7,2025-01-27 12:55:00,2025-01-30,4,Friday
543,2025-01-24,2025-01-24 14:45:00,Sell,23100,CE,178.15,-10,61.8,2025-01-27 13:55:00,23081.1,2025-01-24,2025-01-24 15:15:00,Buy,23450.0,CE,46.9,10.0,15.15,2025-01-27 13:55:00,2025-01-30,4,Friday
544,2025-01-27,2025-01-27 09:30:00,Sell,23050,CE,133.1,-10,197.55,2025-01-30 15:25:00,22967.55,2025-01-27,2025-01-27 15:15:00,Buy,23200.0,CE,40.85,10.0,48.4,2025-01-30 15:25:00,2025-01-30,3,Monday
545,2025-01-27,2025-01-27 09:30:00,Sell,23000,CE,156.95,-10,249.0,2025-01-30 15:25:00,22967.55,2025-01-27,2025-01-27 15:15:00,Buy,23200.0,CE,40.85,10.0,48.4,2025-01-30 15:25:00,2025-01-30,3,Monday
546,2025-01-27,2025-01-27 10:30:00,Sell,22950,CE,133.45,-10,297.0,2025-01-30 15:25:00,22854.5,2025-01-27,2025-01-27 15:15:00,Buy,23200.0,CE,40.85,10.0,48.4,2025-01-30 15:25:00,2025-01-30,3,Monday
547,2025-01-27,2025-01-27 10:30:00,Sell,22900,CE,153.15,-10,346.65,2025-01-30 15:25:00,22854.5,2025-01-27,2025-01-27 15:15:00,Buy,23200.0,CE,40.85,10.0,48.4,2025-01-30 15:25:00,2025-01-30,3,Monday
548,2025-01-27,2025-01-27 11:00:00,Sell,22850,CE,171.6,-10,397.9,2025-01-30 15:25:00,22847.25,2025-01-27,2025-01-27 15:15:00,Buy,23200.0,CE,40.85,10.0,48.4,2025-01-30 15:25:00,2025-01-30,3,Monday
549,2025-01-27,2025-01-27 12:00:00,Sell,22900,PE,155.15,-10,53.9,2025-01-28 14:39:00,22907.45,2025-01-27,2025-01-27 15:15:00,Buy,22500.0,PE,43.1,10.0,9.85,2025-01-28 14:39:00,2025-01-30,3,Monday
550,2025-01-27,2025-01-27 13:30:00,Sell,22850,CE,159.75,-10,397.9,2025-01-30 15:25:00,22845.75,2025-01-27,2025-01-27 15:15:00,Buy,23200.0,CE,40.85,10.0,48.4,2025-01-30 15:25:00,2025-01-30,3,Monday
551,2025-01-28,2025-01-28 09:30:00,Sell,22900,PE,140.5,-10,34.95,2025-01-30 09:15:00,22908.35,2025-01-28,2025-01-28 15:15:00,Buy,22700.0,PE,44.3,10.0,10.0,2025-01-30 09:15:00,2025-01-30,2,Tuesday
552,2025-01-28,2025-01-28 11:15:00,Sell,22950,PE,156.35,-10,48.4,2025-01-30 09:15:00,22959.6,2025-01-28,2025-01-28 15:15:00,Buy,22700.0,PE,44.3,10.0,10.0,2025-01-30 09:15:00,2025-01-30,2,Tuesday
553,2025-01-28,2025-01-28 11:45:00,Sell,23000,PE,149.85,-10,29.0,2025-01-30 09:15:00,23007.3,2025-01-28,2025-01-28 15:15:00,Buy,22700.0,PE,44.3,10.0,10.0,2025-01-30 09:15:00,2025-01-30,2,Tuesday
554,2025-01-28,2025-01-28 13:15:00,Sell,23050,PE,131.65,-10,44.6,2025-01-30 09:54:00,23065.25,2025-01-28,2025-01-28 15:15:00,Buy,22700.0,PE,44.3,10.0,6.3,2025-01-30 09:54:00,2025-01-30,2,Tuesday
555,2025-01-28,2025-01-28 14:30:00,Sell,23100,PE,123.95,-10,41.6,2025-01-30 10:11:00,23116.5,2025-01-28,2025-01-28 15:15:00,Buy,22700.0,PE,44.3,10.0,4.35,2025-01-30 10:11:00,2025-01-30,2,Tuesday
556,2025-01-28,2025-01-28 15:00:00,Sell,23050,CE,114.0,-10,197.55,2025-01-30 15:25:00,22987.6,2025-01-28,2025-01-28 15:15:00,Buy,23250.0,CE,41.6,10.0,0.6,2025-01-30 15:25:00,2025-01-30,2,Tuesday
557,2025-01-28,2025-01-28 15:00:00,Sell,23000,CE,138.15,-10,249.0,2025-01-30 15:25:00,22987.6,2025-01-28,2025-01-28 15:15:00,Buy,23250.0,CE,41.6,10.0,0.6,2025-01-30 15:25:00,2025-01-30,2,Tuesday
558,2025-01-29,2025-01-29 10:00:00,Sell,23050,PE,146.0,-10,51.0,2025-01-30 09:48:00,23056.45,2025-01-29,2025-01-29 15:15:00,Buy,22800.0,PE,41.25,10.0,12.8,2025-01-30 09:48:00,2025-01-30,1,Wednesday
559,2025-01-29,2025-01-29 11:00:00,Sell,23100,PE,142.1,-10,48.2,2025-01-30 10:06:00,23122.75,2025-01-29,2025-01-29 15:15:00,Buy,22800.0,PE,41.25,10.0,10.5,2025-01-30 10:06:00,2025-01-30,1,Wednesday
560,2025-01-29,2025-01-29 13:30:00,Sell,23150,PE,149.35,-10,50.75,2025-01-30 10:16:00,23163.15,2025-01-29,2025-01-29 15:15:00,Buy,22800.0,PE,41.25,10.0,9.1,2025-01-30 10:16:00,2025-01-30,1,Wednesday
561,2025-01-30,2025-01-30 09:45:00,Sell,23200,PE,112.25,-10,36.3,2025-01-30 10:44:00,23205.0,,,,,,,,,,2025-01-30,0,Thursday
562,2025-01-30,2025-01-30 10:15:00,Sell,23250,PE,90.4,-10,28.15,2025-01-30 15:03:00,23271.6,,,,,,,,,,2025-01-30,0,Thursday
563,2025-01-30,2025-01-30 10:30:00,Sell,23300,PE,82.0,-10,52.2,2025-01-30 15:25:00,23302.45,2025-01-30,2025-01-30 15:15:00,Buy,23250.0,PE,10.1,10.0,2.85,2025-01-30 15:25:00,2025-01-30,0,Thursday
564,2025-01-30,2025-01-30 11:00:00,Sell,23250,CE,63.25,-10,18.35,2025-01-30 13:49:00,23247.35,,,,,,,,,,2025-01-30,0,Thursday
565,2025-01-30,2025-01-30 14:00:00,Sell,23200,CE,47.1,-10,13.4,2025-01-30 14:32:00,23190.35,,,,,,,,,,2025-01-30,0,Thursday
566,2025-01-31,2025-01-31 09:30:00,Sell,23350,CE,338.7,-10,116.8,2025-02-03 09:21:00,23350.0,2025-01-31,2025-01-31 15:15:00,Buy,24000.0,CE,74.15,10.0,76.6,2025-02-03 09:21:00,2025-02-06,4,Friday
567,2025-01-31,2025-01-31 09:30:00,Sell,23350,PE,300.0,-10,101.75,2025-02-03 13:04:00,23350.0,2025-01-31,2025-01-31 15:15:00,Buy,23000.0,PE,79.7,10.0,71.0,2025-02-03 13:04:00,2025-02-06,4,Friday
568,2025-01-31,2025-01-31 10:45:00,Sell,23400,PE,247.8,-10,65.0,2025-02-04 09:15:00,23413.4,2025-01-31,2025-01-31 15:15:00,Buy,23000.0,PE,79.7,10.0,71.0,2025-02-04 09:15:00,2025-02-06,4,Friday
569,2025-01-31,2025-01-31 12:45:00,Sell,23450,PE,215.7,-10,73.15,2025-02-04 09:18:00,23462.95,2025-01-31,2025-01-31 15:15:00,Buy,23000.0,PE,79.7,10.0,71.0,2025-02-04 09:18:00,2025-02-06,4,Friday
570,2025-01-31,2025-01-31 13:15:00,Sell,23500,PE,223.05,-10,74.15,2025-02-04 13:35:00,23500.05,2025-01-31,2025-01-31 15:15:00,Buy,23000.0,PE,79.7,10.0,71.0,2025-02-04 13:35:00,2025-02-06,4,Friday
571,2025-01-31,2025-01-31 14:15:00,Sell,23450,CE,294.8,-10,84.0,2025-02-03 09:16:00,23446.8,2025-01-31,2025-01-31 15:15:00,Buy,24000.0,CE,74.15,10.0,76.6,2025-02-03 09:16:00,2025-02-06,4,Friday
572,2025-01-31,2025-01-31 15:15:00,Sell,23500,PE,218.05,-10,74.15,2025-02-04 13:35:00,23513.85,2025-01-31,2025-01-31 15:15:00,Buy,23000.0,PE,79.7,10.0,71.0,2025-02-04 13:35:00,2025-02-06,4,Friday
573,2025-02-03,2025-02-03 09:30:00,Sell,23450,CE,86.8,-10,152.55,2025-02-06 15:25:00,23334.2,2025-02-03,2025-02-03 15:15:00,Buy,23600.0,CE,35.8,10.0,2.7,2025-02-06 15:25:00,2025-02-06,3,Monday
574,2025-02-03,2025-02-03 09:30:00,Sell,23400,CE,107.5,-10,202.65,2025-02-06 15:25:00,23334.2,2025-02-03,2025-02-03 15:15:00,Buy,23600.0,CE,35.8,10.0,2.7,2025-02-06 15:25:00,2025-02-06,3,Monday
575,2025-02-03,2025-02-03 09:30:00,Sell,23350,CE,132.55,-10,252.5,2025-02-06 15:25:00,23334.2,2025-02-03,2025-02-03 15:15:00,Buy,23600.0,CE,35.8,10.0,2.7,2025-02-06 15:25:00,2025-02-06,3,Monday
576,2025-02-03,2025-02-03 09:45:00,Sell,23300,CE,119.5,-10,302.45,2025-02-06 15:25:00,23257.55,2025-02-03,2025-02-03 15:15:00,Buy,23600.0,CE,35.8,10.0,2.7,2025-02-06 15:25:00,2025-02-06,3,Monday
577,2025-02-03,2025-02-03 10:00:00,Sell,23250,CE,152.3,-10,351.85,2025-02-06 15:25:00,23248.8,2025-02-03,2025-02-03 15:15:00,Buy,23600.0,CE,35.8,10.0,2.7,2025-02-06 15:25:00,2025-02-06,3,Monday
578,2025-02-03,2025-02-03 10:45:00,Sell,23300,PE,104.05,-10,36.35,2025-02-04 09:17:00,23309.5,2025-02-03,2025-02-03 15:15:00,Buy,23100.0,PE,36.35,10.0,15.55,2025-02-04 09:17:00,2025-02-06,3,Monday
579,2025-02-03,2025-02-03 13:15:00,Sell,23350,PE,98.1,-10,31.75,2025-02-04 14:07:00,23362.05,2025-02-03,2025-02-03 15:15:00,Buy,23100.0,PE,36.35,10.0,11.15,2025-02-04 14:07:00,2025-02-06,3,Monday
580,2025-02-04,2025-02-04 09:30:00,Sell,23400,PE,64.45,-10,21.75,2025-02-04 14:54:00,23514.35,,,,,,,,,,2025-02-06,2,Tuesday
581,2025-02-04,2025-02-04 09:30:00,Sell,23450,PE,81.7,-10,27.5,2025-02-04 14:54:00,23514.35,,,,,,,,,,2025-02-06,2,Tuesday
582,2025-02-04,2025-02-04 09:30:00,Sell,23500,PE,101.5,-10,35.4,2025-02-04 14:54:00,23514.35,,,,,,,,,,2025-02-06,2,Tuesday
583,2025-02-04,2025-02-04 09:45:00,Sell,23550,PE,124.4,-10,41.65,2025-02-04 14:59:00,23572.2,,,,,,,,,,2025-02-06,2,Tuesday
584,2025-02-04,2025-02-04 10:45:00,Sell,23500,CE,135.4,-10,102.55,2025-02-06 15:25:00,23459.2,2025-02-04,2025-02-04 15:15:00,Buy,23850.0,CE,39.05,10.0,0.05,2025-02-06 15:25:00,2025-02-06,2,Tuesday
585,2025-02-04,2025-02-04 12:15:00,Sell,23550,PE,126.8,-10,41.65,2025-02-04 14:59:00,23566.15,,,,,,,,,,2025-02-06,2,Tuesday
586,2025-02-04,2025-02-04 13:00:00,Sell,23600,PE,126.6,-10,35.0,2025-02-05 09:15:00,23619.95,2025-02-04,2025-02-04 15:15:00,Buy,23550.0,PE,36.85,10.0,29.9,2025-02-05 09:15:00,2025-02-06,2,Tuesday
587,2025-02-04,2025-02-04 13:30:00,Sell,23650,PE,141.2,-10,48.3,2025-02-05 09:18:00,23650.55,2025-02-04,2025-02-04 15:15:00,Buy,23550.0,PE,36.85,10.0,26.15,2025-02-05 09:18:00,2025-02-06,2,Tuesday
588,2025-02-04,2025-02-04 14:45:00,Sell,23700,PE,109.3,-10,97.6,2025-02-06 15:25:00,23702.05,2025-02-04,2025-02-04 15:15:00,Buy,23550.0,PE,36.85,10.0,0.05,2025-02-06 15:25:00,2025-02-06,2,Tuesday
589,2025-02-05,2025-02-05 09:30:00,Sell,23750,PE,104.3,-10,147.55,2025-02-06 15:25:00,23764.0,2025-02-05,2025-02-05 15:15:00,Buy,23550.0,PE,23.35,10.0,0.05,2025-02-06 15:25:00,2025-02-06,1,Wednesday
590,2025-02-05,2025-02-05 15:15:00,Sell,23700,CE,65.1,-10,22.7,2025-02-06 10:02:00,23695.2,2025-02-05,2025-02-05 15:15:00,Buy,23850.0,CE,29.05,10.0,7.7,2025-02-06 10:02:00,2025-02-06,1,Wednesday
591,2025-02-06,2025-02-06 10:00:00,Sell,23650,CE,39.5,-10,13.8,2025-02-06 11:13:00,23638.25,,,,,,,,,,2025-02-06,0,Thursday
592,2025-02-06,2025-02-06 13:00:00,Sell,23600,CE,10.55,-10,2.8,2025-02-06 14:32:00,23582.35,,,,,,,,,,2025-02-06,0,Thursday
593,2025-02-07,2025-02-07 09:30:00,Sell,23600,CE,205.6,-10,71.1,2025-02-10 10:13:00,23600.0,2025-02-07,2025-02-07 15:15:00,Buy,23850.0,CE,51.75,10.0,24.0,2025-02-10 10:13:00,2025-02-13,4,Friday
594,2025-02-07,2025-02-07 09:30:00,Sell,23600,PE,185.85,-10,570.25,2025-02-13 15:25:00,23600.0,2025-02-07,2025-02-07 15:15:00,Buy,23250.0,PE,43.75,10.0,219.5,2025-02-13 15:25:00,2025-02-13,4,Friday
595,2025-02-07,2025-02-07 10:30:00,Sell,23550,CE,178.35,-10,61.85,2025-02-11 09:25:00,23536.2,2025-02-07,2025-02-07 15:15:00,Buy,23850.0,CE,51.75,10.0,14.45,2025-02-11 09:25:00,2025-02-13,4,Friday
596,2025-02-07,2025-02-07 11:00:00,Sell,23600,PE,140.95,-10,570.25,2025-02-13 15:25:00,23611.9,2025-02-07,2025-02-07 15:15:00,Buy,23250.0,PE,43.75,10.0,219.5,2025-02-13 15:25:00,2025-02-13,4,Friday
597,2025-02-07,2025-02-07 11:30:00,Sell,23650,PE,121.8,-10,619.0,2025-02-13 15:25:00,23681.95,2025-02-07,2025-02-07 15:15:00,Buy,23250.0,PE,43.75,10.0,219.5,2025-02-13 15:25:00,2025-02-13,4,Friday
598,2025-02-07,2025-02-07 12:15:00,Sell,23600,CE,153.55,-10,51.9,2025-02-10 13:25:00,23572.35,2025-02-07,2025-02-07 15:15:00,Buy,23850.0,CE,51.75,10.0,16.8,2025-02-10 13:25:00,2025-02-13,4,Friday
599,2025-02-07,2025-02-07 13:15:00,Sell,23550,CE,172.65,-10,57.9,2025-02-11 09:27:00,23547.85,2025-02-07,2025-02-07 15:15:00,Buy,23850.0,CE,51.75,10.0,13.05,2025-02-11 09:27:00,2025-02-13,4,Friday
600,2025-02-07,2025-02-07 14:15:00,Sell,23500,CE,155.65,-10,54.05,2025-02-11 09:56:00,23460.95,2025-02-07,2025-02-07 15:15:00,Buy,23850.0,CE,51.75,10.0,8.9,2025-02-11 09:56:00,2025-02-13,4,Friday
601,2025-02-07,2025-02-07 15:15:00,Sell,23550,PE,137.5,-10,519.2,2025-02-13 15:25:00,23574.0,2025-02-07,2025-02-07 15:15:00,Buy,23250.0,PE,43.75,10.0,219.5,2025-02-13 15:25:00,2025-02-13,4,Friday
602,2025-02-10,2025-02-10 09:30:00,Sell,23500,CE,136.7,-10,47.75,2025-02-11 10:10:00,23473.65,2025-02-10,2025-02-10 15:15:00,Buy,23700.0,CE,42.45,10.0,17.4,2025-02-11 10:10:00,2025-02-13,3,Monday
603,2025-02-10,2025-02-10 09:45:00,Sell,23450,CE,140.3,-10,49.1,2025-02-11 11:55:00,23408.4,2025-02-10,2025-02-10 15:15:00,Buy,23700.0,CE,42.45,10.0,13.8,2025-02-11 11:55:00,2025-02-13,3,Monday
604,2025-02-10,2025-02-10 10:15:00,Sell,23400,CE,150.0,-10,52.4,2025-02-11 12:50:00,23372.35,2025-02-10,2025-02-10 15:15:00,Buy,23700.0,CE,42.45,10.0,11.7,2025-02-11 12:50:00,2025-02-13,3,Monday
605,2025-02-10,2025-02-10 13:45:00,Sell,23350,CE,150.9,-10,52.65,2025-02-11 13:05:00,23346.45,2025-02-10,2025-02-10 15:15:00,Buy,23700.0,CE,42.45,10.0,10.3,2025-02-11 13:05:00,2025-02-13,3,Monday
606,2025-02-10,2025-02-10 15:00:00,Sell,23400,PE,121.7,-10,369.2,2025-02-13 15:25:00,23400.9,2025-02-10,2025-02-10 15:15:00,Buy,23150.0,PE,45.2,10.0,15.65,2025-02-13 15:25:00,2025-02-13,3,Monday
607,2025-02-11,2025-02-11 09:30:00,Sell,23350,CE,133.05,-10,44.4,2025-02-11 13:11:00,23314.7,,,,,,,,,,2025-02-13,2,Tuesday
608,2025-02-11,2025-02-11 10:15:00,Sell,23300,CE,111.35,-10,37.85,2025-02-11 13:34:00,23277.3,,,,,,,,,,2025-02-13,2,Tuesday
609,2025-02-11,2025-02-11 12:00:00,Sell,23250,CE,126.3,-10,39.4,2025-02-12 09:19:00,23248.8,2025-02-11,2025-02-11 15:15:00,Buy,23350.0,CE,36.1,10.0,21.8,2025-02-12 09:19:00,2025-02-13,2,Tuesday
610,2025-02-11,2025-02-11 13:00:00,Sell,23200,CE,120.05,-10,40.3,2025-02-12 09:24:00,23184.7,2025-02-11,2025-02-11 15:15:00,Buy,23350.0,CE,36.1,10.0,16.15,2025-02-12 09:24:00,2025-02-13,2,Tuesday
611,2025-02-11,2025-02-11 13:15:00,Sell,23150,CE,87.5,-10,28.35,2025-02-12 09:41:00,23031.2,2025-02-11,2025-02-11 15:15:00,Buy,23350.0,CE,36.1,10.0,9.3,2025-02-12 09:41:00,2025-02-13,2,Tuesday
612,2025-02-11,2025-02-11 13:15:00,Sell,23100,CE,106.1,-10,33.55,2025-02-12 09:46:00,23031.2,2025-02-11,2025-02-11 15:15:00,Buy,23350.0,CE,36.1,10.0,8.35,2025-02-12 09:46:00,2025-02-13,2,Tuesday
613,2025-02-11,2025-02-11 13:15:00,Sell,23050,CE,127.2,-10,41.6,2025-02-12 09:47:00,23031.2,2025-02-11,2025-02-11 15:15:00,Buy,23350.0,CE,36.1,10.0,7.65,2025-02-12 09:47:00,2025-02-13,2,Tuesday
614,2025-02-12,2025-02-12 09:30:00,Sell,23000,CE,107.0,-10,31.0,2025-02-13 14:36:00,22978.3,2025-02-12,2025-02-12 15:15:00,Buy,23250.0,CE,26.75,10.0,0.75,2025-02-13 14:36:00,2025-02-13,1,Wednesday
615,2025-02-12,2025-02-12 09:45:00,Sell,22950,CE,95.6,-10,80.5,2025-02-13 15:25:00,22911.95,2025-02-12,2025-02-12 15:15:00,Buy,23250.0,CE,26.75,10.0,0.1,2025-02-13 15:25:00,2025-02-13,1,Wednesday
616,2025-02-12,2025-02-12 10:00:00,Sell,22900,CE,82.0,-10,130.4,2025-02-13 15:25:00,22840.15,2025-02-12,2025-02-12 15:15:00,Buy,23250.0,CE,26.75,10.0,0.1,2025-02-13 15:25:00,2025-02-13,1,Wednesday
617,2025-02-12,2025-02-12 10:00:00,Sell,22850,CE,105.3,-10,180.3,2025-02-13 15:25:00,22840.15,2025-02-12,2025-02-12 15:15:00,Buy,23250.0,CE,26.75,10.0,0.1,2025-02-13 15:25:00,2025-02-13,1,Wednesday
618,2025-02-12,2025-02-12 11:00:00,Sell,22900,PE,81.8,-10,28.6,2025-02-12 13:24:00,22923.25,,,,,,,,,,2025-02-13,1,Wednesday
619,2025-02-12,2025-02-12 11:45:00,Sell,22950,PE,71.3,-10,23.4,2025-02-13 09:41:00,23010.15,2025-02-12,2025-02-12 15:15:00,Buy,22850.0,PE,24.4,10.0,12.3,2025-02-13 09:41:00,2025-02-13,1,Wednesday
620,2025-02-12,2025-02-12 11:45:00,Sell,23000,PE,90.9,-10,31.8,2025-02-13 09:41:00,23010.15,2025-02-12,2025-02-12 15:15:00,Buy,22850.0,PE,24.4,10.0,12.3,2025-02-13 09:41:00,2025-02-13,1,Wednesday
621,2025-02-12,2025-02-12 12:00:00,Sell,23050,PE,95.45,-10,29.4,2025-02-13 09:53:00,23051.3,2025-02-12,2025-02-12 15:15:00,Buy,22850.0,PE,24.4,10.0,8.4,2025-02-13 09:53:00,2025-02-13,1,Wednesday
622,2025-02-12,2025-02-12 13:15:00,Sell,23100,PE,90.1,-10,31.15,2025-02-13 10:05:00,23105.45,2025-02-12,2025-02-12 15:15:00,Buy,22850.0,PE,24.4,10.0,6.6,2025-02-13 10:05:00,2025-02-13,1,Wednesday
623,2025-02-12,2025-02-12 14:00:00,Sell,23050,CE,82.6,-10,26.7,2025-02-13 14:20:00,23002.25,2025-02-12,2025-02-12 15:15:00,Buy,23250.0,CE,26.75,10.0,1.05,2025-02-13 14:20:00,2025-02-13,1,Wednesday
624,2025-02-12,2025-02-12 14:30:00,Sell,23000,CE,108.45,-10,31.0,2025-02-13 14:36:00,22998.5,2025-02-12,2025-02-12 15:15:00,Buy,23250.0,CE,26.75,10.0,0.75,2025-02-13 14:36:00,2025-02-13,1,Wednesday
625,2025-02-12,2025-02-12 15:15:00,Sell,23050,PE,85.5,-10,29.4,2025-02-13 09:53:00,23050.85,2025-02-12,2025-02-12 15:15:00,Buy,22850.0,PE,24.4,10.0,8.4,2025-02-13 09:53:00,2025-02-13,1,Wednesday
626,2025-02-13,2025-02-13 09:45:00,Sell,23100,PE,60.05,-10,20.05,2025-02-13 10:41:00,23119.35,,,,,,,,,,2025-02-13,0,Thursday
627,2025-02-13,2025-02-13 10:00:00,Sell,23150,PE,50.5,-10,16.75,2025-02-13 11:51:00,23176.5,,,,,,,,,,2025-02-13,0,Thursday
628,2025-02-13,2025-02-13 11:45:00,Sell,23200,PE,30.9,-10,169.25,2025-02-13 15:25:00,23223.6,2025-02-13,2025-02-13 15:15:00,Buy,23000.0,PE,0.2,10.0,0.05,2025-02-13 15:25:00,2025-02-13,0,Thursday
629,2025-02-13,2025-02-13 13:45:00,Sell,23150,CE,14.55,-10,3.85,2025-02-13 14:20:00,23087.15,,,,,,,,,,2025-02-13,0,Thursday
630,2025-02-13,2025-02-13 13:45:00,Sell,23100,CE,30.6,-10,9.45,2025-02-13 14:20:00,23087.15,,,,,,,,,,2025-02-13,0,Thursday
631,2025-02-13,2025-02-13 14:45:00,Sell,23050,CE,7.4,-10,1.75,2025-02-13 15:02:00,23022.35,,,,,,,,,,2025-02-13,0,Thursday
0,2024-05-31,2024-05-31 09:30:00,Sell,22650,CE,405.5,-10,125.2,2024-06-04 12:09:00,22650.0,2024-05-31,2024-05-31 15:15:00,Buy,23450.0,CE,116.95,10.0,51.45,2024-06-04 12:09:00,2024-06-06,4,Friday
1,2024-05-31,2024-05-31 09:30:00,Sell,22650,PE,392.7,-10,127.25,2024-06-03 09:16:00,22650.0,2024-05-31,2024-05-31 15:15:00,Buy,21500.0,PE,119.4,10.0,26.35,2024-06-03 09:16:00,2024-06-06,4,Friday
2,2024-05-31,2024-05-31 10:00:00,Sell,22600,CE,396.55,-10,132.5,2024-06-04 12:09:00,22576.9,2024-05-31,2024-05-31 15:15:00,Buy,23450.0,CE,116.95,10.0,51.45,2024-06-04 12:09:00,2024-06-06,4,Friday
3,2024-05-31,2024-05-31 10:15:00,Sell,22550,CE,408.2,-10,141.15,2024-06-04 12:09:00,22535.2,2024-05-31,2024-05-31 15:15:00,Buy,23450.0,CE,116.95,10.0,51.45,2024-06-04 12:09:00,2024-06-06,4,Friday
4,2024-05-31,2024-05-31 14:00:00,Sell,22600,PE,379.0,-10,115.6,2024-06-03 09:16:00,22602.25,2024-05-31,2024-05-31 15:15:00,Buy,21500.0,PE,119.4,10.0,26.35,2024-06-03 09:16:00,2024-06-06,4,Friday
5,2024-05-31,2024-05-31 14:30:00,Sell,22550,CE,438.0,-10,141.15,2024-06-04 12:09:00,22523.8,2024-05-31,2024-05-31 15:15:00,Buy,23450.0,CE,116.95,10.0,51.45,2024-06-04 12:09:00,2024-06-06,4,Friday
6,2024-06-03,2024-06-03 09:30:00,Sell,22600,PE,126.95,-10,41.5,2024-06-06 10:04:00,23135.6,2024-06-03,2024-06-03 15:15:00,Buy,22350.0,PE,68.75,10.0,9.55,2024-06-06 10:04:00,2024-06-06,3,Monday
7,2024-06-03,2024-06-03 09:30:00,Sell,22650,PE,138.4,-10,48.15,2024-06-06 10:11:00,23135.6,2024-06-03,2024-06-03 15:15:00,Buy,22350.0,PE,68.75,10.0,8.55,2024-06-06 10:11:00,2024-06-06,3,Monday
8,2024-06-03,2024-06-03 09:30:00,Sell,22700,PE,150.55,-10,49.25,2024-06-06 10:16:00,23135.6,2024-06-03,2024-06-03 15:15:00,Buy,22350.0,PE,68.75,10.0,6.7,2024-06-06 10:16:00,2024-06-06,3,Monday
9,2024-06-03,2024-06-03 09:30:00,Sell,22750,PE,164.5,-10,55.05,2024-06-06 10:24:00,23135.6,2024-06-03,2024-06-03 15:15:00,Buy,22350.0,PE,68.75,10.0,5.35,2024-06-06 10:24:00,2024-06-06,3,Monday
10,2024-06-03,2024-06-03 09:30:00,Sell,22800,PE,179.6,-10,62.65,2024-06-06 10:38:00,23135.6,2024-06-03,2024-06-03 15:15:00,Buy,22350.0,PE,68.75,10.0,4.3,2024-06-06 10:38:00,2024-06-06,3,Monday
11,2024-06-03,2024-06-03 09:30:00,Sell,22850,PE,195.65,-10,68.0,2024-06-06 11:00:00,23135.6,2024-06-03,2024-06-03 15:15:00,Buy,22350.0,PE,68.75,10.0,3.35,2024-06-06 11:00:00,2024-06-06,3,Monday
12,2024-06-03,2024-06-03 09:30:00,Sell,22900,PE,213.2,-10,79.55,2024-06-06 15:25:00,23135.6,2024-06-03,2024-06-03 15:15:00,Buy,22350.0,PE,68.75,10.0,0.1,2024-06-06 15:25:00,2024-06-06,3,Monday
13,2024-06-03,2024-06-03 09:30:00,Sell,22950,PE,231.45,-10,129.75,2024-06-06 15:25:00,23135.6,2024-06-03,2024-06-03 15:15:00,Buy,22350.0,PE,68.75,10.0,0.1,2024-06-06 15:25:00,2024-06-06,3,Monday
14,2024-06-03,2024-06-03 09:30:00,Sell,23000,PE,251.45,-10,179.9,2024-06-06 15:25:00,23135.6,2024-06-03,2024-06-03 15:15:00,Buy,22350.0,PE,68.75,10.0,0.1,2024-06-06 15:25:00,2024-06-06,3,Monday
15,2024-06-03,2024-06-03 09:30:00,Sell,23050,PE,273.1,-10,229.65,2024-06-06 15:25:00,23135.6,2024-06-03,2024-06-03 15:15:00,Buy,22350.0,PE,68.75,10.0,0.1,2024-06-06 15:25:00,2024-06-06,3,Monday
16,2024-06-03,2024-06-03 09:30:00,Sell,23100,PE,296.2,-10,279.65,2024-06-06 15:25:00,23135.6,2024-06-03,2024-06-03 15:15:00,Buy,22350.0,PE,68.75,10.0,0.1,2024-06-06 15:25:00,2024-06-06,3,Monday
17,2024-06-03,2024-06-03 10:00:00,Sell,23150,PE,283.1,-10,329.55,2024-06-06 15:25:00,23162.2,2024-06-03,2024-06-03 15:15:00,Buy,22350.0,PE,68.75,10.0,0.1,2024-06-06 15:25:00,2024-06-06,3,Monday
18,2024-06-03,2024-06-03 10:30:00,Sell,23200,PE,295.95,-10,379.5,2024-06-06 15:25:00,23204.15,2024-06-03,2024-06-03 15:15:00,Buy,22350.0,PE,68.75,10.0,0.1,2024-06-06 15:25:00,2024-06-06,3,Monday
19,2024-06-03,2024-06-03 10:45:00,Sell,23150,CE,294.95,-10,96.95,2024-06-04 12:00:00,23146.25,2024-06-03,2024-06-03 15:15:00,Buy,24550.0,CE,70.6,10.0,20.7,2024-06-04 12:00:00,2024-06-06,3,Monday
20,2024-06-03,2024-06-03 11:45:00,Sell,23200,PE,297.0,-10,379.5,2024-06-06 15:25:00,23205.3,2024-06-03,2024-06-03 15:15:00,Buy,22350.0,PE,68.75,10.0,0.1,2024-06-06 15:25:00,2024-06-06,3,Monday
21,2024-06-03,2024-06-03 14:45:00,Sell,23250,PE,305.3,-10,429.95,2024-06-06 15:25:00,23261.45,2024-06-03,2024-06-03 15:15:00,Buy,22350.0,PE,68.75,10.0,0.1,2024-06-06 15:25:00,2024-06-06,3,Monday
22,2024-06-04,2024-06-04 09:30:00,Sell,23200,CE,177.05,-10,60.65,2024-06-04 12:12:00,22478.85,,,,,,,,,,2024-06-06,2,Tuesday
23,2024-06-04,2024-06-04 09:30:00,Sell,23150,CE,190.85,-10,64.0,2024-06-04 12:12:00,22478.85,,,,,,,,,,2024-06-06,2,Tuesday
24,2024-06-04,2024-06-04 09:30:00,Sell,23100,CE,205.35,-10,70.9,2024-06-04 12:11:00,22478.85,,,,,,,,,,2024-06-06,2,Tuesday
25,2024-06-04,2024-06-04 09:30:00,Sell,23050,CE,219.85,-10,74.35,2024-06-04 12:11:00,22478.85,,,,,,,,,,2024-06-06,2,Tuesday
26,2024-06-04,2024-06-04 09:30:00,Sell,23000,CE,235.65,-10,81.4,2024-06-04 12:09:00,22478.85,,,,,,,,,,2024-06-06,2,Tuesday
27,2024-06-04,2024-06-04 09:30:00,Sell,22950,CE,252.35,-10,86.4,2024-06-04 12:09:00,22478.85,,,,,,,,,,2024-06-06,2,Tuesday
28,2024-06-04,2024-06-04 09:30:00,Sell,22900,CE,271.35,-10,91.8,2024-06-04 12:09:00,22478.85,,,,,,,,,,2024-06-06,2,Tuesday
29,2024-06-04,2024-06-04 09:30:00,Sell,22850,CE,291.35,-10,97.55,2024-06-04 12:09:00,22478.85,,,,,,,,,,2024-06-06,2,Tuesday
30,2024-06-04,2024-06-04 09:30:00,Sell,22800,CE,312.65,-10,103.2,2024-06-04 12:09:00,22478.85,,,,,,,,,,2024-06-06,2,Tuesday
31,2024-06-04,2024-06-04 09:30:00,Sell,22750,CE,334.0,-10,109.45,2024-06-04 12:09:00,22478.85,,,,,,,,,,2024-06-06,2,Tuesday
32,2024-06-04,2024-06-04 09:30:00,Sell,22700,CE,356.6,-10,117.05,2024-06-04 12:09:00,22478.85,,,,,,,,,,2024-06-06,2,Tuesday
33,2024-06-04,2024-06-04 09:30:00,Sell,22650,CE,380.15,-10,125.2,2024-06-04 12:09:00,22478.85,,,,,,,,,,2024-06-06,2,Tuesday
34,2024-06-04,2024-06-04 09:30:00,Sell,22600,CE,406.3,-10,132.5,2024-06-04 12:09:00,22478.85,,,,,,,,,,2024-06-06,2,Tuesday
35,2024-06-04,2024-06-04 09:30:00,Sell,22550,CE,431.0,-10,141.15,2024-06-04 12:09:00,22478.85,,,,,,,,,,2024-06-06,2,Tuesday
36,2024-06-04,2024-06-04 09:30:00,Sell,22500,CE,456.35,-10,149.6,2024-06-04 12:09:00,22478.85,,,,,,,,,,2024-06-06,2,Tuesday
37,2024-06-04,2024-06-04 09:45:00,Sell,22550,PE,433.05,-10,148.3,2024-06-05 15:02:00,22584.6,2024-06-04,2024-06-04 15:15:00,Buy,21300.0,PE,100.8,10.0,5.9,2024-06-05 15:02:00,2024-06-06,2,Tuesday
38,2024-06-04,2024-06-04 10:00:00,Sell,22600,PE,315.35,-10,98.0,2024-06-06 09:15:00,22785.0,2024-06-04,2024-06-04 15:15:00,Buy,21300.0,PE,100.8,10.0,2.0,2024-06-06 09:15:00,2024-06-06,2,Tuesday
39,2024-06-04,2024-06-04 10:00:00,Sell,22650,PE,337.55,-10,107.85,2024-06-06 09:16:00,22785.0,2024-06-04,2024-06-04 15:15:00,Buy,21300.0,PE,100.8,10.0,0.8,2024-06-06 09:16:00,2024-06-06,2,Tuesday
40,2024-06-04,2024-06-04 10:00:00,Sell,22700,PE,360.45,-10,115.8,2024-06-06 09:17:00,22785.0,2024-06-04,2024-06-04 15:15:00,Buy,21300.0,PE,100.8,10.0,0.8,2024-06-06 09:17:00,2024-06-06,2,Tuesday
41,2024-06-04,2024-06-04 10:00:00,Sell,22750,PE,384.7,-10,129.85,2024-06-06 09:32:00,22785.0,2024-06-04,2024-06-04 15:15:00,Buy,21300.0,PE,100.8,10.0,0.4,2024-06-06 09:32:00,2024-06-06,2,Tuesday
42,2024-06-04,2024-06-04 10:15:00,Sell,22800,PE,367.05,-10,118.0,2024-06-06 10:05:00,22832.5,2024-06-04,2024-06-04 15:15:00,Buy,21300.0,PE,100.8,10.0,0.3,2024-06-06 10:05:00,2024-06-06,2,Tuesday
43,2024-06-04,2024-06-04 10:30:00,Sell,22750,CE,366.2,-10,109.45,2024-06-04 12:09:00,22736.25,,,,,,,,,,2024-06-06,2,Tuesday
44,2024-06-04,2024-06-04 10:45:00,Sell,22700,CE,323.3,-10,110.2,2024-06-04 12:11:00,22552.35,,,,,,,,,,2024-06-06,2,Tuesday
45,2024-06-04,2024-06-04 10:45:00,Sell,22650,CE,343.55,-10,115.85,2024-06-04 12:11:00,22552.35,,,,,,,,,,2024-06-06,2,Tuesday
46,2024-06-04,2024-06-04 10:45:00,Sell,22600,CE,366.75,-10,125.0,2024-06-04 12:11:00,22552.35,,,,,,,,,,2024-06-06,2,Tuesday
47,2024-06-04,2024-06-04 11:00:00,Sell,22550,CE,346.85,-10,118.55,2024-06-04 12:12:00,22336.6,,,,,,,,,,2024-06-06,2,Tuesday
48,2024-06-04,2024-06-04 11:00:00,Sell,22500,CE,366.55,-10,125.25,2024-06-04 12:12:00,22336.6,,,,,,,,,,2024-06-06,2,Tuesday
49,2024-06-04,2024-06-04 11:00:00,Sell,22450,CE,386.95,-10,135.05,2024-06-04 12:12:00,22336.6,,,,,,,,,,2024-06-06,2,Tuesday
50,2024-06-04,2024-06-04 11:00:00,Sell,22400,CE,409.6,-10,133.85,2024-06-04 12:24:00,22336.6,,,,,,,,,,2024-06-06,2,Tuesday
51,2024-06-04,2024-06-04 11:00:00,Sell,22350,CE,431.3,-10,141.0,2024-06-04 12:24:00,22336.6,,,,,,,,,,2024-06-06,2,Tuesday
52,2024-06-04,2024-06-04 11:15:00,Sell,22300,CE,392.85,-10,118.2,2024-06-04 12:25:00,22097.0,,,,,,,,,,2024-06-06,2,Tuesday
53,2024-06-04,2024-06-04 11:15:00,Sell,22250,CE,412.65,-10,125.6,2024-06-04 12:25:00,22097.0,,,,,,,,,,2024-06-06,2,Tuesday
54,2024-06-04,2024-06-04 11:15:00,Sell,22200,CE,437.55,-10,130.8,2024-06-04 12:25:00,22097.0,,,,,,,,,,2024-06-06,2,Tuesday
55,2024-06-04,2024-06-04 11:15:00,Sell,22150,CE,457.0,-10,138.05,2024-06-04 12:25:00,22097.0,,,,,,,,,,2024-06-06,2,Tuesday
56,2024-06-04,2024-06-04 11:15:00,Sell,22100,CE,479.55,-10,144.7,2024-06-04 12:25:00,22097.0,,,,,,,,,,2024-06-06,2,Tuesday
57,2024-06-04,2024-06-04 11:30:00,Sell,22150,PE,423.4,-10,143.45,2024-06-05 11:09:00,22239.1,2024-06-04,2024-06-04 15:15:00,Buy,21300.0,PE,100.8,10.0,13.35,2024-06-05 11:09:00,2024-06-06,2,Tuesday
58,2024-06-04,2024-06-04 11:30:00,Sell,22200,PE,448.7,-10,156.95,2024-06-05 11:12:00,22239.1,2024-06-04,2024-06-04 15:15:00,Buy,21300.0,PE,100.8,10.0,11.35,2024-06-05 11:12:00,2024-06-06,2,Tuesday
59,2024-06-04,2024-06-04 11:45:00,Sell,22150,CE,444.15,-10,138.05,2024-06-04 12:25:00,22128.6,,,,,,,,,,2024-06-06,2,Tuesday
60,2024-06-04,2024-06-04 12:00:00,Sell,22100,CE,334.75,-10,103.0,2024-06-05 09:21:00,21884.05,2024-06-04,2024-06-04 15:15:00,Buy,22600.0,CE,103.9,10.0,23.8,2024-06-05 09:21:00,2024-06-06,2,Tuesday
61,2024-06-04,2024-06-04 12:00:00,Sell,22050,CE,354.3,-10,122.75,2024-06-05 09:21:00,21884.05,2024-06-04,2024-06-04 15:15:00,Buy,22600.0,CE,103.9,10.0,23.8,2024-06-05 09:21:00,2024-06-06,2,Tuesday
62,2024-06-04,2024-06-04 12:00:00,Sell,22000,CE,374.65,-10,122.6,2024-06-05 09:24:00,21884.05,2024-06-04,2024-06-04 15:15:00,Buy,22600.0,CE,103.9,10.0,24.1,2024-06-05 09:24:00,2024-06-06,2,Tuesday
63,2024-06-04,2024-06-04 12:00:00,Sell,21950,CE,394.9,-10,121.5,2024-06-05 09:25:00,21884.05,2024-06-04,2024-06-04 15:15:00,Buy,22600.0,CE,103.9,10.0,18.4,2024-06-05 09:25:00,2024-06-06,2,Tuesday
64,2024-06-04,2024-06-04 12:00:00,Sell,21900,CE,419.85,-10,143.15,2024-06-05 09:25:00,21884.05,2024-06-04,2024-06-04 15:15:00,Buy,22600.0,CE,103.9,10.0,18.4,2024-06-05 09:25:00,2024-06-06,2,Tuesday
65,2024-06-04,2024-06-04 12:15:00,Sell,21850,CE,301.15,-10,971.4,2024-06-06 15:25:00,21591.25,2024-06-04,2024-06-04 15:15:00,Buy,22600.0,CE,103.9,10.0,220.15,2024-06-06 15:25:00,2024-06-06,2,Tuesday
66,2024-06-04,2024-06-04 12:15:00,Sell,21800,CE,318.75,-10,1020.35,2024-06-06 15:25:00,21591.25,2024-06-04,2024-06-04 15:15:00,Buy,22600.0,CE,103.9,10.0,220.15,2024-06-06 15:25:00,2024-06-06,2,Tuesday
67,2024-06-04,2024-06-04 12:15:00,Sell,21750,CE,338.05,-10,1067.0,2024-06-06 15:21:00,21591.25,2024-06-04,2024-06-04 15:15:00,Buy,22600.0,CE,103.9,10.0,216.65,2024-06-06 15:21:00,2024-06-06,2,Tuesday
68,2024-06-04,2024-06-04 12:15:00,Sell,21700,CE,356.6,-10,1121.35,2024-06-06 15:24:00,21591.25,2024-06-04,2024-06-04 15:15:00,Buy,22600.0,CE,103.9,10.0,219.75,2024-06-06 15:24:00,2024-06-06,2,Tuesday
69,2024-06-04,2024-06-04 12:15:00,Sell,21650,CE,374.45,-10,1170.7,2024-06-06 15:25:00,21591.25,2024-06-04,2024-06-04 15:15:00,Buy,22600.0,CE,103.9,10.0,220.15,2024-06-06 15:25:00,2024-06-06,2,Tuesday
70,2024-06-04,2024-06-04 12:15:00,Sell,21600,CE,395.75,-10,1215.05,2024-06-06 15:22:00,21591.25,2024-06-04,2024-06-04 15:15:00,Buy,22600.0,CE,103.9,10.0,217.25,2024-06-06 15:22:00,2024-06-06,2,Tuesday
71,2024-06-04,2024-06-04 12:30:00,Sell,21550,CE,266.25,-10,1272.45,2024-06-06 15:25:00,21296.3,2024-06-04,2024-06-04 15:15:00,Buy,22600.0,CE,103.9,10.0,220.15,2024-06-06 15:25:00,2024-06-06,2,Tuesday
72,2024-06-04,2024-06-04 12:30:00,Sell,21500,CE,284.0,-10,1320.6,2024-06-06 15:25:00,21296.3,2024-06-04,2024-06-04 15:15:00,Buy,22600.0,CE,103.9,10.0,220.15,2024-06-06 15:25:00,2024-06-06,2,Tuesday
73,2024-06-04,2024-06-04 12:30:00,Sell,21450,CE,301.45,-10,1357.65,2024-06-06 15:11:00,21296.3,2024-06-04,2024-06-04 15:15:00,Buy,22600.0,CE,103.9,10.0,209.95,2024-06-06 15:11:00,2024-06-06,2,Tuesday
74,2024-06-04,2024-06-04 12:30:00,Sell,21400,CE,318.5,-10,1421.0,2024-06-06 15:23:00,21296.3,2024-06-04,2024-06-04 15:15:00,Buy,22600.0,CE,103.9,10.0,218.5,2024-06-06 15:23:00,2024-06-06,2,Tuesday
75,2024-06-04,2024-06-04 12:30:00,Sell,21350,CE,336.1,-10,1337.0,2024-06-06 14:40:00,21296.3,2024-06-04,2024-06-04 15:15:00,Buy,22600.0,CE,103.9,10.0,93.45,2024-06-06 14:40:00,2024-06-06,2,Tuesday
76,2024-06-04,2024-06-04 12:30:00,Sell,21300,CE,354.3,-10,1520.8,2024-06-06 15:25:00,21296.3,2024-06-04,2024-06-04 15:15:00,Buy,22600.0,CE,103.9,10.0,220.15,2024-06-06 15:25:00,2024-06-06,2,Tuesday
77,2024-06-04,2024-06-04 12:45:00,Sell,21350,PE,232.05,-10,79.5,2024-06-04 13:54:00,21793.85,,,,,,,,,,2024-06-06,2,Tuesday
78,2024-06-04,2024-06-04 12:45:00,Sell,21400,PE,248.55,-10,86.85,2024-06-04 13:54:00,21793.85,,,,,,,,,,2024-06-06,2,Tuesday
79,2024-06-04,2024-06-04 12:45:00,Sell,21450,PE,269.85,-10,91.25,2024-06-05 09:16:00,21793.85,2024-06-04,2024-06-04 15:15:00,Buy,21300.0,PE,100.8,10.0,66.7,2024-06-05 09:16:00,2024-06-06,2,Tuesday
80,2024-06-04,2024-06-04 12:45:00,Sell,21500,PE,292.8,-10,100.4,2024-06-05 09:16:00,21793.85,2024-06-04,2024-06-04 15:15:00,Buy,21300.0,PE,100.8,10.0,66.7,2024-06-05 09:16:00,2024-06-06,2,Tuesday
81,2024-06-04,2024-06-04 12:45:00,Sell,21550,PE,314.5,-10,99.5,2024-06-05 09:17:00,21793.85,2024-06-04,2024-06-04 15:15:00,Buy,21300.0,PE,100.8,10.0,56.15,2024-06-05 09:17:00,2024-06-06,2,Tuesday
82,2024-06-04,2024-06-04 12:45:00,Sell,21600,PE,333.25,-10,109.65,2024-06-05 09:17:00,21793.85,2024-06-04,2024-06-04 15:15:00,Buy,21300.0,PE,100.8,10.0,56.15,2024-06-05 09:17:00,2024-06-06,2,Tuesday
83,2024-06-04,2024-06-04 12:45:00,Sell,21650,PE,353.4,-10,122.2,2024-06-05 09:15:00,21793.85,2024-06-04,2024-06-04 15:15:00,Buy,21300.0,PE,100.8,10.0,75.25,2024-06-05 09:15:00,2024-06-06,2,Tuesday
84,2024-06-04,2024-06-04 12:45:00,Sell,21700,PE,386.25,-10,132.75,2024-06-05 09:17:00,21793.85,2024-06-04,2024-06-04 15:15:00,Buy,21300.0,PE,100.8,10.0,56.15,2024-06-05 09:17:00,2024-06-06,2,Tuesday
85,2024-06-04,2024-06-04 12:45:00,Sell,21750,PE,410.4,-10,136.9,2024-06-05 09:32:00,21793.85,2024-06-04,2024-06-04 15:15:00,Buy,21300.0,PE,100.8,10.0,44.85,2024-06-05 09:32:00,2024-06-06,2,Tuesday
86,2024-06-04,2024-06-04 13:00:00,Sell,21800,PE,428.5,-10,137.25,2024-06-05 10:03:00,21886.7,2024-06-04,2024-06-04 15:15:00,Buy,21300.0,PE,100.8,10.0,37.35,2024-06-05 10:03:00,2024-06-06,2,Tuesday
87,2024-06-04,2024-06-04 13:00:00,Sell,21850,PE,455.85,-10,156.0,2024-06-05 10:03:00,21886.7,2024-06-04,2024-06-04 15:15:00,Buy,21300.0,PE,100.8,10.0,37.35,2024-06-05 10:03:00,2024-06-06,2,Tuesday
88,2024-06-04,2024-06-04 13:15:00,Sell,21900,PE,439.45,-10,142.15,2024-06-05 10:10:00,21944.45,2024-06-04,2024-06-04 15:15:00,Buy,21300.0,PE,100.8,10.0,27.45,2024-06-05 10:10:00,2024-06-06,2,Tuesday
89,2024-06-04,2024-06-04 13:30:00,Sell,21950,PE,412.65,-10,140.15,2024-06-05 10:48:00,22002.5,2024-06-04,2024-06-04 15:15:00,Buy,21300.0,PE,100.8,10.0,21.2,2024-06-05 10:48:00,2024-06-06,2,Tuesday
90,2024-06-04,2024-06-04 13:30:00,Sell,22000,PE,439.0,-10,151.3,2024-06-05 10:49:00,22002.5,2024-06-04,2024-06-04 15:15:00,Buy,21300.0,PE,100.8,10.0,20.85,2024-06-05 10:49:00,2024-06-06,2,Tuesday
91,2024-06-04,2024-06-04 13:45:00,Sell,22050,PE,426.35,-10,148.05,2024-06-05 10:57:00,22070.95,2024-06-04,2024-06-04 15:15:00,Buy,21300.0,PE,100.8,10.0,17.8,2024-06-05 10:57:00,2024-06-06,2,Tuesday
92,2024-06-04,2024-06-04 14:00:00,Sell,22100,PE,326.05,-10,113.15,2024-06-05 11:14:00,22241.55,2024-06-04,2024-06-04 15:15:00,Buy,21300.0,PE,100.8,10.0,11.2,2024-06-05 11:14:00,2024-06-06,2,Tuesday
93,2024-06-04,2024-06-04 14:00:00,Sell,22150,PE,353.2,-10,121.8,2024-06-05 11:26:00,22241.55,2024-06-04,2024-06-04 15:15:00,Buy,21300.0,PE,100.8,10.0,11.5,2024-06-05 11:26:00,2024-06-06,2,Tuesday
94,2024-06-04,2024-06-04 14:00:00,Sell,22200,PE,381.5,-10,131.75,2024-06-05 11:27:00,22241.55,2024-06-04,2024-06-04 15:15:00,Buy,21300.0,PE,100.8,10.0,10.25,2024-06-05 11:27:00,2024-06-06,2,Tuesday
95,2024-06-04,2024-06-04 14:15:00,Sell,22150,CE,292.2,-10,86.85,2024-06-05 09:21:00,22061.8,2024-06-04,2024-06-04 15:15:00,Buy,22600.0,CE,103.9,10.0,23.8,2024-06-05 09:21:00,2024-06-06,2,Tuesday
96,2024-06-04,2024-06-04 14:15:00,Sell,22100,CE,312.45,-10,103.0,2024-06-05 09:21:00,22061.8,2024-06-04,2024-06-04 15:15:00,Buy,22600.0,CE,103.9,10.0,23.8,2024-06-05 09:21:00,2024-06-06,2,Tuesday
97,2024-06-04,2024-06-04 14:30:00,Sell,22050,CE,255.85,-10,85.7,2024-06-05 09:25:00,21909.85,2024-06-04,2024-06-04 15:15:00,Buy,22600.0,CE,103.9,10.0,18.4,2024-06-05 09:25:00,2024-06-06,2,Tuesday
98,2024-06-04,2024-06-04 14:30:00,Sell,22000,CE,274.3,-10,818.85,2024-06-06 15:25:00,21909.85,2024-06-04,2024-06-04 15:15:00,Buy,22600.0,CE,103.9,10.0,220.15,2024-06-06 15:25:00,2024-06-06,2,Tuesday
99,2024-06-04,2024-06-04 14:30:00,Sell,21950,CE,297.35,-10,870.5,2024-06-06 15:25:00,21909.85,2024-06-04,2024-06-04 15:15:00,Buy,22600.0,CE,103.9,10.0,220.15,2024-06-06 15:25:00,2024-06-06,2,Tuesday
100,2024-06-04,2024-06-04 15:00:00,Sell,21900,CE,226.25,-10,918.8,2024-06-06 15:25:00,21802.6,2024-06-04,2024-06-04 15:15:00,Buy,22600.0,CE,103.9,10.0,220.15,2024-06-06 15:25:00,2024-06-06,2,Tuesday
101,2024-06-04,2024-06-04 15:00:00,Sell,21850,CE,246.65,-10,971.4,2024-06-06 15:25:00,21802.6,2024-06-04,2024-06-04 15:15:00,Buy,22600.0,CE,103.9,10.0,220.15,2024-06-06 15:25:00,2024-06-06,2,Tuesday
102,2024-06-04,2024-06-04 15:15:00,Sell,21900,PE,293.95,-10,95.75,2024-06-05 10:57:00,21948.6,2024-06-04,2024-06-04 15:15:00,Buy,21300.0,PE,100.8,10.0,17.8,2024-06-05 10:57:00,2024-06-06,2,Tuesday
103,2024-06-05,2024-06-05 09:30:00,Sell,21950,PE,227.05,-10,79.3,2024-06-05 11:09:00,22008.2,,,,,,,,,,2024-06-06,1,Wednesday
104,2024-06-05,2024-06-05 09:30:00,Sell,22000,PE,251.35,-10,85.4,2024-06-05 11:12:00,22008.2,,,,,,,,,,2024-06-06,1,Wednesday
105,2024-06-05,2024-06-05 09:45:00,Sell,21950,CE,156.65,-10,870.5,2024-06-06 15:25:00,21932.3,2024-06-05,2024-06-05 15:15:00,Buy,22900.0,CE,52.35,10.0,0.1,2024-06-06 15:25:00,2024-06-06,1,Wednesday
106,2024-06-05,2024-06-05 10:00:00,Sell,21900,CE,144.45,-10,918.8,2024-06-06 15:25:00,21860.8,2024-06-05,2024-06-05 15:15:00,Buy,22900.0,CE,52.35,10.0,0.1,2024-06-06 15:25:00,2024-06-06,1,Wednesday
107,2024-06-05,2024-06-05 10:15:00,Sell,21950,PE,160.45,-10,55.85,2024-06-05 11:30:00,22061.8,,,,,,,,,,2024-06-06,1,Wednesday
108,2024-06-05,2024-06-05 10:15:00,Sell,22000,PE,183.0,-10,59.65,2024-06-05 11:32:00,22061.8,,,,,,,,,,2024-06-06,1,Wednesday
109,2024-06-05,2024-06-05 10:15:00,Sell,22050,PE,209.05,-10,71.05,2024-06-05 11:32:00,22061.8,,,,,,,,,,2024-06-06,1,Wednesday
110,2024-06-05,2024-06-05 10:30:00,Sell,22000,CE,142.35,-10,818.85,2024-06-06 15:25:00,21962.05,2024-06-05,2024-06-05 15:15:00,Buy,22900.0,CE,52.35,10.0,0.1,2024-06-06 15:25:00,2024-06-06,1,Wednesday
111,2024-06-05,2024-06-05 10:45:00,Sell,22050,PE,211.65,-10,71.05,2024-06-05 11:32:00,22050.85,,,,,,,,,,2024-06-06,1,Wednesday
112,2024-06-05,2024-06-05 11:00:00,Sell,22100,PE,153.15,-10,52.35,2024-06-05 14:02:00,22215.55,,,,,,,,,,2024-06-06,1,Wednesday
113,2024-06-05,2024-06-05 11:00:00,Sell,22150,PE,177.0,-10,60.35,2024-06-05 14:03:00,22215.55,,,,,,,,,,2024-06-06,1,Wednesday
114,2024-06-05,2024-06-05 11:00:00,Sell,22200,PE,203.35,-10,70.3,2024-06-05 14:03:00,22215.55,,,,,,,,,,2024-06-06,1,Wednesday
115,2024-06-05,2024-06-05 11:15:00,Sell,22250,PE,168.15,-10,53.25,2024-06-05 15:02:00,22350.85,,,,,,,,,,2024-06-06,1,Wednesday
116,2024-06-05,2024-06-05 11:15:00,Sell,22300,PE,193.6,-10,63.45,2024-06-05 15:02:00,22350.85,,,,,,,,,,2024-06-06,1,Wednesday
117,2024-06-05,2024-06-05 11:15:00,Sell,22350,PE,220.25,-10,76.35,2024-06-05 15:02:00,22350.85,,,,,,,,,,2024-06-06,1,Wednesday
118,2024-06-05,2024-06-05 11:30:00,Sell,22400,PE,208.75,-10,50.0,2024-06-06 09:15:00,22424.85,2024-06-05,2024-06-05 15:15:00,Buy,22250.0,PE,50.7,10.0,31.1,2024-06-06 09:15:00,2024-06-06,1,Wednesday
119,2024-06-05,2024-06-05 12:00:00,Sell,22350,CE,140.45,-10,471.05,2024-06-06 15:25:00,22269.9,2024-06-05,2024-06-05 15:15:00,Buy,22900.0,CE,52.35,10.0,0.1,2024-06-06 15:25:00,2024-06-06,1,Wednesday
120,2024-06-05,2024-06-05 12:00:00,Sell,22300,CE,161.0,-10,521.0,2024-06-06 15:25:00,22269.9,2024-06-05,2024-06-05 15:15:00,Buy,22900.0,CE,52.35,10.0,0.1,2024-06-06 15:25:00,2024-06-06,1,Wednesday
121,2024-06-05,2024-06-05 13:00:00,Sell,22350,PE,217.65,-10,75.35,2024-06-05 15:07:00,22356.0,,,,,,,,,,2024-06-06,1,Wednesday
122,2024-06-05,2024-06-05 13:45:00,Sell,22400,PE,185.05,-10,50.0,2024-06-06 09:15:00,22428.0,2024-06-05,2024-06-05 15:15:00,Buy,22250.0,PE,50.7,10.0,31.1,2024-06-06 09:15:00,2024-06-06,1,Wednesday
123,2024-06-05,2024-06-05 14:00:00,Sell,22450,PE,177.2,-10,60.05,2024-06-06 09:15:00,22487.35,2024-06-05,2024-06-05 15:15:00,Buy,22250.0,PE,50.7,10.0,31.1,2024-06-06 09:15:00,2024-06-06,1,Wednesday
124,2024-06-05,2024-06-05 14:30:00,Sell,22500,PE,180.95,-10,54.5,2024-06-06 09:16:00,22537.4,2024-06-05,2024-06-05 15:15:00,Buy,22250.0,PE,50.7,10.0,17.5,2024-06-06 09:16:00,2024-06-06,1,Wednesday
125,2024-06-05,2024-06-05 14:45:00,Sell,22550,PE,191.45,-10,58.6,2024-06-06 09:17:00,22578.25,2024-06-05,2024-06-05 15:15:00,Buy,22250.0,PE,50.7,10.0,13.8,2024-06-06 09:17:00,2024-06-06,1,Wednesday
126,2024-06-05,2024-06-05 15:00:00,Sell,22600,PE,195.8,-10,68.2,2024-06-06 09:19:00,22616.55,2024-06-05,2024-06-05 15:15:00,Buy,22250.0,PE,50.7,10.0,12.25,2024-06-06 09:19:00,2024-06-06,1,Wednesday
127,2024-06-06,2024-06-06 09:30:00,Sell,22650,PE,98.5,-10,34.15,2024-06-06 10:19:00,22714.7,,,,,,,,,,2024-06-06,0,Thursday
128,2024-06-06,2024-06-06 09:30:00,Sell,22700,PE,121.45,-10,39.9,2024-06-06 10:24:00,22714.7,,,,,,,,,,2024-06-06,0,Thursday
129,2024-06-06,2024-06-06 10:15:00,Sell,22750,PE,85.8,-10,29.8,2024-06-06 11:02:00,22787.9,,,,,,,,,,2024-06-06,0,Thursday
130,2024-06-06,2024-06-06 10:30:00,Sell,22800,PE,74.5,-10,25.0,2024-06-06 15:01:00,22850.1,,,,,,,,,,2024-06-06,0,Thursday
131,2024-06-06,2024-06-06 10:30:00,Sell,22850,PE,101.45,-10,35.3,2024-06-06 15:12:00,22850.1,,,,,,,,,,2024-06-06,0,Thursday
132,2024-06-06,2024-06-06 11:45:00,Sell,22800,CE,75.15,-10,25.65,2024-06-06 13:03:00,22796.35,,,,,,,,,,2024-06-06,0,Thursday
133,2024-06-06,2024-06-06 12:15:00,Sell,22750,CE,59.35,-10,19.1,2024-06-06 14:30:00,22720.7,,,,,,,,,,2024-06-06,0,Thursday
134,2024-06-06,2024-06-06 13:15:00,Sell,22700,CE,55.8,-10,120.15,2024-06-06 15:25:00,22699.9,2024-06-06,2024-06-06 15:15:00,Buy,24350.0,CE,13.15,10.0,13.15,2024-06-06 15:25:00,2024-06-06,0,Thursday
135,2024-06-06,2024-06-06 13:30:00,Sell,22750,PE,60.7,-10,21.0,2024-06-06 14:51:00,22763.7,,,,,,,,,,2024-06-06,0,Thursday
136,2024-06-06,2024-06-06 13:45:00,Sell,22800,PE,50.2,-10,17.05,2024-06-06 15:03:00,22843.25,,,,,,,,,,2024-06-06,0,Thursday
137,2024-06-06,2024-06-06 14:30:00,Sell,22750,CE,19.1,-10,70.4,2024-06-06 15:25:00,22724.85,2024-06-06,2024-06-06 15:15:00,Buy,24350.0,CE,13.15,10.0,13.15,2024-06-06 15:25:00,2024-06-06,0,Thursday
138,2024-06-06,2024-06-06 15:15:00,Sell,22800,PE,0.6,-10,0.2,2024-06-06 15:20:00,22824.8,2024-06-06,2024-06-06 15:15:00,Buy,22800.0,PE,0.6,10.0,0.2,2024-06-06 15:20:00,2024-06-06,0,Thursday
139,2024-06-07,2024-06-07 09:30:00,Sell,22900,CE,243.15,-10,501.0,2024-06-13 15:25:00,22900.0,2024-06-07,2024-06-07 15:15:00,Buy,23650.0,CE,68.2,10.0,0.05,2024-06-13 15:25:00,2024-06-13,4,Friday
140,2024-06-07,2024-06-07 09:30:00,Sell,22900,PE,224.3,-10,77.35,2024-06-07 15:28:00,22900.0,2024-06-07,2024-06-07 15:15:00,Buy,22800.0,PE,66.4,10.0,61.35,2024-06-07 15:28:00,2024-06-13,4,Friday
141,2024-06-07,2024-06-07 10:00:00,Sell,22950,PE,213.75,-10,68.4,2024-06-10 09:16:00,22978.3,2024-06-07,2024-06-07 15:15:00,Buy,22800.0,PE,66.4,10.0,46.95,2024-06-10 09:16:00,2024-06-13,4,Friday
142,2024-06-07,2024-06-07 10:45:00,Sell,23000,PE,199.4,-10,65.95,2024-06-10 09:28:00,23033.85,2024-06-07,2024-06-07 15:15:00,Buy,22800.0,PE,66.4,10.0,37.05,2024-06-10 09:28:00,2024-06-13,4,Friday
143,2024-06-07,2024-06-07 11:00:00,Sell,23050,PE,211.65,-10,73.85,2024-06-10 13:45:00,23050.75,2024-06-07,2024-06-07 15:15:00,Buy,22800.0,PE,66.4,10.0,31.85,2024-06-10 13:45:00,2024-06-13,4,Friday
144,2024-06-07,2024-06-07 11:45:00,Sell,23100,PE,198.7,-10,66.85,2024-06-11 10:04:00,23132.3,2024-06-07,2024-06-07 15:15:00,Buy,22800.0,PE,66.4,10.0,18.6,2024-06-11 10:04:00,2024-06-13,4,Friday
145,2024-06-07,2024-06-07 12:00:00,Sell,23150,PE,212.25,-10,73.05,2024-06-11 10:13:00,23181.95,2024-06-07,2024-06-07 15:15:00,Buy,22800.0,PE,66.4,10.0,16.55,2024-06-11 10:13:00,2024-06-13,4,Friday
146,2024-06-07,2024-06-07 12:30:00,Sell,23200,PE,225.9,-10,77.95,2024-06-11 10:40:00,23210.75,2024-06-07,2024-06-07 15:15:00,Buy,22800.0,PE,66.4,10.0,14.45,2024-06-11 10:40:00,2024-06-13,4,Friday
147,2024-06-07,2024-06-07 14:30:00,Sell,23250,PE,202.9,-10,69.4,2024-06-11 13:34:00,23260.4,2024-06-07,2024-06-07 15:15:00,Buy,22800.0,PE,66.4,10.0,11.3,2024-06-11 13:34:00,2024-06-13,4,Friday
148,2024-06-07,2024-06-07 15:00:00,Sell,23300,PE,210.45,-10,71.9,2024-06-12 09:41:00,23309.65,2024-06-07,2024-06-07 15:15:00,Buy,22800.0,PE,66.4,10.0,6.25,2024-06-12 09:41:00,2024-06-13,4,Friday
149,2024-06-10,2024-06-10 09:30:00,Sell,23350,PE,176.0,-10,59.0,2024-06-12 10:42:00,23399.65,2024-06-10,2024-06-10 15:15:00,Buy,22850.0,PE,49.1,10.0,6.05,2024-06-12 10:42:00,2024-06-13,3,Monday
150,2024-06-10,2024-06-10 10:00:00,Sell,23300,CE,173.4,-10,100.05,2024-06-13 15:25:00,23262.1,2024-06-10,2024-06-10 15:15:00,Buy,23550.0,CE,54.1,10.0,0.05,2024-06-13 15:25:00,2024-06-13,3,Monday
151,2024-06-10,2024-06-10 10:30:00,Sell,23350,PE,196.0,-10,67.9,2024-06-12 10:37:00,23350.65,2024-06-10,2024-06-10 15:15:00,Buy,22850.0,PE,49.1,10.0,6.4,2024-06-12 10:37:00,2024-06-13,3,Monday
152,2024-06-10,2024-06-10 14:30:00,Sell,23300,CE,139.3,-10,100.05,2024-06-13 15:25:00,23261.7,2024-06-10,2024-06-10 15:15:00,Buy,23550.0,CE,54.1,10.0,0.05,2024-06-13 15:25:00,2024-06-13,3,Monday
153,2024-06-11,2024-06-11 13:30:00,Sell,23350,PE,108.5,-10,33.95,2024-06-13 09:16:00,23352.85,2024-06-11,2024-06-11 15:15:00,Buy,22950.0,PE,28.65,10.0,1.65,2024-06-13 09:16:00,2024-06-13,2,Tuesday
154,2024-06-11,2024-06-11 15:15:00,Sell,23300,CE,99.15,-10,100.05,2024-06-13 15:25:00,23264.85,2024-06-11,2024-06-11 15:15:00,Buy,23500.0,CE,31.15,10.0,0.05,2024-06-13 15:25:00,2024-06-13,2,Tuesday
155,2024-06-12,2024-06-12 09:30:00,Sell,23350,PE,101.85,-10,33.95,2024-06-13 09:16:00,23355.3,2024-06-12,2024-06-12 15:15:00,Buy,23150.0,PE,27.1,10.0,6.0,2024-06-13 09:16:00,2024-06-13,1,Wednesday
156,2024-06-12,2024-06-12 10:00:00,Sell,23400,PE,93.3,-10,31.9,2024-06-13 11:50:00,23405.05,2024-06-12,2024-06-12 15:15:00,Buy,23150.0,PE,27.1,10.0,2.45,2024-06-13 11:50:00,2024-06-13,1,Wednesday
157,2024-06-12,2024-06-12 15:15:00,Sell,23350,CE,71.3,-10,50.25,2024-06-13 15:25:00,23325.25,2024-06-12,2024-06-12 15:15:00,Buy,23500.0,CE,23.65,10.0,0.05,2024-06-13 15:25:00,2024-06-13,1,Wednesday
158,2024-06-13,2024-06-13 09:30:00,Sell,23400,PE,51.6,-10,13.35,2024-06-13 14:43:00,23418.2,,,,,,,,,,2024-06-13,0,Thursday
159,2024-06-14,2024-06-14 09:30:00,Sell,23350,CE,135.15,-10,215.8,2024-06-20 15:25:00,23350.0,2024-06-14,2024-06-14 15:15:00,Buy,23650.0,CE,41.4,10.0,0.05,2024-06-20 15:25:00,2024-06-20,4,Friday
160,2024-06-14,2024-06-14 09:30:00,Sell,23350,PE,133.55,-10,40.0,2024-06-18 09:16:00,23350.0,2024-06-14,2024-06-14 15:15:00,Buy,23200.0,PE,37.0,10.0,19.2,2024-06-18 09:16:00,2024-06-20,4,Friday
161,2024-06-14,2024-06-14 10:00:00,Sell,23400,PE,120.7,-10,41.05,2024-06-18 09:33:00,23406.95,2024-06-14,2024-06-14 15:15:00,Buy,23200.0,PE,37.0,10.0,14.8,2024-06-18 09:33:00,2024-06-20,4,Friday
162,2024-06-14,2024-06-14 10:45:00,Sell,23450,PE,124.55,-10,41.65,2024-06-18 10:05:00,23450.0,2024-06-14,2024-06-14 15:15:00,Buy,23200.0,PE,37.0,10.0,12.15,2024-06-18 10:05:00,2024-06-20,4,Friday
163,2024-06-18,2024-06-18 09:30:00,Sell,23500,PE,79.8,-10,26.55,2024-06-20 11:03:00,23515.0,2024-06-18,2024-06-18 15:15:00,Buy,23350.0,PE,25.9,10.0,10.15,2024-06-20 11:03:00,2024-06-20,2,Tuesday
164,2024-06-18,2024-06-18 09:45:00,Sell,23550,PE,83.85,-10,26.7,2024-06-20 12:07:00,23553.95,2024-06-18,2024-06-18 15:15:00,Buy,23350.0,PE,25.9,10.0,10.15,2024-06-20 12:07:00,2024-06-20,2,Tuesday
165,2024-06-19,2024-06-19 10:30:00,Sell,23500,CE,67.55,-10,65.75,2024-06-20 15:25:00,23446.65,2024-06-19,2024-06-19 15:15:00,Buy,23650.0,CE,24.35,10.0,0.05,2024-06-20 15:25:00,2024-06-20,1,Wednesday
166,2024-06-19,2024-06-19 10:30:00,Sell,23450,CE,89.3,-10,115.95,2024-06-20 15:25:00,23446.65,2024-06-19,2024-06-19 15:15:00,Buy,23650.0,CE,24.35,10.0,0.05,2024-06-20 15:25:00,2024-06-20,1,Wednesday
167,2024-06-19,2024-06-19 11:00:00,Sell,23500,PE,87.1,-10,29.8,2024-06-19 14:33:00,23508.2,,,,,,,,,,2024-06-20,1,Wednesday
168,2024-06-19,2024-06-19 12:15:00,Sell,23550,PE,75.8,-10,20.65,2024-06-20 13:02:00,23557.05,2024-06-19,2024-06-19 15:15:00,Buy,23350.0,PE,23.05,10.0,10.15,2024-06-20 13:02:00,2024-06-20,1,Wednesday
169,2024-06-19,2024-06-19 14:45:00,Sell,23600,PE,68.7,-10,34.1,2024-06-20 15:25:00,23611.65,2024-06-19,2024-06-19 15:15:00,Buy,23350.0,PE,23.05,10.0,10.15,2024-06-20 15:25:00,2024-06-20,1,Wednesday
170,2024-06-19,2024-06-19 15:15:00,Sell,23550,CE,51.8,-10,13.3,2024-06-20 14:56:00,23509.8,2024-06-19,2024-06-19 15:15:00,Buy,23650.0,CE,24.35,10.0,0.65,2024-06-20 14:56:00,2024-06-20,1,Wednesday
171,2024-06-20,2024-06-20 09:30:00,Sell,23500,CE,60.8,-10,65.75,2024-06-20 15:25:00,23497.6,2024-06-20,2024-06-20 15:15:00,Buy,23550.0,CE,14.55,10.0,15.95,2024-06-20 15:25:00,2024-06-20,0,Thursday
172,2024-06-20,2024-06-20 11:45:00,Sell,23550,PE,36.5,-10,12.75,2024-06-20 13:33:00,23553.35,,,,,,,,,,2024-06-20,0,Thursday
173,2024-06-20,2024-06-20 13:30:00,Sell,23600,PE,33.75,-10,34.1,2024-06-20 15:25:00,23608.1,2024-06-20,2024-06-20 15:15:00,Buy,23550.0,PE,0.3,10.0,0.05,2024-06-20 15:25:00,2024-06-20,0,Thursday
174,2024-06-20,2024-06-20 14:00:00,Sell,23550,CE,25.0,-10,15.95,2024-06-20 15:25:00,23535.95,2024-06-20,2024-06-20 15:15:00,Buy,23550.0,CE,14.55,10.0,15.95,2024-06-20 15:25:00,2024-06-20,0,Thursday
175,2024-06-21,2024-06-21 09:30:00,Sell,23600,CE,138.25,-10,44.95,2024-06-24 09:15:00,23600.0,2024-06-21,2024-06-21 15:15:00,Buy,23750.0,CE,34.85,10.0,25.0,2024-06-24 09:15:00,2024-06-27,4,Friday
176,2024-06-21,2024-06-21 09:30:00,Sell,23600,PE,134.05,-10,45.35,2024-06-26 10:19:00,23600.0,2024-06-21,2024-06-21 15:15:00,Buy,23200.0,PE,42.8,10.0,5.9,2024-06-26 10:19:00,2024-06-27,4,Friday
177,2024-06-21,2024-06-21 10:45:00,Sell,23550,CE,148.0,-10,50.45,2024-06-24 09:40:00,23544.8,2024-06-21,2024-06-21 15:15:00,Buy,23750.0,CE,34.85,10.0,17.2,2024-06-24 09:40:00,2024-06-27,4,Friday
178,2024-06-21,2024-06-21 12:45:00,Sell,23500,CE,126.75,-10,546.85,2024-06-27 15:25:00,23460.6,2024-06-21,2024-06-21 15:15:00,Buy,23750.0,CE,34.85,10.0,296.85,2024-06-27 15:25:00,2024-06-27,4,Friday
179,2024-06-21,2024-06-21 14:15:00,Sell,23550,PE,118.15,-10,40.15,2024-06-25 15:23:00,23567.1,2024-06-21,2024-06-21 15:15:00,Buy,23200.0,PE,42.8,10.0,10.8,2024-06-25 15:23:00,2024-06-27,4,Friday
180,2024-06-21,2024-06-21 14:30:00,Sell,23500,CE,108.85,-10,546.85,2024-06-27 15:25:00,23443.4,2024-06-21,2024-06-21 15:15:00,Buy,23750.0,CE,34.85,10.0,296.85,2024-06-27 15:25:00,2024-06-27,4,Friday
181,2024-06-21,2024-06-21 14:30:00,Sell,23450,CE,133.6,-10,597.1,2024-06-27 15:25:00,23443.4,2024-06-21,2024-06-21 15:15:00,Buy,23750.0,CE,34.85,10.0,296.85,2024-06-27 15:25:00,2024-06-27,4,Friday
182,2024-06-21,2024-06-21 15:00:00,Sell,23500,PE,127.8,-10,44.1,2024-06-25 13:50:00,23511.15,2024-06-21,2024-06-21 15:15:00,Buy,23200.0,PE,42.8,10.0,12.2,2024-06-25 13:50:00,2024-06-27,4,Friday
183,2024-06-24,2024-06-24 09:30:00,Sell,23450,CE,98.85,-10,597.1,2024-06-27 15:25:00,23411.0,2024-06-24,2024-06-24 15:15:00,Buy,23800.0,CE,27.5,10.0,246.5,2024-06-27 15:25:00,2024-06-27,3,Monday
184,2024-06-24,2024-06-24 09:45:00,Sell,23400,CE,108.05,-10,647.7,2024-06-27 15:25:00,23386.75,2024-06-24,2024-06-24 15:15:00,Buy,23800.0,CE,27.5,10.0,246.5,2024-06-27 15:25:00,2024-06-27,3,Monday
185,2024-06-24,2024-06-24 10:45:00,Sell,23450,PE,105.4,-10,36.15,2024-06-25 12:31:00,23480.1,2024-06-24,2024-06-24 15:15:00,Buy,23250.0,PE,33.35,10.0,14.45,2024-06-25 12:31:00,2024-06-27,3,Monday
186,2024-06-24,2024-06-24 11:30:00,Sell,23500,PE,114.85,-10,39.5,2024-06-25 14:38:00,23522.5,2024-06-24,2024-06-24 15:15:00,Buy,23250.0,PE,33.35,10.0,14.35,2024-06-25 14:38:00,2024-06-27,3,Monday
187,2024-06-25,2024-06-25 09:30:00,Sell,23550,PE,94.15,-10,31.5,2024-06-26 10:21:00,23579.75,2024-06-25,2024-06-25 15:15:00,Buy,23450.0,PE,29.35,10.0,17.95,2024-06-26 10:21:00,2024-06-27,2,Tuesday
188,2024-06-25,2024-06-25 11:00:00,Sell,23600,PE,89.2,-10,30.35,2024-06-26 11:01:00,23603.0,2024-06-25,2024-06-25 15:15:00,Buy,23450.0,PE,29.35,10.0,13.45,2024-06-26 11:01:00,2024-06-27,2,Tuesday
189,2024-06-25,2024-06-25 13:00:00,Sell,23650,PE,98.6,-10,32.5,2024-06-26 11:30:00,23654.65,2024-06-25,2024-06-25 15:15:00,Buy,23450.0,PE,29.35,10.0,10.65,2024-06-26 11:30:00,2024-06-27,2,Tuesday
190,2024-06-25,2024-06-25 15:15:00,Sell,23700,PE,84.7,-10,28.6,2024-06-26 13:27:00,23732.2,2024-06-25,2024-06-25 15:15:00,Buy,23450.0,PE,29.35,10.0,7.45,2024-06-26 13:27:00,2024-06-27,2,Tuesday
191,2024-06-26,2024-06-26 11:00:00,Sell,23750,PE,76.25,-10,24.25,2024-06-27 09:46:00,23764.25,2024-06-26,2024-06-26 15:15:00,Buy,23700.0,PE,21.05,10.0,15.3,2024-06-27 09:46:00,2024-06-27,1,Wednesday
192,2024-06-26,2024-06-26 11:30:00,Sell,23800,PE,79.55,-10,26.55,2024-06-27 09:57:00,23807.1,2024-06-26,2024-06-26 15:15:00,Buy,23700.0,PE,21.05,10.0,10.15,2024-06-27 09:57:00,2024-06-27,1,Wednesday
193,2024-06-26,2024-06-26 14:00:00,Sell,23850,PE,74.65,-10,25.0,2024-06-27 10:03:00,23851.7,2024-06-26,2024-06-26 15:15:00,Buy,23700.0,PE,21.05,10.0,7.0,2024-06-27 10:03:00,2024-06-27,1,Wednesday
194,2024-06-27,2024-06-27 10:00:00,Sell,23900,PE,50.05,-10,17.5,2024-06-27 12:38:00,23915.4,,,,,,,,,,2024-06-27,0,Thursday
195,2024-06-27,2024-06-27 10:30:00,Sell,23950,PE,45.15,-10,12.6,2024-06-27 14:47:00,23967.7,,,,,,,,,,2024-06-27,0,Thursday
196,2024-06-27,2024-06-27 10:45:00,Sell,23900,CE,47.6,-10,147.35,2024-06-27 15:25:00,23849.85,2024-06-27,2024-06-27 15:15:00,Buy,24050.0,CE,1.9,10.0,0.8,2024-06-27 15:25:00,2024-06-27,0,Thursday
197,2024-06-27,2024-06-27 10:45:00,Sell,23850,CE,69.0,-10,196.75,2024-06-27 15:25:00,23849.85,2024-06-27,2024-06-27 15:15:00,Buy,24050.0,CE,1.9,10.0,0.8,2024-06-27 15:25:00,2024-06-27,0,Thursday
198,2024-06-27,2024-06-27 11:15:00,Sell,23900,PE,39.95,-10,13.45,2024-06-27 13:56:00,23922.0,,,,,,,,,,2024-06-27,0,Thursday
199,2024-06-27,2024-06-27 12:00:00,Sell,23950,PE,41.45,-10,12.6,2024-06-27 14:47:00,23953.4,,,,,,,,,,2024-06-27,0,Thursday
200,2024-06-27,2024-06-27 12:15:00,Sell,24000,PE,48.5,-10,16.1,2024-06-27 14:58:00,24006.7,,,,,,,,,,2024-06-27,0,Thursday
201,2024-06-27,2024-06-27 14:30:00,Sell,23950,CE,25.95,-10,97.25,2024-06-27 15:25:00,23945.0,2024-06-27,2024-06-27 15:15:00,Buy,24050.0,CE,1.9,10.0,0.8,2024-06-27 15:25:00,2024-06-27,0,Thursday
202,2024-06-27,2024-06-27 15:00:00,Sell,24000,PE,13.25,-10,3.35,2024-06-27 15:07:00,24029.3,,,,,,,,,,2024-06-27,0,Thursday
203,2024-06-28,2024-06-28 09:30:00,Sell,24150,CE,147.85,-10,151.65,2024-07-04 15:25:00,24150.0,2024-06-28,2024-06-28 15:15:00,Buy,24300.0,CE,48.75,10.0,1.7,2024-07-04 15:25:00,2024-07-04,4,Friday
204,2024-06-28,2024-06-28 09:30:00,Sell,24150,PE,177.0,-10,55.1,2024-07-03 09:15:00,24150.0,2024-06-28,2024-06-28 15:15:00,Buy,23700.0,PE,43.9,10.0,7.1,2024-07-03 09:15:00,2024-07-04,4,Friday
205,2024-06-28,2024-06-28 12:30:00,Sell,24100,CE,145.1,-10,201.8,2024-07-04 15:25:00,24052.9,2024-06-28,2024-06-28 15:15:00,Buy,24300.0,CE,48.75,10.0,1.7,2024-07-04 15:25:00,2024-07-04,4,Friday
206,2024-06-28,2024-06-28 12:45:00,Sell,24050,CE,168.0,-10,251.95,2024-07-04 15:25:00,24046.75,2024-06-28,2024-06-28 15:15:00,Buy,24300.0,CE,48.75,10.0,1.7,2024-07-04 15:25:00,2024-07-04,4,Friday
207,2024-06-28,2024-06-28 14:15:00,Sell,24100,PE,124.95,-10,29.95,2024-07-03 09:15:00,24117.05,2024-06-28,2024-06-28 15:15:00,Buy,23700.0,PE,43.9,10.0,7.1,2024-07-03 09:15:00,2024-07-04,4,Friday
208,2024-06-28,2024-06-28 15:15:00,Sell,24050,CE,142.0,-10,251.95,2024-07-04 15:25:00,23987.4,2024-06-28,2024-06-28 15:15:00,Buy,24300.0,CE,48.75,10.0,1.7,2024-07-04 15:25:00,2024-07-04,4,Friday
209,2024-06-28,2024-06-28 15:15:00,Sell,24000,CE,168.8,-10,301.7,2024-07-04 15:25:00,23987.4,2024-06-28,2024-06-28 15:15:00,Buy,24300.0,CE,48.75,10.0,1.7,2024-07-04 15:25:00,2024-07-04,4,Friday
210,2024-07-01,2024-07-01 09:45:00,Sell,24050,PE,113.3,-10,30.0,2024-07-03 09:15:00,24080.3,2024-07-01,2024-07-01 15:15:00,Buy,23800.0,PE,31.25,10.0,10.15,2024-07-03 09:15:00,2024-07-04,3,Monday
211,2024-07-01,2024-07-01 11:30:00,Sell,24100,PE,110.6,-10,29.95,2024-07-03 09:15:00,24115.1,2024-07-01,2024-07-01 15:15:00,Buy,23800.0,PE,31.25,10.0,10.15,2024-07-03 09:15:00,2024-07-04,3,Monday
212,2024-07-02,2024-07-02 11:00:00,Sell,24150,PE,93.95,-10,32.7,2024-07-03 13:18:00,24163.35,2024-07-02,2024-07-02 15:15:00,Buy,23900.0,PE,31.0,10.0,6.4,2024-07-03 13:18:00,2024-07-04,2,Tuesday
213,2024-07-02,2024-07-02 13:00:00,Sell,24100,CE,101.55,-10,201.8,2024-07-04 15:25:00,24070.15,2024-07-02,2024-07-02 15:15:00,Buy,24350.0,CE,27.1,10.0,0.05,2024-07-04 15:25:00,2024-07-04,2,Tuesday
214,2024-07-03,2024-07-03 09:30:00,Sell,24150,PE,65.8,-10,19.95,2024-07-04 09:15:00,24231.15,2024-07-03,2024-07-03 15:15:00,Buy,24150.0,PE,27.15,10.0,19.95,2024-07-04 09:15:00,2024-07-04,1,Wednesday
215,2024-07-03,2024-07-03 09:30:00,Sell,24200,PE,86.2,-10,23.0,2024-07-04 09:15:00,24231.15,2024-07-03,2024-07-03 15:15:00,Buy,24150.0,PE,27.15,10.0,19.95,2024-07-04 09:15:00,2024-07-04,1,Wednesday
216,2024-07-03,2024-07-03 09:45:00,Sell,24250,PE,78.2,-10,26.4,2024-07-04 09:18:00,24284.2,2024-07-03,2024-07-03 15:15:00,Buy,24150.0,PE,27.15,10.0,11.0,2024-07-04 09:18:00,2024-07-04,1,Wednesday
217,2024-07-04,2024-07-04 09:30:00,Sell,24300,PE,27.55,-10,9.35,2024-07-04 12:22:00,24362.45,,,,,,,,,,2024-07-04,0,Thursday
218,2024-07-04,2024-07-04 09:30:00,Sell,24350,PE,44.45,-10,48.5,2024-07-04 15:25:00,24362.45,2024-07-04,2024-07-04 15:15:00,Buy,24300.0,PE,1.45,10.0,0.1,2024-07-04 15:25:00,2024-07-04,0,Thursday
219,2024-07-05,2024-07-05 09:30:00,Sell,24200,CE,138.35,-10,48.3,2024-07-11 11:00:00,24200.0,2024-07-05,2024-07-05 15:15:00,Buy,24600.0,CE,31.75,10.0,0.85,2024-07-11 11:00:00,2024-07-11,4,Friday
220,2024-07-05,2024-07-05 09:30:00,Sell,24200,PE,132.25,-10,41.75,2024-07-09 09:16:00,24200.0,2024-07-05,2024-07-05 15:15:00,Buy,24100.0,PE,36.4,10.0,23.3,2024-07-09 09:16:00,2024-07-11,4,Friday
221,2024-07-05,2024-07-05 10:45:00,Sell,24250,PE,116.05,-10,38.4,2024-07-09 10:02:00,24250.9,2024-07-05,2024-07-05 15:15:00,Buy,24100.0,PE,36.4,10.0,16.6,2024-07-09 10:02:00,2024-07-11,4,Friday
222,2024-07-05,2024-07-05 15:15:00,Sell,24300,PE,88.4,-10,30.8,2024-07-09 14:14:00,24342.25,2024-07-05,2024-07-05 15:15:00,Buy,24100.0,PE,36.4,10.0,9.65,2024-07-09 14:14:00,2024-07-11,4,Friday
223,2024-07-09,2024-07-09 09:30:00,Sell,24350,PE,88.4,-10,28.65,2024-07-11 14:57:00,24360.55,2024-07-09,2024-07-09 15:15:00,Buy,24250.0,PE,25.15,10.0,0.65,2024-07-11 14:57:00,2024-07-11,2,Tuesday
224,2024-07-09,2024-07-09 13:00:00,Sell,24400,PE,80.45,-10,83.8,2024-07-11 15:25:00,24406.6,2024-07-09,2024-07-09 15:15:00,Buy,24250.0,PE,25.15,10.0,0.05,2024-07-11 15:25:00,2024-07-11,2,Tuesday
225,2024-07-10,2024-07-10 10:15:00,Sell,24350,CE,86.55,-10,26.55,2024-07-10 14:07:00,24330.75,,,,,,,,,,2024-07-11,1,Wednesday
226,2024-07-10,2024-07-10 10:30:00,Sell,24300,CE,69.5,-10,22.5,2024-07-11 10:18:00,24238.0,2024-07-10,2024-07-10 15:15:00,Buy,24450.0,CE,24.45,10.0,3.85,2024-07-11 10:18:00,2024-07-11,1,Wednesday
227,2024-07-10,2024-07-10 10:30:00,Sell,24250,CE,93.1,-10,31.75,2024-07-11 10:30:00,24238.0,2024-07-10,2024-07-10 15:15:00,Buy,24450.0,CE,24.45,10.0,3.3,2024-07-11 10:30:00,2024-07-11,1,Wednesday
228,2024-07-10,2024-07-10 10:45:00,Sell,24200,CE,91.15,-10,116.15,2024-07-11 15:25:00,24194.8,2024-07-10,2024-07-10 15:15:00,Buy,24450.0,CE,24.45,10.0,0.05,2024-07-11 15:25:00,2024-07-11,1,Wednesday
229,2024-07-10,2024-07-10 12:00:00,Sell,24250,PE,80.3,-10,16.7,2024-07-11 09:16:00,24262.35,2024-07-10,2024-07-10 15:15:00,Buy,24200.0,PE,25.2,10.0,10.35,2024-07-11 09:16:00,2024-07-11,1,Wednesday
230,2024-07-10,2024-07-10 14:45:00,Sell,24300,PE,63.6,-10,21.85,2024-07-11 09:50:00,24304.1,2024-07-10,2024-07-10 15:15:00,Buy,24200.0,PE,25.2,10.0,6.6,2024-07-11 09:50:00,2024-07-11,1,Wednesday
231,2024-07-11,2024-07-11 10:30:00,Sell,24250,CE,31.75,-10,66.2,2024-07-11 15:25:00,24246.95,2024-07-11,2024-07-11 15:15:00,Buy,24350.0,CE,0.15,10.0,0.1,2024-07-11 15:25:00,2024-07-11,0,Thursday
232,2024-07-11,2024-07-11 14:00:00,Sell,24300,PE,17.15,-10,5.05,2024-07-11 14:54:00,24313.95,,,,,,,,,,2024-07-11,0,Thursday
233,2024-07-12,2024-07-12 09:30:00,Sell,24450,CE,132.6,-10,354.15,2024-07-18 15:25:00,24450.0,2024-07-12,2024-07-12 15:15:00,Buy,24700.0,CE,38.7,10.0,104.15,2024-07-18 15:25:00,2024-07-18,4,Friday
234,2024-07-12,2024-07-12 09:30:00,Sell,24450,PE,115.15,-10,35.75,2024-07-16 09:16:00,24450.0,2024-07-12,2024-07-12 15:15:00,Buy,24200.0,PE,30.75,10.0,8.75,2024-07-16 09:16:00,2024-07-18,4,Friday
235,2024-07-12,2024-07-12 10:00:00,Sell,24400,CE,128.9,-10,404.6,2024-07-18 15:25:00,24381.25,2024-07-12,2024-07-12 15:15:00,Buy,24700.0,CE,38.7,10.0,104.15,2024-07-18 15:25:00,2024-07-18,4,Friday
236,2024-07-12,2024-07-12 11:00:00,Sell,24450,PE,86.0,-10,29.4,2024-07-16 09:47:00,24528.5,2024-07-12,2024-07-12 15:15:00,Buy,24200.0,PE,30.75,10.0,7.15,2024-07-16 09:47:00,2024-07-18,4,Friday
237,2024-07-12,2024-07-12 11:00:00,Sell,24500,PE,105.0,-10,35.6,2024-07-16 10:06:00,24528.5,2024-07-12,2024-07-12 15:15:00,Buy,24200.0,PE,30.75,10.0,6.25,2024-07-16 10:06:00,2024-07-18,4,Friday
238,2024-07-12,2024-07-12 14:00:00,Sell,24550,PE,113.35,-10,39.45,2024-07-16 10:57:00,24551.85,2024-07-12,2024-07-12 15:15:00,Buy,24200.0,PE,30.75,10.0,5.7,2024-07-16 10:57:00,2024-07-18,4,Friday
239,2024-07-12,2024-07-12 15:15:00,Sell,24500,CE,117.6,-10,303.8,2024-07-18 15:25:00,24490.0,2024-07-12,2024-07-12 15:15:00,Buy,24700.0,CE,38.7,10.0,104.15,2024-07-18 15:25:00,2024-07-18,4,Friday
240,2024-07-15,2024-07-15 09:30:00,Sell,24550,PE,96.6,-10,33.65,2024-07-16 15:05:00,24567.6,2024-07-15,2024-07-15 15:15:00,Buy,24350.0,PE,27.45,10.0,11.7,2024-07-16 15:05:00,2024-07-18,3,Monday
241,2024-07-15,2024-07-15 13:15:00,Sell,24600,PE,92.55,-10,29.0,2024-07-18 09:50:00,24615.7,2024-07-15,2024-07-15 15:15:00,Buy,24350.0,PE,27.45,10.0,3.2,2024-07-18 09:50:00,2024-07-18,3,Monday
242,2024-07-16,2024-07-16 10:45:00,Sell,24650,PE,70.8,-10,24.7,2024-07-18 13:15:00,24656.55,2024-07-16,2024-07-16 15:15:00,Buy,24450.0,PE,19.85,10.0,4.35,2024-07-18 13:15:00,2024-07-18,2,Tuesday
243,2024-07-18,2024-07-18 09:30:00,Sell,24600,CE,18.55,-10,203.9,2024-07-18 15:25:00,24538.45,2024-07-18,2024-07-18 15:15:00,Buy,24800.0,CE,8.9,10.0,3.85,2024-07-18 15:25:00,2024-07-18,0,Thursday
244,2024-07-18,2024-07-18 09:30:00,Sell,24550,CE,36.65,-10,254.0,2024-07-18 15:25:00,24538.45,2024-07-18,2024-07-18 15:15:00,Buy,24800.0,CE,8.9,10.0,3.85,2024-07-18 15:25:00,2024-07-18,0,Thursday
245,2024-07-18,2024-07-18 10:00:00,Sell,24600,PE,29.6,-10,9.6,2024-07-18 13:21:00,24636.05,,,,,,,,,,2024-07-18,0,Thursday
246,2024-07-18,2024-07-18 10:15:00,Sell,24650,PE,36.3,-10,11.5,2024-07-18 13:31:00,24654.05,,,,,,,,,,2024-07-18,0,Thursday
247,2024-07-18,2024-07-18 11:00:00,Sell,24600,CE,44.0,-10,203.9,2024-07-18 15:25:00,24590.2,2024-07-18,2024-07-18 15:15:00,Buy,24800.0,CE,8.9,10.0,3.85,2024-07-18 15:25:00,2024-07-18,0,Thursday
248,2024-07-18,2024-07-18 11:15:00,Sell,24550,CE,41.85,-10,254.0,2024-07-18 15:25:00,24538.55,2024-07-18,2024-07-18 15:15:00,Buy,24800.0,CE,8.9,10.0,3.85,2024-07-18 15:25:00,2024-07-18,0,Thursday
249,2024-07-18,2024-07-18 12:15:00,Sell,24600,PE,41.65,-10,14.55,2024-07-18 13:18:00,24607.0,,,,,,,,,,2024-07-18,0,Thursday
250,2024-07-18,2024-07-18 13:15:00,Sell,24650,PE,24.7,-10,6.95,2024-07-18 13:53:00,24716.35,,,,,,,,,,2024-07-18,0,Thursday
251,2024-07-18,2024-07-18 13:15:00,Sell,24700,PE,39.0,-10,13.5,2024-07-18 13:53:00,24716.35,,,,,,,,,,2024-07-18,0,Thursday
252,2024-07-18,2024-07-18 14:00:00,Sell,24750,PE,27.25,-10,8.9,2024-07-18 14:14:00,24758.35,,,,,,,,,,2024-07-18,0,Thursday
253,2024-07-18,2024-07-18 14:15:00,Sell,24800,PE,19.8,-10,6.45,2024-07-18 14:52:00,24820.4,,,,,,,,,,2024-07-18,0,Thursday
254,2024-07-19,2024-07-19 09:30:00,Sell,24750,CE,243.0,-10,79.05,2024-07-23 12:18:00,24750.0,2024-07-19,2024-07-19 15:15:00,Buy,25000.0,CE,68.95,10.0,40.2,2024-07-23 12:18:00,2024-07-25,4,Friday
255,2024-07-19,2024-07-19 09:30:00,Sell,24750,PE,209.2,-10,346.35,2024-07-25 15:25:00,24750.0,2024-07-19,2024-07-19 15:15:00,Buy,24000.0,PE,63.5,10.0,0.1,2024-07-25 15:25:00,2024-07-25,4,Friday
256,2024-07-19,2024-07-19 10:15:00,Sell,24700,CE,223.5,-10,75.8,2024-07-23 12:19:00,24685.85,2024-07-19,2024-07-19 15:15:00,Buy,25000.0,CE,68.95,10.0,32.2,2024-07-23 12:19:00,2024-07-25,4,Friday
257,2024-07-19,2024-07-19 11:45:00,Sell,24650,CE,221.6,-10,67.35,2024-07-23 12:21:00,24637.4,2024-07-19,2024-07-19 15:15:00,Buy,25000.0,CE,68.95,10.0,25.35,2024-07-23 12:21:00,2024-07-25,4,Friday
258,2024-07-19,2024-07-19 14:15:00,Sell,24600,CE,211.0,-10,68.65,2024-07-23 12:28:00,24570.25,2024-07-19,2024-07-19 15:15:00,Buy,25000.0,CE,68.95,10.0,21.6,2024-07-23 12:28:00,2024-07-25,4,Friday
259,2024-07-19,2024-07-19 15:15:00,Sell,24550,CE,221.5,-10,75.65,2024-07-23 12:28:00,24530.4,2024-07-19,2024-07-19 15:15:00,Buy,25000.0,CE,68.95,10.0,21.6,2024-07-23 12:28:00,2024-07-25,4,Friday
260,2024-07-22,2024-07-22 09:30:00,Sell,24500,CE,221.2,-10,71.55,2024-07-23 12:29:00,24468.25,2024-07-22,2024-07-22 15:15:00,Buy,24950.0,CE,68.75,10.0,19.6,2024-07-23 12:29:00,2024-07-25,3,Monday
261,2024-07-22,2024-07-22 10:15:00,Sell,24550,PE,226.45,-10,146.85,2024-07-25 15:25:00,24555.65,2024-07-22,2024-07-22 15:15:00,Buy,24000.0,PE,63.45,10.0,0.1,2024-07-25 15:25:00,2024-07-25,3,Monday
262,2024-07-22,2024-07-22 12:30:00,Sell,24500,CE,221.2,-10,71.55,2024-07-23 12:29:00,24488.65,2024-07-22,2024-07-22 15:15:00,Buy,24950.0,CE,68.75,10.0,19.6,2024-07-23 12:29:00,2024-07-25,3,Monday
263,2024-07-23,2024-07-23 10:15:00,Sell,24450,CE,212.75,-10,74.2,2024-07-23 12:30:00,24449.15,,,,,,,,,,2024-07-25,2,Tuesday
264,2024-07-23,2024-07-23 11:15:00,Sell,24500,PE,191.4,-10,96.75,2024-07-25 15:25:00,24542.55,2024-07-23,2024-07-23 15:15:00,Buy,24200.0,PE,40.1,10.0,0.05,2024-07-25 15:25:00,2024-07-25,2,Tuesday
265,2024-07-23,2024-07-23 12:30:00,Sell,24450,CE,74.2,-10,21.05,2024-07-25 09:15:00,24142.15,2024-07-23,2024-07-23 15:15:00,Buy,24700.0,CE,34.85,10.0,2.95,2024-07-25 09:15:00,2024-07-25,2,Tuesday
266,2024-07-23,2024-07-23 12:30:00,Sell,24400,CE,86.55,-10,30.0,2024-07-25 09:15:00,24142.15,2024-07-23,2024-07-23 15:15:00,Buy,24700.0,CE,34.85,10.0,2.95,2024-07-25 09:15:00,2024-07-25,2,Tuesday
267,2024-07-23,2024-07-23 12:30:00,Sell,24350,CE,100.9,-10,26.9,2024-07-25 09:15:00,24142.15,2024-07-23,2024-07-23 15:15:00,Buy,24700.0,CE,34.85,10.0,2.95,2024-07-25 09:15:00,2024-07-25,2,Tuesday
268,2024-07-23,2024-07-23 12:30:00,Sell,24300,CE,117.05,-10,40.0,2024-07-25 09:15:00,24142.15,2024-07-23,2024-07-23 15:15:00,Buy,24700.0,CE,34.85,10.0,2.95,2024-07-25 09:15:00,2024-07-25,2,Tuesday
269,2024-07-23,2024-07-23 12:30:00,Sell,24250,CE,135.45,-10,153.0,2024-07-25 15:25:00,24142.15,2024-07-23,2024-07-23 15:15:00,Buy,24700.0,CE,34.85,10.0,0.05,2024-07-25 15:25:00,2024-07-25,2,Tuesday
270,2024-07-23,2024-07-23 12:30:00,Sell,24200,CE,156.65,-10,202.95,2024-07-25 15:25:00,24142.15,2024-07-23,2024-07-23 15:15:00,Buy,24700.0,CE,34.85,10.0,0.05,2024-07-25 15:25:00,2024-07-25,2,Tuesday
271,2024-07-23,2024-07-23 12:30:00,Sell,24150,CE,180.9,-10,253.25,2024-07-25 15:25:00,24142.15,2024-07-23,2024-07-23 15:15:00,Buy,24700.0,CE,34.85,10.0,0.05,2024-07-25 15:25:00,2024-07-25,2,Tuesday
272,2024-07-23,2024-07-23 12:45:00,Sell,24200,PE,105.0,-10,35.2,2024-07-23 14:10:00,24352.5,,,,,,,,,,2024-07-25,2,Tuesday
273,2024-07-23,2024-07-23 12:45:00,Sell,24250,PE,124.45,-10,42.25,2024-07-23 14:35:00,24352.5,,,,,,,,,,2024-07-25,2,Tuesday
274,2024-07-23,2024-07-23 12:45:00,Sell,24300,PE,146.3,-10,47.85,2024-07-23 14:39:00,24352.5,,,,,,,,,,2024-07-25,2,Tuesday
275,2024-07-23,2024-07-23 12:45:00,Sell,24350,PE,170.9,-10,59.65,2024-07-23 14:39:00,24352.5,,,,,,,,,,2024-07-25,2,Tuesday
276,2024-07-23,2024-07-23 13:15:00,Sell,24300,CE,121.15,-10,40.0,2024-07-25 09:15:00,24279.65,2024-07-23,2024-07-23 15:15:00,Buy,24700.0,CE,34.85,10.0,2.95,2024-07-25 09:15:00,2024-07-25,2,Tuesday
277,2024-07-23,2024-07-23 14:00:00,Sell,24350,PE,95.0,-10,31.4,2024-07-25 11:54:00,24439.6,2024-07-23,2024-07-23 15:15:00,Buy,24200.0,PE,40.1,10.0,4.6,2024-07-25 11:54:00,2024-07-25,2,Tuesday
278,2024-07-23,2024-07-23 14:00:00,Sell,24400,PE,115.5,-10,40.0,2024-07-25 12:48:00,24439.6,2024-07-23,2024-07-23 15:15:00,Buy,24200.0,PE,40.1,10.0,2.9,2024-07-25 12:48:00,2024-07-25,2,Tuesday
279,2024-07-23,2024-07-23 14:15:00,Sell,24450,PE,129.25,-10,42.5,2024-07-25 14:10:00,24459.9,2024-07-23,2024-07-23 15:15:00,Buy,24200.0,PE,40.1,10.0,1.25,2024-07-25 14:10:00,2024-07-25,2,Tuesday
280,2024-07-23,2024-07-23 14:45:00,Sell,24500,PE,106.6,-10,96.75,2024-07-25 15:25:00,24530.0,2024-07-23,2024-07-23 15:15:00,Buy,24200.0,PE,40.1,10.0,0.05,2024-07-25 15:25:00,2024-07-25,2,Tuesday
281,2024-07-24,2024-07-24 09:30:00,Sell,24450,CE,84.05,-10,21.05,2024-07-25 09:15:00,24449.1,2024-07-24,2024-07-24 15:15:00,Buy,24500.0,CE,29.95,10.0,14.1,2024-07-25 09:15:00,2024-07-25,1,Wednesday
282,2024-07-24,2024-07-24 11:45:00,Sell,24400,CE,91.35,-10,30.0,2024-07-25 09:15:00,24388.8,2024-07-24,2024-07-24 15:15:00,Buy,24500.0,CE,29.95,10.0,14.1,2024-07-25 09:15:00,2024-07-25,1,Wednesday
283,2024-07-24,2024-07-24 12:30:00,Sell,24350,CE,88.15,-10,26.9,2024-07-25 09:15:00,24339.25,2024-07-24,2024-07-24 15:15:00,Buy,24500.0,CE,29.95,10.0,14.1,2024-07-25 09:15:00,2024-07-25,1,Wednesday
284,2024-07-24,2024-07-24 14:45:00,Sell,24400,PE,71.7,-10,24.2,2024-07-25 13:57:00,24433.4,2024-07-24,2024-07-24 15:15:00,Buy,24200.0,PE,24.15,10.0,1.65,2024-07-25 13:57:00,2024-07-25,1,Wednesday
285,2024-07-25,2024-07-25 09:30:00,Sell,24350,CE,23.1,-10,53.2,2024-07-25 15:25:00,24248.2,2024-07-25,2024-07-25 15:15:00,Buy,24400.0,CE,3.7,10.0,3.1,2024-07-25 15:25:00,2024-07-25,0,Thursday
286,2024-07-25,2024-07-25 09:30:00,Sell,24300,CE,34.45,-10,103.0,2024-07-25 15:25:00,24248.2,2024-07-25,2024-07-25 15:15:00,Buy,24400.0,CE,3.7,10.0,3.1,2024-07-25 15:25:00,2024-07-25,0,Thursday
287,2024-07-25,2024-07-25 09:30:00,Sell,24250,CE,51.85,-10,153.0,2024-07-25 15:25:00,24248.2,2024-07-25,2024-07-25 15:15:00,Buy,24400.0,CE,3.7,10.0,3.1,2024-07-25 15:25:00,2024-07-25,0,Thursday
288,2024-07-25,2024-07-25 10:45:00,Sell,24300,PE,34.7,-10,12.05,2024-07-25 12:19:00,24317.8,,,,,,,,,,2024-07-25,0,Thursday
289,2024-07-25,2024-07-25 12:00:00,Sell,24350,PE,30.55,-10,10.3,2024-07-25 13:19:00,24357.4,,,,,,,,,,2024-07-25,0,Thursday
290,2024-07-25,2024-07-25 14:15:00,Sell,24400,PE,13.85,-10,3.7,2024-07-25 15:02:00,24422.45,,,,,,,,,,2024-07-25,0,Thursday
291,2024-07-26,2024-07-26 09:30:00,Sell,24500,CE,130.4,-10,511.2,2024-08-01 15:25:00,24500.0,2024-07-26,2024-07-26 15:15:00,Buy,25150.0,CE,33.45,10.0,21.8,2024-08-01 15:25:00,2024-08-01,4,Friday
292,2024-07-26,2024-07-26 09:30:00,Sell,24500,PE,157.5,-10,54.8,2024-07-26 13:03:00,24500.0,,,,,,,,,,2024-08-01,4,Friday
293,2024-07-26,2024-07-26 10:15:00,Sell,24550,PE,122.35,-10,42.0,2024-07-26 15:12:00,24578.45,,,,,,,,,,2024-08-01,4,Friday
294,2024-07-26,2024-07-26 11:00:00,Sell,24600,PE,126.55,-10,39.2,2024-07-29 09:15:00,24613.35,2024-07-26,2024-07-26 15:15:00,Buy,24550.0,PE,38.15,10.0,25.0,2024-07-29 09:15:00,2024-08-01,4,Friday
295,2024-07-26,2024-07-26 12:00:00,Sell,24650,PE,126.85,-10,30.05,2024-07-29 09:15:00,24650.8,2024-07-26,2024-07-26 15:15:00,Buy,24550.0,PE,38.15,10.0,25.0,2024-07-29 09:15:00,2024-08-01,4,Friday
296,2024-07-26,2024-07-26 12:45:00,Sell,24700,PE,116.8,-10,39.2,2024-07-29 09:16:00,24718.15,2024-07-26,2024-07-26 15:15:00,Buy,24550.0,PE,38.15,10.0,21.75,2024-07-29 09:16:00,2024-08-01,4,Friday
297,2024-07-26,2024-07-26 13:15:00,Sell,24750,PE,114.7,-10,37.55,2024-07-29 11:32:00,24777.1,2024-07-26,2024-07-26 15:15:00,Buy,24550.0,PE,38.15,10.0,15.25,2024-07-29 11:32:00,2024-08-01,4,Friday
298,2024-07-26,2024-07-26 14:45:00,Sell,24800,PE,123.85,-10,43.05,2024-07-29 11:41:00,24800.25,2024-07-26,2024-07-26 15:15:00,Buy,24550.0,PE,38.15,10.0,15.0,2024-07-29 11:41:00,2024-08-01,4,Friday
299,2024-07-29,2024-07-29 09:30:00,Sell,24850,PE,91.3,-10,16.7,2024-08-01 09:16:00,24916.35,2024-07-29,2024-07-29 15:15:00,Buy,24600.0,PE,37.45,10.0,8.6,2024-08-01 09:16:00,2024-08-01,3,Monday
300,2024-07-29,2024-07-29 09:30:00,Sell,24900,PE,111.7,-10,25.6,2024-08-01 09:16:00,24916.35,2024-07-29,2024-07-29 15:15:00,Buy,24600.0,PE,37.45,10.0,8.6,2024-08-01 09:16:00,2024-08-01,3,Monday
301,2024-07-29,2024-07-29 11:30:00,Sell,24950,PE,100.75,-10,32.95,2024-08-01 09:18:00,24956.85,2024-07-29,2024-07-29 15:15:00,Buy,24600.0,PE,37.45,10.0,8.6,2024-08-01 09:18:00,2024-08-01,3,Monday
302,2024-07-29,2024-07-29 12:30:00,Sell,24900,CE,120.25,-10,110.4,2024-08-01 15:25:00,24868.5,2024-07-29,2024-07-29 15:15:00,Buy,25100.0,CE,31.5,10.0,34.0,2024-08-01 15:25:00,2024-08-01,3,Monday
303,2024-07-29,2024-07-29 13:15:00,Sell,24850,CE,131.45,-10,160.35,2024-08-01 15:25:00,24833.05,2024-07-29,2024-07-29 15:15:00,Buy,25100.0,CE,31.5,10.0,34.0,2024-08-01 15:25:00,2024-08-01,3,Monday
304,2024-07-29,2024-07-29 14:15:00,Sell,24800,CE,137.5,-10,210.35,2024-08-01 15:25:00,24798.05,2024-07-29,2024-07-29 15:15:00,Buy,25100.0,CE,31.5,10.0,34.0,2024-08-01 15:25:00,2024-08-01,3,Monday
305,2024-07-29,2024-07-29 15:00:00,Sell,24850,PE,113.35,-10,38.15,2024-07-31 14:29:00,24852.55,2024-07-29,2024-07-29 15:15:00,Buy,24600.0,PE,37.45,10.0,9.85,2024-07-31 14:29:00,2024-08-01,3,Monday
306,2024-07-30,2024-07-30 11:00:00,Sell,24900,PE,78.8,-10,25.6,2024-08-01 09:16:00,24932.7,2024-07-30,2024-07-30 15:15:00,Buy,24650.0,PE,27.75,10.0,11.35,2024-08-01 09:16:00,2024-08-01,2,Tuesday
307,2024-07-30,2024-07-30 11:45:00,Sell,24950,PE,98.25,-10,32.95,2024-08-01 09:18:00,24950.35,2024-07-30,2024-07-30 15:15:00,Buy,24650.0,PE,27.75,10.0,11.35,2024-08-01 09:18:00,2024-08-01,2,Tuesday
308,2024-07-30,2024-07-30 13:30:00,Sell,24900,CE,98.3,-10,110.4,2024-08-01 15:25:00,24889.55,2024-07-30,2024-07-30 15:15:00,Buy,25050.0,CE,29.65,10.0,50.6,2024-08-01 15:25:00,2024-08-01,2,Tuesday
309,2024-07-30,2024-07-30 14:30:00,Sell,24950,PE,93.6,-10,30.15,2024-08-01 09:19:00,24951.6,2024-07-30,2024-07-30 15:15:00,Buy,24650.0,PE,27.75,10.0,11.35,2024-08-01 09:19:00,2024-08-01,2,Tuesday
310,2024-07-30,2024-07-30 15:15:00,Sell,24900,CE,83.45,-10,110.4,2024-08-01 15:25:00,24847.45,2024-07-30,2024-07-30 15:15:00,Buy,25050.0,CE,29.65,10.0,50.6,2024-08-01 15:25:00,2024-08-01,2,Tuesday
311,2024-07-30,2024-07-30 15:15:00,Sell,24850,CE,110.8,-10,160.35,2024-08-01 15:25:00,24847.45,2024-07-30,2024-07-30 15:15:00,Buy,25050.0,CE,29.65,10.0,50.6,2024-08-01 15:25:00,2024-08-01,2,Tuesday
312,2024-07-31,2024-07-31 09:30:00,Sell,24900,PE,75.0,-10,25.6,2024-08-01 09:16:00,24926.3,2024-07-31,2024-07-31 15:15:00,Buy,24750.0,PE,23.0,10.0,18.85,2024-08-01 09:16:00,2024-08-01,1,Wednesday
313,2024-07-31,2024-07-31 14:30:00,Sell,24950,PE,72.35,-10,22.85,2024-08-01 09:22:00,24957.9,2024-07-31,2024-07-31 15:15:00,Buy,24750.0,PE,23.0,10.0,18.85,2024-08-01 09:22:00,2024-08-01,1,Wednesday
314,2024-08-01,2024-08-01 09:30:00,Sell,25000,PE,32.75,-10,8.25,2024-08-01 14:45:00,25054.15,,,,,,,,,,2024-08-01,0,Thursday
315,2024-08-01,2024-08-01 09:30:00,Sell,25050,PE,48.25,-10,39.4,2024-08-01 15:25:00,25054.15,2024-08-01,2024-08-01 15:15:00,Buy,25000.0,PE,0.4,10.0,0.1,2024-08-01 15:25:00,2024-08-01,0,Thursday
316,2024-08-01,2024-08-01 11:45:00,Sell,25000,CE,34.4,-10,10.95,2024-08-01 14:16:00,24998.45,,,,,,,,,,2024-08-01,0,Thursday
317,2024-08-02,2024-08-02 09:30:00,Sell,24850,CE,138.1,-10,22.75,2024-08-05 09:15:00,24850.0,2024-08-02,2024-08-02 15:15:00,Buy,25000.0,CE,42.15,10.0,15.1,2024-08-05 09:15:00,2024-08-08,4,Friday
318,2024-08-02,2024-08-02 09:30:00,Sell,24850,PE,169.05,-10,735.9,2024-08-08 15:25:00,24850.0,2024-08-02,2024-08-02 15:15:00,Buy,24350.0,PE,43.7,10.0,234.55,2024-08-08 15:25:00,2024-08-08,4,Friday
319,2024-08-02,2024-08-02 09:45:00,Sell,24800,CE,132.4,-10,25.3,2024-08-05 09:15:00,24758.9,2024-08-02,2024-08-02 15:15:00,Buy,25000.0,CE,42.15,10.0,15.1,2024-08-05 09:15:00,2024-08-08,4,Friday
320,2024-08-02,2024-08-02 10:00:00,Sell,24750,CE,143.95,-10,41.85,2024-08-05 09:15:00,24739.25,2024-08-02,2024-08-02 15:15:00,Buy,25000.0,CE,42.15,10.0,15.1,2024-08-05 09:15:00,2024-08-08,4,Friday
321,2024-08-02,2024-08-02 11:00:00,Sell,24800,PE,137.75,-10,685.9,2024-08-08 15:25:00,24820.6,2024-08-02,2024-08-02 15:15:00,Buy,24350.0,PE,43.7,10.0,234.55,2024-08-08 15:25:00,2024-08-08,4,Friday
322,2024-08-02,2024-08-02 14:45:00,Sell,24750,CE,127.5,-10,41.85,2024-08-05 09:15:00,24734.7,2024-08-02,2024-08-02 15:15:00,Buy,25000.0,CE,42.15,10.0,15.1,2024-08-05 09:15:00,2024-08-08,4,Friday
323,2024-08-05,2024-08-05 09:30:00,Sell,24700,CE,29.75,-10,10.25,2024-08-06 12:24:00,24215.5,2024-08-05,2024-08-05 15:15:00,Buy,24450.0,CE,50.3,10.0,45.7,2024-08-06 12:24:00,2024-08-08,3,Monday
324,2024-08-05,2024-08-05 09:30:00,Sell,24650,CE,36.45,-10,12.7,2024-08-06 12:27:00,24215.5,2024-08-05,2024-08-05 15:15:00,Buy,24450.0,CE,50.3,10.0,40.95,2024-08-06 12:27:00,2024-08-08,3,Monday
325,2024-08-05,2024-08-05 09:30:00,Sell,24600,CE,44.4,-10,14.95,2024-08-06 12:30:00,24215.5,2024-08-05,2024-08-05 15:15:00,Buy,24450.0,CE,50.3,10.0,37.25,2024-08-06 12:30:00,2024-08-08,3,Monday
326,2024-08-05,2024-08-05 09:30:00,Sell,24550,CE,54.95,-10,19.1,2024-08-06 12:34:00,24215.5,2024-08-05,2024-08-05 15:15:00,Buy,24450.0,CE,50.3,10.0,34.9,2024-08-06 12:34:00,2024-08-08,3,Monday
327,2024-08-05,2024-08-05 09:30:00,Sell,24500,CE,67.5,-10,23.55,2024-08-06 12:50:00,24215.5,2024-08-05,2024-08-05 15:15:00,Buy,24450.0,CE,50.3,10.0,32.1,2024-08-06 12:50:00,2024-08-08,3,Monday
328,2024-08-05,2024-08-05 09:30:00,Sell,24450,CE,82.6,-10,28.7,2024-08-06 13:14:00,24215.5,2024-08-05,2024-08-05 15:15:00,Buy,24450.0,CE,50.3,10.0,28.7,2024-08-06 13:14:00,2024-08-08,3,Monday
329,2024-08-05,2024-08-05 09:30:00,Sell,24400,CE,99.6,-10,32.2,2024-08-06 13:36:00,24215.5,2024-08-05,2024-08-05 15:15:00,Buy,24450.0,CE,50.3,10.0,24.7,2024-08-06 13:36:00,2024-08-08,3,Monday
330,2024-08-05,2024-08-05 09:30:00,Sell,24350,CE,118.8,-10,38.45,2024-08-06 13:39:00,24215.5,2024-08-05,2024-08-05 15:15:00,Buy,24450.0,CE,50.3,10.0,21.95,2024-08-06 13:39:00,2024-08-08,3,Monday
331,2024-08-05,2024-08-05 09:30:00,Sell,24300,CE,140.8,-10,49.2,2024-08-06 13:45:00,24215.5,2024-08-05,2024-08-05 15:15:00,Buy,24450.0,CE,50.3,10.0,21.7,2024-08-06 13:45:00,2024-08-08,3,Monday
332,2024-08-05,2024-08-05 09:30:00,Sell,24250,CE,168.0,-10,54.7,2024-08-06 14:11:00,24215.5,2024-08-05,2024-08-05 15:15:00,Buy,24450.0,CE,50.3,10.0,18.7,2024-08-06 14:11:00,2024-08-08,3,Monday
333,2024-08-05,2024-08-05 10:00:00,Sell,24300,PE,146.75,-10,184.95,2024-08-08 15:25:00,24333.4,2024-08-05,2024-08-05 15:15:00,Buy,23050.0,PE,44.2,10.0,0.05,2024-08-08 15:25:00,2024-08-08,3,Monday
334,2024-08-05,2024-08-05 10:45:00,Sell,24250,CE,154.8,-10,53.35,2024-08-06 14:12:00,24206.2,2024-08-05,2024-08-05 15:15:00,Buy,24450.0,CE,50.3,10.0,18.05,2024-08-06 14:12:00,2024-08-08,3,Monday
335,2024-08-05,2024-08-05 11:00:00,Sell,24200,CE,152.3,-10,53.05,2024-08-06 14:48:00,24095.55,2024-08-05,2024-08-05 15:15:00,Buy,24450.0,CE,50.3,10.0,15.2,2024-08-06 14:48:00,2024-08-08,3,Monday
336,2024-08-05,2024-08-05 11:00:00,Sell,24150,CE,178.15,-10,60.2,2024-08-08 13:28:00,24095.55,2024-08-05,2024-08-05 15:15:00,Buy,24450.0,CE,50.3,10.0,2.9,2024-08-08 13:28:00,2024-08-08,3,Monday
337,2024-08-05,2024-08-05 11:00:00,Sell,24100,CE,205.85,-10,65.85,2024-08-08 13:30:00,24095.55,2024-08-05,2024-08-05 15:15:00,Buy,24450.0,CE,50.3,10.0,2.35,2024-08-08 13:30:00,2024-08-08,3,Monday
338,2024-08-05,2024-08-05 11:15:00,Sell,24050,CE,230.65,-10,75.6,2024-08-08 14:57:00,24020.45,2024-08-05,2024-08-05 15:15:00,Buy,24450.0,CE,50.3,10.0,0.4,2024-08-08 14:57:00,2024-08-08,3,Monday
339,2024-08-05,2024-08-05 11:45:00,Sell,24000,CE,253.35,-10,115.5,2024-08-08 15:25:00,23999.9,2024-08-05,2024-08-05 15:15:00,Buy,24450.0,CE,50.3,10.0,0.1,2024-08-08 15:25:00,2024-08-08,3,Monday
340,2024-08-05,2024-08-05 12:45:00,Sell,23950,CE,246.75,-10,165.4,2024-08-08 15:25:00,23947.7,2024-08-05,2024-08-05 15:15:00,Buy,24450.0,CE,50.3,10.0,0.1,2024-08-08 15:25:00,2024-08-08,3,Monday
341,2024-08-05,2024-08-05 13:15:00,Sell,24000,PE,207.1,-10,49.3,2024-08-06 09:16:00,24021.2,2024-08-05,2024-08-05 15:15:00,Buy,23050.0,PE,44.2,10.0,8.55,2024-08-06 09:16:00,2024-08-08,3,Monday
342,2024-08-05,2024-08-05 13:45:00,Sell,24050,PE,192.0,-10,58.1,2024-08-06 09:16:00,24073.4,2024-08-05,2024-08-05 15:15:00,Buy,23050.0,PE,44.2,10.0,8.55,2024-08-06 09:16:00,2024-08-08,3,Monday
343,2024-08-05,2024-08-05 14:00:00,Sell,24100,PE,202.4,-10,68.3,2024-08-06 09:16:00,24103.15,2024-08-05,2024-08-05 15:15:00,Buy,23050.0,PE,44.2,10.0,8.55,2024-08-06 09:16:00,2024-08-08,3,Monday
344,2024-08-05,2024-08-05 14:30:00,Sell,24050,CE,205.1,-10,70.2,2024-08-08 15:18:00,24027.35,2024-08-05,2024-08-05 15:15:00,Buy,24450.0,CE,50.3,10.0,0.1,2024-08-08 15:18:00,2024-08-08,3,Monday
345,2024-08-05,2024-08-05 15:00:00,Sell,24100,PE,190.8,-10,60.65,2024-08-06 09:22:00,24107.7,2024-08-05,2024-08-05 15:15:00,Buy,23050.0,PE,44.2,10.0,6.65,2024-08-06 09:22:00,2024-08-08,3,Monday
346,2024-08-05,2024-08-05 15:15:00,Sell,24050,CE,223.65,-10,75.6,2024-08-08 14:57:00,24049.65,2024-08-05,2024-08-05 15:15:00,Buy,24450.0,CE,50.3,10.0,0.4,2024-08-08 14:57:00,2024-08-08,3,Monday
347,2024-08-06,2024-08-06 09:30:00,Sell,24100,PE,71.15,-10,24.4,2024-08-07 15:09:00,24318.6,2024-08-06,2024-08-06 15:15:00,Buy,23450.0,PE,35.2,10.0,2.35,2024-08-07 15:09:00,2024-08-08,2,Tuesday
348,2024-08-06,2024-08-06 09:30:00,Sell,24150,PE,84.7,-10,27.25,2024-08-07 15:11:00,24318.6,2024-08-06,2024-08-06 15:15:00,Buy,23450.0,PE,35.2,10.0,2.25,2024-08-07 15:11:00,2024-08-08,2,Tuesday
349,2024-08-06,2024-08-06 09:30:00,Sell,24200,PE,100.85,-10,33.8,2024-08-08 12:22:00,24318.6,2024-08-06,2024-08-06 15:15:00,Buy,23450.0,PE,35.2,10.0,0.25,2024-08-08 12:22:00,2024-08-08,2,Tuesday
350,2024-08-06,2024-08-06 09:30:00,Sell,24250,PE,119.0,-10,135.05,2024-08-08 15:25:00,24318.6,2024-08-06,2024-08-06 15:15:00,Buy,23450.0,PE,35.2,10.0,0.05,2024-08-08 15:25:00,2024-08-08,2,Tuesday
351,2024-08-06,2024-08-06 09:30:00,Sell,24300,PE,139.05,-10,184.95,2024-08-08 15:25:00,24318.6,2024-08-06,2024-08-06 15:15:00,Buy,23450.0,PE,35.2,10.0,0.05,2024-08-08 15:25:00,2024-08-08,2,Tuesday
352,2024-08-06,2024-08-06 10:30:00,Sell,24250,CE,138.7,-10,47.9,2024-08-06 14:20:00,24231.3,,,,,,,,,,2024-08-08,2,Tuesday
353,2024-08-06,2024-08-06 10:45:00,Sell,24200,CE,142.75,-10,43.9,2024-08-08 13:08:00,24155.2,2024-08-06,2024-08-06 15:15:00,Buy,24300.0,CE,37.85,10.0,19.35,2024-08-08 13:08:00,2024-08-08,2,Tuesday
354,2024-08-06,2024-08-06 11:00:00,Sell,24250,PE,141.4,-10,47.4,2024-08-07 15:11:00,24257.2,2024-08-06,2024-08-06 15:15:00,Buy,23450.0,PE,35.2,10.0,2.25,2024-08-07 15:11:00,2024-08-08,2,Tuesday
355,2024-08-06,2024-08-06 12:30:00,Sell,24200,CE,129.65,-10,43.9,2024-08-08 13:08:00,24193.6,2024-08-06,2024-08-06 15:15:00,Buy,24300.0,CE,37.85,10.0,19.35,2024-08-08 13:08:00,2024-08-08,2,Tuesday
356,2024-08-06,2024-08-06 13:45:00,Sell,24150,CE,102.1,-10,30.45,2024-08-08 14:21:00,24079.15,2024-08-06,2024-08-06 15:15:00,Buy,24300.0,CE,37.85,10.0,2.95,2024-08-08 14:21:00,2024-08-08,2,Tuesday
357,2024-08-06,2024-08-06 13:45:00,Sell,24100,CE,125.8,-10,43.45,2024-08-08 14:56:00,24079.15,2024-08-06,2024-08-06 15:15:00,Buy,24300.0,CE,37.85,10.0,0.7,2024-08-08 14:56:00,2024-08-08,2,Tuesday
358,2024-08-06,2024-08-06 14:15:00,Sell,24050,CE,133.6,-10,65.8,2024-08-08 15:25:00,24023.15,2024-08-06,2024-08-06 15:15:00,Buy,24300.0,CE,37.85,10.0,0.1,2024-08-08 15:25:00,2024-08-08,2,Tuesday
359,2024-08-06,2024-08-06 14:45:00,Sell,24000,CE,135.1,-10,115.5,2024-08-08 15:25:00,23979.05,2024-08-06,2024-08-06 15:15:00,Buy,24300.0,CE,37.85,10.0,0.1,2024-08-08 15:25:00,2024-08-08,2,Tuesday
360,2024-08-07,2024-08-07 09:30:00,Sell,24050,PE,40.6,-10,13.9,2024-08-08 12:16:00,24266.2,2024-08-07,2024-08-07 15:15:00,Buy,24100.0,PE,22.3,10.0,20.25,2024-08-08 12:16:00,2024-08-08,1,Wednesday
361,2024-08-07,2024-08-07 09:30:00,Sell,24100,PE,49.2,-10,16.3,2024-08-08 12:22:00,24266.2,2024-08-07,2024-08-07 15:15:00,Buy,24100.0,PE,22.3,10.0,16.3,2024-08-08 12:22:00,2024-08-08,1,Wednesday
362,2024-08-07,2024-08-07 09:30:00,Sell,24150,PE,61.05,-10,20.55,2024-08-08 14:17:00,24266.2,2024-08-07,2024-08-07 15:15:00,Buy,24100.0,PE,22.3,10.0,9.2,2024-08-08 14:17:00,2024-08-08,1,Wednesday
363,2024-08-07,2024-08-07 09:30:00,Sell,24200,PE,75.6,-10,84.95,2024-08-08 15:25:00,24266.2,2024-08-07,2024-08-07 15:15:00,Buy,24100.0,PE,22.3,10.0,0.05,2024-08-08 15:25:00,2024-08-08,1,Wednesday
364,2024-08-07,2024-08-07 09:30:00,Sell,24250,PE,93.35,-10,135.05,2024-08-08 15:25:00,24266.2,2024-08-07,2024-08-07 15:15:00,Buy,24100.0,PE,22.3,10.0,0.05,2024-08-08 15:25:00,2024-08-08,1,Wednesday
365,2024-08-07,2024-08-07 10:45:00,Sell,24300,PE,93.7,-10,184.95,2024-08-08 15:25:00,24304.05,2024-08-07,2024-08-07 15:15:00,Buy,24100.0,PE,22.3,10.0,0.05,2024-08-08 15:25:00,2024-08-08,1,Wednesday
366,2024-08-07,2024-08-07 11:15:00,Sell,24250,CE,108.3,-10,37.0,2024-08-08 13:03:00,24248.6,2024-08-07,2024-08-07 15:15:00,Buy,24550.0,CE,19.0,10.0,1.35,2024-08-08 13:03:00,2024-08-08,1,Wednesday
367,2024-08-07,2024-08-07 13:30:00,Sell,24200,CE,96.45,-10,27.65,2024-08-08 13:30:00,24197.25,2024-08-07,2024-08-07 15:15:00,Buy,24550.0,CE,19.0,10.0,1.0,2024-08-08 13:30:00,2024-08-08,1,Wednesday
368,2024-08-07,2024-08-07 14:30:00,Sell,24250,PE,64.15,-10,135.05,2024-08-08 15:25:00,24283.35,2024-08-07,2024-08-07 15:15:00,Buy,24100.0,PE,22.3,10.0,0.05,2024-08-08 15:25:00,2024-08-08,1,Wednesday
369,2024-08-07,2024-08-07 15:15:00,Sell,24300,PE,66.9,-10,184.95,2024-08-08 15:25:00,24309.4,2024-08-07,2024-08-07 15:15:00,Buy,24100.0,PE,22.3,10.0,0.05,2024-08-08 15:25:00,2024-08-08,1,Wednesday
370,2024-08-08,2024-08-08 09:30:00,Sell,24250,CE,84.55,-10,28.55,2024-08-08 13:23:00,24222.35,,,,,,,,,,2024-08-08,0,Thursday
371,2024-08-08,2024-08-08 10:15:00,Sell,24200,CE,73.0,-10,24.25,2024-08-08 13:59:00,24161.65,,,,,,,,,,2024-08-08,0,Thursday
372,2024-08-08,2024-08-08 11:00:00,Sell,24150,CE,81.4,-10,25.35,2024-08-08 14:22:00,24148.95,,,,,,,,,,2024-08-08,0,Thursday
373,2024-08-08,2024-08-08 12:00:00,Sell,24200,PE,72.2,-10,84.95,2024-08-08 15:25:00,24225.95,2024-08-08,2024-08-08 15:15:00,Buy,24150.0,PE,27.15,10.0,34.65,2024-08-08 15:25:00,2024-08-08,0,Thursday
374,2024-08-08,2024-08-08 12:15:00,Sell,24250,PE,60.7,-10,135.05,2024-08-08 15:25:00,24308.1,2024-08-08,2024-08-08 15:15:00,Buy,24150.0,PE,27.15,10.0,34.65,2024-08-08 15:25:00,2024-08-08,0,Thursday
375,2024-08-08,2024-08-08 12:15:00,Sell,24300,PE,79.55,-10,184.95,2024-08-08 15:25:00,24308.1,2024-08-08,2024-08-08 15:15:00,Buy,24150.0,PE,27.15,10.0,34.65,2024-08-08 15:25:00,2024-08-08,0,Thursday
376,2024-08-08,2024-08-08 13:00:00,Sell,24250,CE,51.95,-10,17.6,2024-08-08 13:30:00,24223.3,,,,,,,,,,2024-08-08,0,Thursday
377,2024-08-08,2024-08-08 13:15:00,Sell,24200,CE,48.65,-10,14.2,2024-08-08 14:21:00,24159.4,,,,,,,,,,2024-08-08,0,Thursday
378,2024-08-08,2024-08-08 13:30:00,Sell,24150,CE,44.15,-10,14.05,2024-08-08 14:55:00,24113.45,,,,,,,,,,2024-08-08,0,Thursday
379,2024-08-09,2024-08-09 09:30:00,Sell,24400,CE,170.5,-10,58.7,2024-08-13 10:31:00,24400.0,2024-08-09,2024-08-09 15:15:00,Buy,24650.0,CE,42.7,10.0,8.85,2024-08-13 10:31:00,2024-08-14,3,Friday
380,2024-08-09,2024-08-09 09:30:00,Sell,24400,PE,157.9,-10,255.6,2024-08-14 15:25:00,24400.0,2024-08-09,2024-08-09 15:15:00,Buy,24050.0,PE,47.05,10.0,0.15,2024-08-14 15:25:00,2024-08-14,3,Friday
381,2024-08-09,2024-08-09 10:30:00,Sell,24350,CE,146.8,-10,50.75,2024-08-13 12:43:00,24328.65,2024-08-09,2024-08-09 15:15:00,Buy,24650.0,CE,42.7,10.0,4.65,2024-08-13 12:43:00,2024-08-14,3,Friday
382,2024-08-12,2024-08-12 09:30:00,Sell,24300,CE,143.55,-10,49.6,2024-08-13 13:45:00,24274.7,2024-08-12,2024-08-12 15:15:00,Buy,24550.0,CE,31.9,10.0,9.05,2024-08-13 13:45:00,2024-08-14,2,Monday
383,2024-08-12,2024-08-12 10:00:00,Sell,24250,CE,137.45,-10,46.55,2024-08-13 14:06:00,24223.4,2024-08-12,2024-08-12 15:15:00,Buy,24550.0,CE,31.9,10.0,6.55,2024-08-13 14:06:00,2024-08-14,2,Monday
384,2024-08-12,2024-08-12 10:45:00,Sell,24300,PE,90.25,-10,155.75,2024-08-14 15:25:00,24351.55,2024-08-12,2024-08-12 15:15:00,Buy,24050.0,PE,35.75,10.0,0.15,2024-08-14 15:25:00,2024-08-14,2,Monday
385,2024-08-12,2024-08-12 10:45:00,Sell,24350,PE,108.85,-10,205.75,2024-08-14 15:25:00,24351.55,2024-08-12,2024-08-12 15:15:00,Buy,24050.0,PE,35.75,10.0,0.15,2024-08-14 15:25:00,2024-08-14,2,Monday
386,2024-08-12,2024-08-12 11:00:00,Sell,24400,PE,104.25,-10,255.6,2024-08-14 15:25:00,24400.75,2024-08-12,2024-08-12 15:15:00,Buy,24050.0,PE,35.75,10.0,0.15,2024-08-14 15:25:00,2024-08-14,2,Monday
387,2024-08-12,2024-08-12 11:30:00,Sell,24450,PE,113.5,-10,305.75,2024-08-14 15:25:00,24452.0,2024-08-12,2024-08-12 15:15:00,Buy,24050.0,PE,35.75,10.0,0.15,2024-08-14 15:25:00,2024-08-14,2,Monday
388,2024-08-12,2024-08-12 12:15:00,Sell,24400,CE,127.7,-10,43.85,2024-08-13 12:06:00,24388.1,2024-08-12,2024-08-12 15:15:00,Buy,24550.0,CE,31.9,10.0,13.75,2024-08-13 12:06:00,2024-08-14,2,Monday
389,2024-08-12,2024-08-12 15:15:00,Sell,24350,CE,105.2,-10,36.25,2024-08-13 13:45:00,24345.7,2024-08-12,2024-08-12 15:15:00,Buy,24550.0,CE,31.9,10.0,9.05,2024-08-13 13:45:00,2024-08-14,2,Monday
390,2024-08-13,2024-08-13 10:30:00,Sell,24300,CE,109.5,-10,36.6,2024-08-13 14:05:00,24295.65,,,,,,,,,,2024-08-14,1,Tuesday
391,2024-08-13,2024-08-13 13:00:00,Sell,24250,CE,83.75,-10,29.05,2024-08-14 09:17:00,24234.3,2024-08-13,2024-08-13 15:15:00,Buy,24350.0,CE,23.1,10.0,12.6,2024-08-14 09:17:00,2024-08-14,1,Tuesday
392,2024-08-13,2024-08-13 13:45:00,Sell,24200,CE,88.6,-10,30.65,2024-08-14 09:27:00,24198.9,2024-08-13,2024-08-13 15:15:00,Buy,24350.0,CE,23.1,10.0,8.5,2024-08-14 09:27:00,2024-08-14,1,Tuesday
393,2024-08-13,2024-08-13 14:45:00,Sell,24150,CE,87.1,-10,30.0,2024-08-14 10:32:00,24142.5,2024-08-13,2024-08-13 15:15:00,Buy,24350.0,CE,23.1,10.0,5.5,2024-08-14 10:32:00,2024-08-14,1,Tuesday
394,2024-08-16,2024-08-16 09:30:00,Sell,24400,CE,150.3,-10,411.6,2024-08-22 15:25:00,24400.0,2024-08-16,2024-08-16 15:15:00,Buy,24800.0,CE,40.2,10.0,11.0,2024-08-22 15:25:00,2024-08-22,4,Friday
395,2024-08-16,2024-08-16 09:30:00,Sell,24400,PE,142.2,-10,41.0,2024-08-19 09:15:00,24400.0,2024-08-16,2024-08-16 15:15:00,Buy,24250.0,PE,39.1,10.0,38.0,2024-08-19 09:15:00,2024-08-22,4,Friday
396,2024-08-16,2024-08-16 09:45:00,Sell,24350,CE,147.4,-10,461.15,2024-08-22 15:25:00,24337.75,2024-08-16,2024-08-16 15:15:00,Buy,24800.0,CE,40.2,10.0,11.0,2024-08-22 15:25:00,2024-08-22,4,Friday
397,2024-08-16,2024-08-16 10:00:00,Sell,24300,CE,155.65,-10,511.0,2024-08-22 15:25:00,24299.1,2024-08-16,2024-08-16 15:15:00,Buy,24800.0,CE,40.2,10.0,11.0,2024-08-22 15:25:00,2024-08-22,4,Friday
398,2024-08-16,2024-08-16 10:30:00,Sell,24250,CE,154.65,-10,560.0,2024-08-22 15:25:00,24241.05,2024-08-16,2024-08-16 15:15:00,Buy,24800.0,CE,40.2,10.0,11.0,2024-08-22 15:25:00,2024-08-22,4,Friday
399,2024-08-16,2024-08-16 11:30:00,Sell,24300,PE,133.8,-10,46.15,2024-08-16 15:13:00,24313.3,,,,,,,,,,2024-08-22,4,Friday
400,2024-08-16,2024-08-16 12:00:00,Sell,24350,PE,120.1,-10,36.4,2024-08-19 09:16:00,24385.1,2024-08-16,2024-08-16 15:15:00,Buy,24250.0,PE,39.1,10.0,25.0,2024-08-19 09:16:00,2024-08-22,4,Friday
401,2024-08-16,2024-08-16 12:15:00,Sell,24400,PE,122.8,-10,41.0,2024-08-19 09:15:00,24419.95,2024-08-16,2024-08-16 15:15:00,Buy,24250.0,PE,39.1,10.0,38.0,2024-08-19 09:15:00,2024-08-22,4,Friday
402,2024-08-16,2024-08-16 13:45:00,Sell,24450,PE,122.3,-10,41.8,2024-08-20 09:17:00,24465.25,2024-08-16,2024-08-16 15:15:00,Buy,24250.0,PE,39.1,10.0,14.25,2024-08-20 09:17:00,2024-08-22,4,Friday
403,2024-08-16,2024-08-16 14:15:00,Sell,24500,PE,120.1,-10,41.75,2024-08-20 09:38:00,24514.95,2024-08-16,2024-08-16 15:15:00,Buy,24250.0,PE,39.1,10.0,10.4,2024-08-20 09:38:00,2024-08-22,4,Friday
404,2024-08-16,2024-08-16 15:15:00,Sell,24550,PE,116.7,-10,40.65,2024-08-20 09:58:00,24554.15,2024-08-16,2024-08-16 15:15:00,Buy,24250.0,PE,39.1,10.0,9.0,2024-08-20 09:58:00,2024-08-22,4,Friday
405,2024-08-19,2024-08-19 09:45:00,Sell,24600,PE,112.9,-10,37.85,2024-08-21 09:48:00,24615.35,2024-08-19,2024-08-19 15:15:00,Buy,24300.0,PE,30.0,10.0,5.35,2024-08-21 09:48:00,2024-08-22,3,Monday
406,2024-08-19,2024-08-19 11:15:00,Sell,24550,CE,107.85,-10,261.35,2024-08-22 15:25:00,24544.45,2024-08-19,2024-08-19 15:15:00,Buy,24750.0,CE,34.9,10.0,61.2,2024-08-22 15:25:00,2024-08-22,3,Monday
407,2024-08-20,2024-08-20 09:30:00,Sell,24600,PE,88.8,-10,29.95,2024-08-21 10:17:00,24622.4,2024-08-20,2024-08-20 15:15:00,Buy,24500.0,PE,27.45,10.0,15.35,2024-08-21 10:17:00,2024-08-22,2,Tuesday
408,2024-08-20,2024-08-20 09:45:00,Sell,24650,PE,83.05,-10,27.95,2024-08-21 14:48:00,24669.45,2024-08-20,2024-08-20 15:15:00,Buy,24500.0,PE,27.45,10.0,7.85,2024-08-21 14:48:00,2024-08-22,2,Tuesday
409,2024-08-20,2024-08-20 10:15:00,Sell,24700,PE,75.55,-10,10.15,2024-08-22 09:15:00,24722.95,2024-08-20,2024-08-20 15:15:00,Buy,24500.0,PE,27.45,10.0,3.0,2024-08-22 09:15:00,2024-08-22,2,Tuesday
410,2024-08-21,2024-08-21 15:00:00,Sell,24750,PE,63.4,-10,19.0,2024-08-22 09:30:00,24752.2,2024-08-21,2024-08-21 15:15:00,Buy,24650.0,PE,21.0,10.0,5.2,2024-08-22 09:30:00,2024-08-22,1,Wednesday
411,2024-08-22,2024-08-22 09:30:00,Sell,24800,PE,33.75,-10,10.8,2024-08-22 11:41:00,24826.85,,,,,,,,,,2024-08-22,0,Thursday
412,2024-08-23,2024-08-23 09:30:00,Sell,24850,CE,132.5,-10,303.2,2024-08-29 15:25:00,24850.0,2024-08-23,2024-08-23 15:15:00,Buy,25100.0,CE,38.65,10.0,52.85,2024-08-29 15:25:00,2024-08-29,4,Friday
413,2024-08-23,2024-08-23 09:30:00,Sell,24850,PE,134.8,-10,45.45,2024-08-26 10:10:00,24850.0,2024-08-23,2024-08-23 15:15:00,Buy,24600.0,PE,44.35,10.0,13.1,2024-08-26 10:10:00,2024-08-29,4,Friday
414,2024-08-23,2024-08-23 09:45:00,Sell,24800,CE,139.7,-10,353.0,2024-08-29 15:25:00,24785.0,2024-08-23,2024-08-23 15:15:00,Buy,25100.0,CE,38.65,10.0,52.85,2024-08-29 15:25:00,2024-08-29,4,Friday
415,2024-08-26,2024-08-26 09:30:00,Sell,24850,PE,77.95,-10,26.8,2024-08-27 10:56:00,24919.25,2024-08-26,2024-08-26 15:15:00,Buy,24750.0,PE,23.15,10.0,13.4,2024-08-27 10:56:00,2024-08-29,3,Monday
416,2024-08-26,2024-08-26 09:30:00,Sell,24900,PE,98.35,-10,32.45,2024-08-27 11:09:00,24919.25,2024-08-26,2024-08-26 15:15:00,Buy,24750.0,PE,23.15,10.0,11.8,2024-08-27 11:09:00,2024-08-29,3,Monday
417,2024-08-26,2024-08-26 09:45:00,Sell,24950,PE,81.4,-10,28.45,2024-08-28 11:12:00,24981.85,2024-08-26,2024-08-26 15:15:00,Buy,24750.0,PE,23.15,10.0,6.15,2024-08-28 11:12:00,2024-08-29,3,Monday
418,2024-08-26,2024-08-26 10:15:00,Sell,25000,PE,85.55,-10,29.85,2024-08-28 11:35:00,25008.4,2024-08-26,2024-08-26 15:15:00,Buy,24750.0,PE,23.15,10.0,6.15,2024-08-28 11:35:00,2024-08-29,3,Monday
419,2024-08-27,2024-08-27 11:30:00,Sell,25050,PE,68.0,-10,23.45,2024-08-29 10:21:00,25068.9,2024-08-27,2024-08-27 15:15:00,Buy,24800.0,PE,18.9,10.0,2.15,2024-08-29 10:21:00,2024-08-29,2,Tuesday
420,2024-08-28,2024-08-28 09:45:00,Sell,25000,CE,76.15,-10,152.45,2024-08-29 15:25:00,24991.45,2024-08-28,2024-08-28 15:15:00,Buy,25150.0,CE,19.05,10.0,2.95,2024-08-29 15:25:00,2024-08-29,1,Wednesday
421,2024-08-28,2024-08-28 11:30:00,Sell,25050,PE,51.45,-10,17.85,2024-08-29 10:30:00,25059.55,2024-08-28,2024-08-28 15:15:00,Buy,24900.0,PE,16.05,10.0,3.6,2024-08-29 10:30:00,2024-08-29,1,Wednesday
422,2024-08-28,2024-08-28 11:45:00,Sell,25100,PE,55.6,-10,17.8,2024-08-29 12:30:00,25103.2,2024-08-28,2024-08-28 15:15:00,Buy,24900.0,PE,16.05,10.0,1.75,2024-08-29 12:30:00,2024-08-29,1,Wednesday
423,2024-08-28,2024-08-28 15:15:00,Sell,25050,CE,53.65,-10,18.7,2024-08-29 14:49:00,25049.4,2024-08-28,2024-08-28 15:15:00,Buy,25150.0,CE,19.05,10.0,3.1,2024-08-29 14:49:00,2024-08-29,1,Wednesday
424,2024-08-29,2024-08-29 10:30:00,Sell,25100,PE,30.0,-10,9.85,2024-08-29 14:59:00,25110.45,,,,,,,,,,2024-08-29,0,Thursday
425,2024-08-29,2024-08-29 12:45:00,Sell,25150,PE,31.4,-10,10.9,2024-08-29 15:01:00,25164.7,,,,,,,,,,2024-08-29,0,Thursday
426,2024-08-29,2024-08-29 14:15:00,Sell,25100,CE,31.6,-10,9.1,2024-08-29 14:43:00,25078.1,,,,,,,,,,2024-08-29,0,Thursday
427,2024-08-29,2024-08-29 14:30:00,Sell,25050,CE,27.7,-10,103.25,2024-08-29 15:25:00,25033.8,2024-08-29,2024-08-29 15:15:00,Buy,25150.0,CE,4.35,10.0,2.95,2024-08-29 15:25:00,2024-08-29,0,Thursday
428,2024-08-29,2024-08-29 15:00:00,Sell,25100,PE,9.15,-10,2.5,2024-08-29 15:02:00,25175.1,,,,,,,,,,2024-08-29,0,Thursday
429,2024-08-29,2024-08-29 15:00:00,Sell,25150,PE,18.85,-10,6.15,2024-08-29 15:02:00,25175.1,,,,,,,,,,2024-08-29,0,Thursday
430,2024-08-30,2024-08-30 09:30:00,Sell,25250,CE,156.35,-10,45.0,2024-09-04 09:15:00,25250.0,2024-08-30,2024-08-30 15:15:00,Buy,25500.0,CE,40.25,10.0,7.8,2024-09-04 09:15:00,2024-09-05,4,Friday
431,2024-08-30,2024-08-30 09:30:00,Sell,25250,PE,120.85,-10,103.4,2024-09-05 15:25:00,25250.0,2024-08-30,2024-08-30 15:15:00,Buy,25050.0,PE,40.45,10.0,0.05,2024-09-05 15:25:00,2024-09-05,4,Friday
432,2024-09-02,2024-09-02 09:30:00,Sell,25300,PE,96.4,-10,153.0,2024-09-05 15:25:00,25305.25,2024-09-02,2024-09-02 15:15:00,Buy,25000.0,PE,28.2,10.0,0.05,2024-09-05 15:25:00,2024-09-05,3,Monday
433,2024-09-02,2024-09-02 13:00:00,Sell,25250,CE,105.45,-10,36.0,2024-09-04 09:17:00,25246.6,2024-09-02,2024-09-02 15:15:00,Buy,25450.0,CE,32.45,10.0,6.7,2024-09-04 09:17:00,2024-09-05,3,Monday
434,2024-09-04,2024-09-04 09:30:00,Sell,25200,CE,42.8,-10,14.65,2024-09-05 11:56:00,25105.5,2024-09-04,2024-09-04 15:15:00,Buy,25300.0,CE,24.3,10.0,4.35,2024-09-05 11:56:00,2024-09-05,1,Wednesday
435,2024-09-04,2024-09-04 09:30:00,Sell,25150,CE,62.0,-10,21.55,2024-09-05 13:53:00,25105.5,2024-09-04,2024-09-04 15:15:00,Buy,25300.0,CE,24.3,10.0,1.8,2024-09-05 13:53:00,2024-09-05,1,Wednesday
436,2024-09-04,2024-09-04 09:45:00,Sell,25100,CE,79.25,-10,47.0,2024-09-05 15:25:00,25095.1,2024-09-04,2024-09-04 15:15:00,Buy,25300.0,CE,24.3,10.0,0.05,2024-09-05 15:25:00,2024-09-05,1,Wednesday
437,2024-09-04,2024-09-04 10:15:00,Sell,25150,PE,85.0,-10,29.0,2024-09-05 09:15:00,25152.9,2024-09-04,2024-09-04 15:15:00,Buy,25050.0,PE,23.0,10.0,11.0,2024-09-05 09:15:00,2024-09-05,1,Wednesday
438,2024-09-04,2024-09-04 15:15:00,Sell,25200,PE,76.0,-10,53.25,2024-09-05 15:25:00,25209.6,2024-09-04,2024-09-04 15:15:00,Buy,25050.0,PE,23.0,10.0,0.05,2024-09-05 15:25:00,2024-09-05,1,Wednesday
439,2024-09-05,2024-09-05 14:30:00,Sell,25150,CE,11.55,-10,2.8,2024-09-05 15:02:00,25147.75,,,,,,,,,,2024-09-05,0,Thursday
440,2024-09-06,2024-09-06 09:30:00,Sell,25150,CE,133.4,-10,45.35,2024-09-09 09:15:00,25150.0,2024-09-06,2024-09-06 15:15:00,Buy,25200.0,CE,40.1,10.0,34.8,2024-09-09 09:15:00,2024-09-12,4,Friday
441,2024-09-06,2024-09-06 09:30:00,Sell,25150,PE,140.5,-10,35.3,2024-09-12 14:06:00,25150.0,2024-09-06,2024-09-06 15:15:00,Buy,24500.0,PE,44.5,10.0,0.25,2024-09-12 14:06:00,2024-09-12,4,Friday
442,2024-09-06,2024-09-06 09:45:00,Sell,25100,CE,122.0,-10,40.65,2024-09-09 09:16:00,25063.9,2024-09-06,2024-09-06 15:15:00,Buy,25200.0,CE,40.1,10.0,24.55,2024-09-09 09:16:00,2024-09-12,4,Friday
443,2024-09-06,2024-09-06 10:00:00,Sell,25050,CE,124.8,-10,42.45,2024-09-09 09:27:00,24993.65,2024-09-06,2024-09-06 15:15:00,Buy,25200.0,CE,40.1,10.0,18.55,2024-09-09 09:27:00,2024-09-12,4,Friday
444,2024-09-06,2024-09-06 10:00:00,Sell,25000,CE,149.75,-10,51.8,2024-09-09 09:29:00,24993.65,2024-09-06,2024-09-06 15:15:00,Buy,25200.0,CE,40.1,10.0,18.15,2024-09-09 09:29:00,2024-09-12,4,Friday
445,2024-09-06,2024-09-06 10:15:00,Sell,24950,CE,151.55,-10,52.4,2024-09-11 14:45:00,24921.9,2024-09-06,2024-09-06 15:15:00,Buy,25200.0,CE,40.1,10.0,7.25,2024-09-11 14:45:00,2024-09-12,4,Friday
446,2024-09-06,2024-09-06 11:15:00,Sell,24900,CE,149.75,-10,487.9,2024-09-12 15:25:00,24866.3,2024-09-06,2024-09-06 15:15:00,Buy,25200.0,CE,40.1,10.0,188.75,2024-09-12 15:25:00,2024-09-12,4,Friday
447,2024-09-06,2024-09-06 14:30:00,Sell,24850,CE,153.95,-10,538.1,2024-09-12 15:25:00,24835.15,2024-09-06,2024-09-06 15:15:00,Buy,25200.0,CE,40.1,10.0,188.75,2024-09-12 15:25:00,2024-09-12,4,Friday
448,2024-09-09,2024-09-09 09:30:00,Sell,24800,CE,125.15,-10,588.5,2024-09-12 15:25:00,24754.95,2024-09-09,2024-09-09 15:15:00,Buy,25150.0,CE,34.35,10.0,239.5,2024-09-12 15:25:00,2024-09-12,3,Monday
449,2024-09-09,2024-09-09 10:45:00,Sell,24850,PE,97.95,-10,34.15,2024-09-10 12:00:00,24889.65,2024-09-09,2024-09-09 15:15:00,Buy,24700.0,PE,33.2,10.0,12.55,2024-09-10 12:00:00,2024-09-12,3,Monday
450,2024-09-09,2024-09-09 13:30:00,Sell,24900,PE,105.1,-10,36.75,2024-09-10 12:40:00,24923.1,2024-09-09,2024-09-09 15:15:00,Buy,24700.0,PE,33.2,10.0,9.6,2024-09-10 12:40:00,2024-09-12,3,Monday
451,2024-09-10,2024-09-10 09:30:00,Sell,24950,PE,79.8,-10,27.85,2024-09-11 12:06:00,24994.25,2024-09-10,2024-09-10 15:15:00,Buy,24850.0,PE,22.1,10.0,13.3,2024-09-11 12:06:00,2024-09-12,2,Tuesday
452,2024-09-10,2024-09-10 11:45:00,Sell,25000,PE,96.0,-10,32.15,2024-09-12 09:26:00,25006.05,2024-09-10,2024-09-10 15:15:00,Buy,24850.0,PE,22.1,10.0,6.6,2024-09-12 09:26:00,2024-09-12,2,Tuesday
453,2024-09-10,2024-09-10 12:45:00,Sell,25050,PE,81.7,-10,23.85,2024-09-12 14:05:00,25072.55,2024-09-10,2024-09-10 15:15:00,Buy,24850.0,PE,22.1,10.0,2.8,2024-09-12 14:05:00,2024-09-12,2,Tuesday
454,2024-09-10,2024-09-10 13:30:00,Sell,25100,PE,84.35,-10,23.45,2024-09-12 14:06:00,25119.1,2024-09-10,2024-09-10 15:15:00,Buy,24850.0,PE,22.1,10.0,2.55,2024-09-12 14:06:00,2024-09-12,2,Tuesday
455,2024-09-10,2024-09-10 15:15:00,Sell,25050,CE,75.75,-10,26.35,2024-09-11 14:36:00,25042.25,2024-09-10,2024-09-10 15:15:00,Buy,25200.0,CE,24.65,10.0,7.95,2024-09-11 14:36:00,2024-09-12,2,Tuesday
456,2024-09-11,2024-09-11 14:15:00,Sell,25000,CE,40.1,-10,389.9,2024-09-12 15:25:00,24937.35,2024-09-11,2024-09-11 15:15:00,Buy,25050.0,CE,17.55,10.0,339.9,2024-09-12 15:25:00,2024-09-12,1,Wednesday
457,2024-09-11,2024-09-11 14:15:00,Sell,24950,CE,57.7,-10,437.65,2024-09-12 15:25:00,24937.35,2024-09-11,2024-09-11 15:15:00,Buy,25050.0,CE,17.55,10.0,339.9,2024-09-12 15:25:00,2024-09-12,1,Wednesday
458,2024-09-12,2024-09-12 09:30:00,Sell,25000,PE,35.05,-10,10.15,2024-09-12 14:06:00,25058.15,,,,,,,,,,2024-09-12,0,Thursday
459,2024-09-12,2024-09-12 09:30:00,Sell,25050,PE,56.1,-10,15.6,2024-09-12 14:06:00,25058.15,,,,,,,,,,2024-09-12,0,Thursday
460,2024-09-12,2024-09-12 10:00:00,Sell,25000,CE,51.85,-10,389.9,2024-09-12 15:25:00,24995.85,2024-09-12,2024-09-12 15:15:00,Buy,25450.0,CE,0.25,10.0,0.05,2024-09-12 15:25:00,2024-09-12,0,Thursday
461,2024-09-12,2024-09-12 14:15:00,Sell,25050,PE,7.65,-10,2.2,2024-09-12 14:30:00,25204.55,,,,,,,,,,2024-09-12,0,Thursday
462,2024-09-12,2024-09-12 14:15:00,Sell,25100,PE,11.85,-10,3.25,2024-09-12 14:30:00,25204.55,,,,,,,,,,2024-09-12,0,Thursday
463,2024-09-12,2024-09-12 14:15:00,Sell,25150,PE,19.55,-10,5.45,2024-09-12 14:30:00,25204.55,,,,,,,,,,2024-09-12,0,Thursday
464,2024-09-12,2024-09-12 14:15:00,Sell,25200,PE,34.4,-10,11.55,2024-09-12 14:24:00,25204.55,,,,,,,,,,2024-09-12,0,Thursday
465,2024-09-12,2024-09-12 14:30:00,Sell,25250,PE,26.9,-10,9.4,2024-09-12 14:48:00,25252.6,,,,,,,,,,2024-09-12,0,Thursday
466,2024-09-12,2024-09-12 15:00:00,Sell,25300,PE,6.0,-10,1.85,2024-09-12 15:02:00,25347.85,,,,,,,,,,2024-09-12,0,Thursday
467,2024-09-12,2024-09-12 15:15:00,Sell,25350,PE,0.35,-10,0.35,2024-09-12 15:25:00,25416.7,2024-09-12,2024-09-12 15:15:00,Buy,25400.0,PE,1.95,10.0,11.6,2024-09-12 15:25:00,2024-09-12,0,Thursday
468,2024-09-12,2024-09-12 15:15:00,Sell,25400,PE,1.95,-10,11.6,2024-09-12 15:25:00,25416.7,2024-09-12,2024-09-12 15:15:00,Buy,25400.0,PE,1.95,10.0,11.6,2024-09-12 15:25:00,2024-09-12,0,Thursday
469,2024-09-13,2024-09-13 09:30:00,Sell,25300,CE,144.2,-10,115.95,2024-09-19 15:25:00,25300.0,2024-09-13,2024-09-13 15:15:00,Buy,25550.0,CE,46.75,10.0,0.1,2024-09-19 15:25:00,2024-09-19,4,Friday
470,2024-09-13,2024-09-13 09:30:00,Sell,25300,PE,146.35,-10,49.0,2024-09-17 09:15:00,25300.0,2024-09-13,2024-09-13 15:15:00,Buy,25050.0,PE,41.7,10.0,19.65,2024-09-17 09:15:00,2024-09-19,4,Friday
471,2024-09-13,2024-09-13 10:30:00,Sell,25350,PE,141.5,-10,48.45,2024-09-18 12:27:00,25354.0,2024-09-13,2024-09-13 15:15:00,Buy,25050.0,PE,41.7,10.0,13.5,2024-09-18 12:27:00,2024-09-19,4,Friday
472,2024-09-16,2024-09-16 09:45:00,Sell,25400,PE,94.75,-10,20.6,2024-09-19 09:16:00,25434.85,2024-09-16,2024-09-16 15:15:00,Buy,25100.0,PE,25.65,10.0,2.3,2024-09-19 09:16:00,2024-09-19,3,Monday
473,2024-09-18,2024-09-18 10:45:00,Sell,25450,PE,94.5,-10,28.9,2024-09-19 09:17:00,25467.45,2024-09-18,2024-09-18 15:15:00,Buy,25100.0,PE,30.15,10.0,2.3,2024-09-19 09:17:00,2024-09-19,1,Wednesday
474,2024-09-18,2024-09-18 13:15:00,Sell,25400,CE,94.6,-10,30.8,2024-09-19 13:19:00,25374.15,2024-09-18,2024-09-18 15:15:00,Buy,25600.0,CE,32.4,10.0,2.25,2024-09-19 13:19:00,2024-09-19,1,Wednesday
475,2024-09-18,2024-09-18 13:45:00,Sell,25350,CE,100.55,-10,65.65,2024-09-19 15:25:00,25331.6,2024-09-18,2024-09-18 15:15:00,Buy,25600.0,CE,32.4,10.0,0.05,2024-09-19 15:25:00,2024-09-19,1,Wednesday
476,2024-09-19,2024-09-19 09:30:00,Sell,25400,PE,9.9,-10,2.8,2024-09-19 15:00:00,25565.75,,,,,,,,,,2024-09-19,0,Thursday
477,2024-09-19,2024-09-19 09:30:00,Sell,25450,PE,15.8,-10,34.45,2024-09-19 15:25:00,25565.75,2024-09-19,2024-09-19 15:15:00,Buy,25050.0,PE,0.15,10.0,0.05,2024-09-19 15:25:00,2024-09-19,0,Thursday
478,2024-09-19,2024-09-19 09:30:00,Sell,25500,PE,27.0,-10,84.4,2024-09-19 15:25:00,25565.75,2024-09-19,2024-09-19 15:15:00,Buy,25050.0,PE,0.15,10.0,0.05,2024-09-19 15:25:00,2024-09-19,0,Thursday
479,2024-09-19,2024-09-19 09:30:00,Sell,25550,PE,44.35,-10,133.95,2024-09-19 15:25:00,25565.75,2024-09-19,2024-09-19 15:15:00,Buy,25050.0,PE,0.15,10.0,0.05,2024-09-19 15:25:00,2024-09-19,0,Thursday
480,2024-09-19,2024-09-19 09:45:00,Sell,25600,PE,37.5,-10,184.05,2024-09-19 15:25:00,25604.95,2024-09-19,2024-09-19 15:15:00,Buy,25050.0,PE,0.15,10.0,0.05,2024-09-19 15:25:00,2024-09-19,0,Thursday
481,2024-09-19,2024-09-19 10:00:00,Sell,25550,CE,35.5,-10,11.9,2024-09-19 11:23:00,25526.25,,,,,,,,,,2024-09-19,0,Thursday
482,2024-09-19,2024-09-19 10:45:00,Sell,25500,CE,40.2,-10,13.85,2024-09-19 11:40:00,25497.75,,,,,,,,,,2024-09-19,0,Thursday
483,2024-09-19,2024-09-19 11:30:00,Sell,25450,CE,41.85,-10,14.6,2024-09-19 13:15:00,25440.05,,,,,,,,,,2024-09-19,0,Thursday
484,2024-09-19,2024-09-19 12:00:00,Sell,25400,CE,51.0,-10,15.1,2024-09-19 13:50:00,25392.85,,,,,,,,,,2024-09-19,0,Thursday
485,2024-09-19,2024-09-19 12:45:00,Sell,25450,PE,22.6,-10,34.45,2024-09-19 15:25:00,25458.25,2024-09-19,2024-09-19 15:15:00,Buy,25050.0,PE,0.15,10.0,0.05,2024-09-19 15:25:00,2024-09-19,0,Thursday
486,2024-09-19,2024-09-19 13:15:00,Sell,25400,CE,35.45,-10,9.65,2024-09-19 14:40:00,25395.85,,,,,,,,,,2024-09-19,0,Thursday
487,2024-09-20,2024-09-20 09:30:00,Sell,25500,CE,156.55,-10,718.8,2024-09-26 15:25:00,25500.0,2024-09-20,2024-09-20 15:15:00,Buy,26000.0,CE,43.6,10.0,218.15,2024-09-26 15:25:00,2024-09-26,4,Friday
488,2024-09-20,2024-09-20 09:30:00,Sell,25500,PE,152.0,-10,53.0,2024-09-23 09:15:00,25500.0,2024-09-20,2024-09-20 15:15:00,Buy,25300.0,PE,41.0,10.0,26.55,2024-09-23 09:15:00,2024-09-26,4,Friday
489,2024-09-20,2024-09-20 10:00:00,Sell,25550,PE,131.85,-10,45.4,2024-09-23 09:33:00,25586.7,2024-09-20,2024-09-20 15:15:00,Buy,25300.0,PE,41.0,10.0,24.85,2024-09-23 09:33:00,2024-09-26,4,Friday
490,2024-09-20,2024-09-20 10:45:00,Sell,25600,PE,127.7,-10,44.4,2024-09-23 11:01:00,25677.6,2024-09-20,2024-09-20 15:15:00,Buy,25300.0,PE,41.0,10.0,17.55,2024-09-23 11:01:00,2024-09-26,4,Friday
491,2024-09-20,2024-09-20 10:45:00,Sell,25650,PE,147.0,-10,51.25,2024-09-23 13:07:00,25677.6,2024-09-20,2024-09-20 15:15:00,Buy,25300.0,PE,41.0,10.0,16.65,2024-09-23 13:07:00,2024-09-26,4,Friday
492,2024-09-20,2024-09-20 11:15:00,Sell,25700,PE,157.0,-10,53.65,2024-09-23 13:37:00,25702.2,2024-09-20,2024-09-20 15:15:00,Buy,25300.0,PE,41.0,10.0,15.35,2024-09-23 13:37:00,2024-09-26,4,Friday
493,2024-09-20,2024-09-20 13:00:00,Sell,25750,PE,156.45,-10,53.95,2024-09-24 09:22:00,25768.9,2024-09-20,2024-09-20 15:15:00,Buy,25300.0,PE,41.0,10.0,11.0,2024-09-24 09:22:00,2024-09-26,4,Friday
494,2024-09-20,2024-09-20 13:45:00,Sell,25700,CE,81.1,-10,518.8,2024-09-26 15:25:00,25548.5,2024-09-20,2024-09-20 15:15:00,Buy,26000.0,CE,43.6,10.0,218.15,2024-09-26 15:25:00,2024-09-26,4,Friday
495,2024-09-20,2024-09-20 13:45:00,Sell,25650,CE,102.0,-10,568.95,2024-09-26 15:25:00,25548.5,2024-09-20,2024-09-20 15:15:00,Buy,26000.0,CE,43.6,10.0,218.15,2024-09-26 15:25:00,2024-09-26,4,Friday
496,2024-09-20,2024-09-20 13:45:00,Sell,25600,CE,124.7,-10,618.95,2024-09-26 15:25:00,25548.5,2024-09-20,2024-09-20 15:15:00,Buy,26000.0,CE,43.6,10.0,218.15,2024-09-26 15:25:00,2024-09-26,4,Friday
497,2024-09-20,2024-09-20 13:45:00,Sell,25550,CE,151.7,-10,668.85,2024-09-26 15:25:00,25548.5,2024-09-20,2024-09-20 15:15:00,Buy,26000.0,CE,43.6,10.0,218.15,2024-09-26 15:25:00,2024-09-26,4,Friday
498,2024-09-20,2024-09-20 14:00:00,Sell,25600,PE,126.3,-10,44.15,2024-09-23 11:02:00,25662.35,2024-09-20,2024-09-20 15:15:00,Buy,25300.0,PE,41.0,10.0,17.45,2024-09-23 11:02:00,2024-09-26,4,Friday
499,2024-09-20,2024-09-20 14:00:00,Sell,25650,PE,146.7,-10,51.25,2024-09-23 13:07:00,25662.35,2024-09-20,2024-09-20 15:15:00,Buy,25300.0,PE,41.0,10.0,16.65,2024-09-23 13:07:00,2024-09-26,4,Friday
500,2024-09-20,2024-09-20 15:00:00,Sell,25700,PE,141.05,-10,49.2,2024-09-23 14:18:00,25703.95,2024-09-20,2024-09-20 15:15:00,Buy,25300.0,PE,41.0,10.0,15.65,2024-09-23 14:18:00,2024-09-26,4,Friday
501,2024-09-20,2024-09-20 15:15:00,Sell,25750,PE,128.9,-10,44.3,2024-09-24 09:47:00,25793.65,2024-09-20,2024-09-20 15:15:00,Buy,25300.0,PE,41.0,10.0,9.1,2024-09-24 09:47:00,2024-09-26,4,Friday
502,2024-09-23,2024-09-23 09:30:00,Sell,25800,PE,104.05,-10,35.0,2024-09-25 09:47:00,25892.75,2024-09-23,2024-09-23 15:15:00,Buy,25600.0,PE,35.7,10.0,11.9,2024-09-25 09:47:00,2024-09-26,3,Monday
503,2024-09-23,2024-09-23 09:30:00,Sell,25850,PE,122.2,-10,41.95,2024-09-25 11:33:00,25892.75,2024-09-23,2024-09-23 15:15:00,Buy,25600.0,PE,35.7,10.0,10.25,2024-09-25 11:33:00,2024-09-26,3,Monday
504,2024-09-23,2024-09-23 10:00:00,Sell,25900,PE,133.8,-10,45.1,2024-09-25 14:39:00,25904.4,2024-09-23,2024-09-23 15:15:00,Buy,25600.0,PE,35.7,10.0,6.75,2024-09-25 14:39:00,2024-09-26,3,Monday
505,2024-09-24,2024-09-24 09:45:00,Sell,25950,PE,111.95,-10,38.55,2024-09-25 15:13:00,25954.95,2024-09-24,2024-09-24 15:15:00,Buy,25750.0,PE,36.4,10.0,8.3,2024-09-25 15:13:00,2024-09-26,2,Tuesday
506,2024-09-25,2024-09-25 12:00:00,Sell,25900,CE,80.25,-10,318.0,2024-09-26 15:25:00,25880.75,2024-09-25,2024-09-25 15:15:00,Buy,26150.0,CE,21.0,10.0,67.75,2024-09-26 15:25:00,2024-09-26,1,Wednesday
507,2024-09-25,2024-09-25 15:15:00,Sell,25950,PE,45.7,-10,15.8,2024-09-26 11:55:00,26017.3,2024-09-25,2024-09-25 15:15:00,Buy,25850.0,PE,19.4,10.0,6.55,2024-09-26 11:55:00,2024-09-26,1,Wednesday
508,2024-09-25,2024-09-25 15:15:00,Sell,26000,PE,67.0,-10,22.4,2024-09-26 12:04:00,26017.3,2024-09-25,2024-09-25 15:15:00,Buy,25850.0,PE,19.4,10.0,6.05,2024-09-26 12:04:00,2024-09-26,1,Wednesday
509,2024-09-26,2024-09-26 10:15:00,Sell,26050,PE,49.05,-10,14.1,2024-09-26 14:40:00,26063.55,,,,,,,,,,2024-09-26,0,Thursday
510,2024-09-26,2024-09-26 13:30:00,Sell,26100,PE,48.15,-10,14.15,2024-09-26 14:50:00,26106.25,,,,,,,,,,2024-09-26,0,Thursday
511,2024-09-26,2024-09-26 14:45:00,Sell,26150,PE,35.45,-10,9.55,2024-09-26 14:57:00,26189.9,,,,,,,,,,2024-09-26,0,Thursday
512,2024-09-26,2024-09-26 15:00:00,Sell,26200,PE,21.85,-10,5.2,2024-09-26 15:02:00,26213.1,,,,,,,,,,2024-09-26,0,Thursday
0,2024-01-19,2024-01-19 09:30:00,Sell,21650,CE,172.7,-10,60.4,2024-01-23 11:41:00,21650.0,2024-01-19,2024-01-19 15:15:00,Buy,21950.0,CE,46.65,10.0,12.05,2024-01-23 11:41:00,2024-01-25,4,Friday
1,2024-01-19,2024-01-19 09:30:00,Sell,21650,PE,141.35,-10,302.7,2024-01-25 15:25:00,21650.0,2024-01-19,2024-01-19 15:15:00,Buy,21350.0,PE,44.1,10.0,3.95,2024-01-25 15:25:00,2024-01-25,4,Friday
2,2024-01-19,2024-01-19 11:15:00,Sell,21600,CE,153.3,-10,53.6,2024-01-23 12:06:00,21585.35,2024-01-19,2024-01-19 15:15:00,Buy,21950.0,CE,46.65,10.0,10.0,2024-01-23 12:06:00,2024-01-25,4,Friday
3,2024-01-23,2024-01-23 09:30:00,Sell,21650,PE,64.6,-10,302.7,2024-01-25 15:25:00,21714.2,2024-01-23,2024-01-23 15:15:00,Buy,20900.0,PE,27.65,10.0,0.05,2024-01-25 15:25:00,2024-01-25,2,Tuesday
4,2024-01-23,2024-01-23 09:30:00,Sell,21700,PE,82.15,-10,353.0,2024-01-25 15:25:00,21714.2,2024-01-23,2024-01-23 15:15:00,Buy,20900.0,PE,27.65,10.0,0.05,2024-01-25 15:25:00,2024-01-25,2,Tuesday
5,2024-01-23,2024-01-23 10:30:00,Sell,21650,CE,105.1,-10,35.65,2024-01-23 12:47:00,21600.15,,,,,,,,,,2024-01-25,2,Tuesday
6,2024-01-23,2024-01-23 10:45:00,Sell,21600,CE,99.35,-10,34.15,2024-01-23 13:11:00,21539.45,,,,,,,,,,2024-01-25,2,Tuesday
7,2024-01-23,2024-01-23 10:45:00,Sell,21550,CE,124.95,-10,39.4,2024-01-23 13:52:00,21539.45,,,,,,,,,,2024-01-25,2,Tuesday
8,2024-01-23,2024-01-23 11:45:00,Sell,21500,CE,115.15,-10,40.25,2024-01-23 14:22:00,21466.1,,,,,,,,,,2024-01-25,2,Tuesday
9,2024-01-23,2024-01-23 12:00:00,Sell,21450,CE,125.25,-10,42.0,2024-01-23 14:27:00,21443.1,,,,,,,,,,2024-01-25,2,Tuesday
10,2024-01-23,2024-01-23 12:15:00,Sell,21400,CE,131.35,-10,44.1,2024-01-23 14:58:00,21388.45,,,,,,,,,,2024-01-25,2,Tuesday
11,2024-01-23,2024-01-23 13:30:00,Sell,21350,CE,125.75,-10,42.2,2024-01-24 09:15:00,21349.2,2024-01-23,2024-01-23 15:15:00,Buy,21500.0,CE,28.8,10.0,24.0,2024-01-24 09:15:00,2024-01-25,2,Tuesday
12,2024-01-23,2024-01-23 14:30:00,Sell,21300,CE,88.85,-10,30.25,2024-01-25 12:19:00,21237.7,2024-01-23,2024-01-23 15:15:00,Buy,21500.0,CE,28.8,10.0,3.0,2024-01-25 12:19:00,2024-01-25,2,Tuesday
13,2024-01-23,2024-01-23 14:30:00,Sell,21250,CE,110.1,-10,35.45,2024-01-25 13:10:00,21237.7,2024-01-23,2024-01-23 15:15:00,Buy,21500.0,CE,28.8,10.0,1.85,2024-01-25 13:10:00,2024-01-25,2,Tuesday
14,2024-01-24,2024-01-24 10:00:00,Sell,21300,PE,74.4,-10,25.25,2024-01-24 15:01:00,21372.8,,,,,,,,,,2024-01-25,1,Wednesday
15,2024-01-24,2024-01-24 10:00:00,Sell,21350,PE,93.3,-10,32.5,2024-01-24 15:15:00,21372.8,,,,,,,,,,2024-01-25,1,Wednesday
16,2024-01-24,2024-01-24 11:30:00,Sell,21300,CE,113.35,-10,34.85,2024-01-25 12:16:00,21298.35,2024-01-24,2024-01-24 15:15:00,Buy,21600.0,CE,27.75,10.0,1.6,2024-01-25 12:16:00,2024-01-25,1,Wednesday
17,2024-01-24,2024-01-24 12:15:00,Sell,21250,CE,119.75,-10,41.4,2024-01-25 12:59:00,21249.2,2024-01-24,2024-01-24 15:15:00,Buy,21600.0,CE,27.75,10.0,1.5,2024-01-25 12:59:00,2024-01-25,1,Wednesday
18,2024-01-24,2024-01-24 13:30:00,Sell,21300,PE,84.95,-10,29.6,2024-01-24 14:59:00,21301.85,,,,,,,,,,2024-01-25,1,Wednesday
19,2024-01-24,2024-01-24 14:30:00,Sell,21350,PE,63.65,-10,21.0,2024-01-25 15:12:00,21369.35,2024-01-24,2024-01-24 15:15:00,Buy,21300.0,PE,24.15,10.0,0.45,2024-01-25 15:12:00,2024-01-25,1,Wednesday
20,2024-01-24,2024-01-24 14:45:00,Sell,21400,PE,57.15,-10,53.55,2024-01-25 15:25:00,21430.0,2024-01-24,2024-01-24 15:15:00,Buy,21300.0,PE,24.15,10.0,0.1,2024-01-25 15:25:00,2024-01-25,1,Wednesday
21,2024-01-24,2024-01-24 15:15:00,Sell,21450,PE,63.8,-10,103.1,2024-01-25 15:25:00,21455.75,2024-01-24,2024-01-24 15:15:00,Buy,21300.0,PE,24.15,10.0,0.1,2024-01-25 15:25:00,2024-01-25,1,Wednesday
22,2024-01-25,2024-01-25 09:45:00,Sell,21400,CE,49.5,-10,16.05,2024-01-25 10:57:00,21384.95,,,,,,,,,,2024-01-25,0,Thursday
23,2024-01-25,2024-01-25 10:30:00,Sell,21350,CE,42.4,-10,13.1,2024-01-25 12:22:00,21317.7,,,,,,,,,,2024-01-25,0,Thursday
24,2024-01-25,2024-01-25 11:00:00,Sell,21300,CE,43.3,-10,14.6,2024-01-25 13:10:00,21259.2,,,,,,,,,,2024-01-25,0,Thursday
25,2024-01-25,2024-01-25 11:45:00,Sell,21350,PE,47.8,-10,16.6,2024-01-25 15:13:00,21351.95,,,,,,,,,,2024-01-25,0,Thursday
26,2024-01-25,2024-01-25 12:15:00,Sell,21300,CE,44.9,-10,14.6,2024-01-25 13:10:00,21297.55,,,,,,,,,,2024-01-25,0,Thursday
27,2024-01-29,2024-01-29 09:30:00,Sell,21350,PE,85.8,-10,28.25,2024-01-31 10:37:00,21546.3,2024-01-29,2024-01-29 15:15:00,Buy,21300.0,PE,41.1,10.0,22.85,2024-01-31 10:37:00,2024-02-01,3,Monday
28,2024-01-29,2024-01-29 09:30:00,Sell,21400,PE,99.4,-10,34.15,2024-01-31 11:06:00,21546.3,2024-01-29,2024-01-29 15:15:00,Buy,21300.0,PE,41.1,10.0,21.95,2024-01-31 11:06:00,2024-02-01,3,Monday
29,2024-01-29,2024-01-29 09:30:00,Sell,21450,PE,114.85,-10,39.95,2024-01-31 11:10:00,21546.3,2024-01-29,2024-01-29 15:15:00,Buy,21300.0,PE,41.1,10.0,20.25,2024-01-31 11:10:00,2024-02-01,3,Monday
30,2024-01-29,2024-01-29 09:30:00,Sell,21500,PE,132.45,-10,46.0,2024-01-31 11:58:00,21546.3,2024-01-29,2024-01-29 15:15:00,Buy,21300.0,PE,41.1,10.0,19.55,2024-01-31 11:58:00,2024-02-01,3,Monday
31,2024-01-29,2024-01-29 10:00:00,Sell,21550,PE,125.7,-10,40.05,2024-02-01 09:15:00,21581.1,2024-01-29,2024-01-29 15:15:00,Buy,21300.0,PE,41.1,10.0,19.85,2024-02-01 09:15:00,2024-02-01,3,Monday
32,2024-01-29,2024-01-29 10:45:00,Sell,21600,PE,152.4,-10,53.25,2024-02-01 09:35:00,21601.8,2024-01-29,2024-01-29 15:15:00,Buy,21300.0,PE,41.1,10.0,19.85,2024-02-01 09:35:00,2024-02-01,3,Monday
33,2024-01-29,2024-01-29 12:00:00,Sell,21650,PE,158.2,-10,50.8,2024-02-01 09:51:00,21653.5,2024-01-29,2024-01-29 15:15:00,Buy,21300.0,PE,41.1,10.0,19.85,2024-02-01 09:51:00,2024-02-01,3,Monday
34,2024-01-29,2024-01-29 13:00:00,Sell,21700,PE,161.1,-10,55.65,2024-02-01 10:14:00,21701.3,2024-01-29,2024-01-29 15:15:00,Buy,21300.0,PE,41.1,10.0,19.85,2024-02-01 10:14:00,2024-02-01,3,Monday
35,2024-01-30,2024-01-30 09:45:00,Sell,21750,PE,143.1,-10,47.05,2024-02-01 12:12:00,21761.05,2024-01-30,2024-01-30 15:15:00,Buy,21250.0,PE,46.35,10.0,15.35,2024-02-01 12:12:00,2024-02-01,2,Tuesday
36,2024-01-30,2024-01-30 11:15:00,Sell,21700,CE,175.6,-10,59.15,2024-02-01 12:02:00,21681.7,2024-01-30,2024-01-30 15:15:00,Buy,21850.0,CE,43.1,10.0,79.95,2024-02-01 12:02:00,2024-02-01,2,Tuesday
37,2024-01-30,2024-01-30 14:30:00,Sell,21650,CE,150.3,-10,52.15,2024-02-01 14:44:00,21617.15,2024-01-30,2024-01-30 15:15:00,Buy,21850.0,CE,43.1,10.0,79.95,2024-02-01 14:44:00,2024-02-01,2,Tuesday
38,2024-01-30,2024-01-30 14:45:00,Sell,21600,CE,147.85,-10,98.3,2024-02-01 15:25:00,21565.05,2024-01-30,2024-01-30 15:15:00,Buy,21850.0,CE,43.1,10.0,79.95,2024-02-01 15:25:00,2024-02-01,2,Tuesday
39,2024-01-30,2024-01-30 15:15:00,Sell,21550,CE,152.4,-10,148.5,2024-02-01 15:25:00,21528.15,2024-01-30,2024-01-30 15:15:00,Buy,21850.0,CE,43.1,10.0,79.95,2024-02-01 15:25:00,2024-02-01,2,Tuesday
40,2024-01-31,2024-01-31 10:15:00,Sell,21600,PE,121.25,-10,38.2,2024-02-01 09:51:00,21604.45,2024-01-31,2024-01-31 15:15:00,Buy,21450.0,PE,35.7,10.0,39.0,2024-02-01 09:51:00,2024-02-01,1,Wednesday
41,2024-01-31,2024-01-31 11:15:00,Sell,21650,PE,101.6,-10,34.3,2024-02-01 12:07:00,21657.5,2024-01-31,2024-01-31 15:15:00,Buy,21450.0,PE,35.7,10.0,39.0,2024-02-01 12:07:00,2024-02-01,1,Wednesday
42,2024-01-31,2024-01-31 11:45:00,Sell,21700,PE,117.15,-10,34.8,2024-02-01 12:08:00,21701.6,2024-01-31,2024-01-31 15:15:00,Buy,21450.0,PE,35.7,10.0,39.0,2024-02-01 12:08:00,2024-02-01,1,Wednesday
43,2024-02-01,2024-02-01 10:00:00,Sell,21750,PE,94.8,-10,32.75,2024-02-01 14:51:00,21757.4,,,,,,,,,,2024-02-01,0,Thursday
44,2024-02-01,2024-02-01 14:45:00,Sell,21700,CE,12.5,-10,4.35,2024-02-01 15:10:00,21695.85,,,,,,,,,,2024-02-01,0,Thursday
45,2024-02-02,2024-02-02 09:30:00,Sell,21950,CE,169.25,-10,55.3,2024-02-05 14:46:00,21950.0,2024-02-02,2024-02-02 15:15:00,Buy,22200.0,CE,44.05,10.0,19.25,2024-02-05 14:46:00,2024-02-08,4,Friday
46,2024-02-02,2024-02-02 09:30:00,Sell,21950,PE,150.35,-10,51.0,2024-02-08 09:15:00,21950.0,2024-02-02,2024-02-02 15:15:00,Buy,21550.0,PE,47.5,10.0,2.2,2024-02-08 09:15:00,2024-02-08,4,Friday
47,2024-02-02,2024-02-02 11:30:00,Sell,22000,PE,122.8,-10,282.0,2024-02-08 15:25:00,22043.5,2024-02-02,2024-02-02 15:15:00,Buy,21550.0,PE,47.5,10.0,0.05,2024-02-08 15:25:00,2024-02-08,4,Friday
48,2024-02-02,2024-02-02 11:45:00,Sell,22050,PE,135.8,-10,332.2,2024-02-08 15:25:00,22091.05,2024-02-02,2024-02-02 15:15:00,Buy,21550.0,PE,47.5,10.0,0.05,2024-02-08 15:25:00,2024-02-08,4,Friday
49,2024-02-02,2024-02-02 12:30:00,Sell,22000,CE,162.85,-10,52.85,2024-02-05 14:43:00,21939.6,2024-02-02,2024-02-02 15:15:00,Buy,22200.0,CE,44.05,10.0,21.6,2024-02-05 14:43:00,2024-02-08,4,Friday
50,2024-02-02,2024-02-02 12:30:00,Sell,21950,CE,191.4,-10,65.45,2024-02-05 14:43:00,21939.6,2024-02-02,2024-02-02 15:15:00,Buy,22200.0,CE,44.05,10.0,21.6,2024-02-05 14:43:00,2024-02-08,4,Friday
51,2024-02-02,2024-02-02 13:00:00,Sell,21900,CE,179.7,-10,62.75,2024-02-08 10:10:00,21888.05,2024-02-02,2024-02-02 15:15:00,Buy,22200.0,CE,44.05,10.0,2.75,2024-02-08 10:10:00,2024-02-08,4,Friday
52,2024-02-02,2024-02-02 13:15:00,Sell,21850,CE,190.9,-10,66.6,2024-02-08 10:19:00,21844.6,2024-02-02,2024-02-02 15:15:00,Buy,22200.0,CE,44.05,10.0,2.15,2024-02-08 10:19:00,2024-02-08,4,Friday
53,2024-02-05,2024-02-05 09:30:00,Sell,21900,PE,152.95,-10,53.3,2024-02-07 09:16:00,21902.5,2024-02-05,2024-02-05 15:15:00,Buy,21400.0,PE,37.4,10.0,4.85,2024-02-07 09:16:00,2024-02-08,3,Monday
54,2024-02-05,2024-02-05 14:45:00,Sell,21850,CE,93.9,-10,32.15,2024-02-08 11:00:00,21774.7,2024-02-05,2024-02-05 15:15:00,Buy,22100.0,CE,33.55,10.0,2.45,2024-02-08 11:00:00,2024-02-08,3,Monday
55,2024-02-05,2024-02-05 14:45:00,Sell,21800,CE,113.4,-10,35.95,2024-02-08 11:04:00,21774.7,2024-02-05,2024-02-05 15:15:00,Buy,22100.0,CE,33.55,10.0,2.25,2024-02-08 11:04:00,2024-02-08,3,Monday
56,2024-02-05,2024-02-05 15:00:00,Sell,21750,CE,125.45,-10,43.0,2024-02-08 11:09:00,21731.35,2024-02-05,2024-02-05 15:15:00,Buy,22100.0,CE,33.55,10.0,2.4,2024-02-08 11:09:00,2024-02-08,3,Monday
57,2024-02-06,2024-02-06 09:45:00,Sell,21800,PE,130.7,-10,34.0,2024-02-07 09:15:00,21836.4,2024-02-06,2024-02-06 15:15:00,Buy,21650.0,PE,36.05,10.0,26.65,2024-02-07 09:15:00,2024-02-08,2,Tuesday
58,2024-02-06,2024-02-06 10:00:00,Sell,21850,PE,144.7,-10,41.25,2024-02-07 09:16:00,21857.6,2024-02-06,2024-02-06 15:15:00,Buy,21650.0,PE,36.05,10.0,14.55,2024-02-07 09:16:00,2024-02-08,2,Tuesday
59,2024-02-06,2024-02-06 12:45:00,Sell,21900,PE,122.85,-10,40.6,2024-02-07 15:29:00,21900.95,2024-02-06,2024-02-06 15:15:00,Buy,21650.0,PE,36.05,10.0,6.7,2024-02-07 15:29:00,2024-02-08,2,Tuesday
60,2024-02-07,2024-02-07 09:30:00,Sell,21950,PE,84.35,-10,232.2,2024-02-08 15:25:00,21989.85,2024-02-07,2024-02-07 15:15:00,Buy,21800.0,PE,25.05,10.0,115.2,2024-02-08 15:25:00,2024-02-08,1,Wednesday
61,2024-02-07,2024-02-07 10:00:00,Sell,22000,PE,92.9,-10,282.0,2024-02-08 15:25:00,22009.5,2024-02-07,2024-02-07 15:15:00,Buy,21800.0,PE,25.05,10.0,115.2,2024-02-08 15:25:00,2024-02-08,1,Wednesday
62,2024-02-07,2024-02-07 11:30:00,Sell,21950,CE,86.35,-10,26.25,2024-02-08 10:16:00,21932.25,2024-02-07,2024-02-07 15:15:00,Buy,22100.0,CE,24.5,10.0,5.7,2024-02-08 10:16:00,2024-02-08,1,Wednesday
63,2024-02-07,2024-02-07 11:45:00,Sell,21900,CE,86.25,-10,27.8,2024-02-08 10:44:00,21895.65,2024-02-07,2024-02-07 15:15:00,Buy,22100.0,CE,24.5,10.0,3.5,2024-02-08 10:44:00,2024-02-08,1,Wednesday
64,2024-02-07,2024-02-07 14:15:00,Sell,21950,PE,72.15,-10,232.2,2024-02-08 15:25:00,21964.6,2024-02-07,2024-02-07 15:15:00,Buy,21800.0,PE,25.05,10.0,115.2,2024-02-08 15:25:00,2024-02-08,1,Wednesday
65,2024-02-08,2024-02-08 10:45:00,Sell,21900,CE,27.1,-10,9.15,2024-02-08 11:10:00,21877.4,,,,,,,,,,2024-02-08,0,Thursday
66,2024-02-08,2024-02-08 11:00:00,Sell,21850,CE,32.15,-10,10.5,2024-02-08 11:35:00,21830.65,,,,,,,,,,2024-02-08,0,Thursday
67,2024-02-08,2024-02-08 11:15:00,Sell,21800,CE,24.95,-10,8.6,2024-02-08 13:54:00,21734.75,,,,,,,,,,2024-02-08,0,Thursday
68,2024-02-08,2024-02-08 11:15:00,Sell,21750,CE,39.1,-10,13.0,2024-02-08 14:05:00,21734.75,,,,,,,,,,2024-02-08,0,Thursday
69,2024-02-08,2024-02-08 12:15:00,Sell,21800,PE,42.8,-10,82.05,2024-02-08 15:25:00,21804.1,2024-02-08,2024-02-08 15:15:00,Buy,21700.0,PE,0.8,10.0,0.05,2024-02-08 15:25:00,2024-02-08,0,Thursday
70,2024-02-08,2024-02-08 14:15:00,Sell,21750,CE,10.85,-10,3.15,2024-02-08 14:37:00,21727.95,,,,,,,,,,2024-02-08,0,Thursday
71,2024-02-08,2024-02-08 14:45:00,Sell,21700,CE,9.6,-10,3.05,2024-02-08 14:59:00,21694.8,,,,,,,,,,2024-02-08,0,Thursday
72,2024-02-09,2024-02-09 09:30:00,Sell,21750,CE,201.05,-10,64.95,2024-02-13 09:33:00,21750.0,2024-02-09,2024-02-09 15:15:00,Buy,22050.0,CE,54.5,10.0,13.6,2024-02-13 09:33:00,2024-02-15,4,Friday
73,2024-02-09,2024-02-09 09:30:00,Sell,21750,PE,152.15,-10,46.75,2024-02-14 14:34:00,21750.0,2024-02-09,2024-02-09 15:15:00,Buy,21500.0,PE,55.55,10.0,9.8,2024-02-14 14:34:00,2024-02-15,4,Friday
74,2024-02-09,2024-02-09 10:00:00,Sell,21700,CE,178.55,-10,47.95,2024-02-14 09:16:00,21678.25,2024-02-09,2024-02-09 15:15:00,Buy,22050.0,CE,54.5,10.0,3.5,2024-02-14 09:16:00,2024-02-15,4,Friday
75,2024-02-09,2024-02-09 10:15:00,Sell,21750,PE,163.05,-10,56.6,2024-02-14 14:33:00,21750.7,2024-02-09,2024-02-09 15:15:00,Buy,21500.0,PE,55.55,10.0,12.1,2024-02-14 14:33:00,2024-02-15,4,Friday
76,2024-02-09,2024-02-09 10:30:00,Sell,21700,CE,195.7,-10,47.95,2024-02-14 09:16:00,21699.1,2024-02-09,2024-02-09 15:15:00,Buy,22050.0,CE,54.5,10.0,3.5,2024-02-14 09:16:00,2024-02-15,4,Friday
77,2024-02-09,2024-02-09 12:45:00,Sell,21750,PE,156.85,-10,46.75,2024-02-14 14:34:00,21760.25,2024-02-09,2024-02-09 15:15:00,Buy,21500.0,PE,55.55,10.0,9.8,2024-02-14 14:34:00,2024-02-15,4,Friday
78,2024-02-12,2024-02-12 09:30:00,Sell,21800,PE,137.45,-10,46.25,2024-02-14 15:00:00,21800.95,2024-02-12,2024-02-12 15:15:00,Buy,21300.0,PE,40.5,10.0,4.3,2024-02-14 15:00:00,2024-02-15,3,Monday
79,2024-02-12,2024-02-12 09:45:00,Sell,21750,CE,152.85,-10,33.35,2024-02-14 09:16:00,21743.85,2024-02-12,2024-02-12 15:15:00,Buy,21900.0,CE,41.3,10.0,10.0,2024-02-14 09:16:00,2024-02-15,3,Monday
80,2024-02-12,2024-02-12 10:15:00,Sell,21700,CE,147.45,-10,47.95,2024-02-14 09:16:00,21690.6,2024-02-12,2024-02-12 15:15:00,Buy,21900.0,CE,41.3,10.0,10.0,2024-02-14 09:16:00,2024-02-15,3,Monday
81,2024-02-12,2024-02-12 12:15:00,Sell,21650,CE,136.75,-10,261.3,2024-02-15 15:25:00,21638.05,2024-02-12,2024-02-12 15:15:00,Buy,21900.0,CE,41.3,10.0,11.3,2024-02-15 15:25:00,2024-02-15,3,Monday
82,2024-02-12,2024-02-12 15:15:00,Sell,21600,CE,146.05,-10,311.0,2024-02-15 15:25:00,21598.2,2024-02-12,2024-02-12 15:15:00,Buy,21900.0,CE,41.3,10.0,11.3,2024-02-15 15:25:00,2024-02-15,3,Monday
83,2024-02-13,2024-02-13 10:00:00,Sell,21650,PE,115.6,-10,40.45,2024-02-14 14:18:00,21675.6,2024-02-13,2024-02-13 15:15:00,Buy,21500.0,PE,31.05,10.0,15.3,2024-02-14 14:18:00,2024-02-15,2,Tuesday
84,2024-02-13,2024-02-13 10:15:00,Sell,21700,PE,122.25,-10,41.45,2024-02-14 14:33:00,21719.5,2024-02-13,2024-02-13 15:15:00,Buy,21500.0,PE,31.05,10.0,12.1,2024-02-14 14:33:00,2024-02-15,2,Tuesday
85,2024-02-13,2024-02-13 11:15:00,Sell,21750,PE,117.45,-10,36.9,2024-02-14 14:59:00,21763.1,2024-02-13,2024-02-13 15:15:00,Buy,21500.0,PE,31.05,10.0,9.7,2024-02-14 14:59:00,2024-02-15,2,Tuesday
86,2024-02-13,2024-02-13 12:15:00,Sell,21700,CE,82.95,-10,211.6,2024-02-15 15:25:00,21648.3,2024-02-13,2024-02-13 15:15:00,Buy,21950.0,CE,36.1,10.0,39.75,2024-02-15 15:25:00,2024-02-15,2,Tuesday
87,2024-02-13,2024-02-13 12:15:00,Sell,21650,CE,105.25,-10,261.3,2024-02-15 15:25:00,21648.3,2024-02-13,2024-02-13 15:15:00,Buy,21950.0,CE,36.1,10.0,39.75,2024-02-15 15:25:00,2024-02-15,2,Tuesday
88,2024-02-13,2024-02-13 13:30:00,Sell,21700,PE,104.4,-10,34.05,2024-02-14 14:34:00,21711.9,2024-02-13,2024-02-13 15:15:00,Buy,21500.0,PE,31.05,10.0,9.8,2024-02-14 14:34:00,2024-02-15,2,Tuesday
89,2024-02-13,2024-02-13 15:15:00,Sell,21750,PE,100.45,-10,34.35,2024-02-14 15:00:00,21754.15,2024-02-13,2024-02-13 15:15:00,Buy,21500.0,PE,31.05,10.0,9.6,2024-02-14 15:00:00,2024-02-15,2,Tuesday
90,2024-02-14,2024-02-14 09:30:00,Sell,21700,CE,40.6,-10,211.6,2024-02-15 15:25:00,21563.4,2024-02-14,2024-02-14 15:15:00,Buy,22000.0,CE,19.2,10.0,0.05,2024-02-15 15:25:00,2024-02-15,1,Wednesday
91,2024-02-14,2024-02-14 09:30:00,Sell,21650,CE,56.5,-10,261.3,2024-02-15 15:25:00,21563.4,2024-02-14,2024-02-14 15:15:00,Buy,22000.0,CE,19.2,10.0,0.05,2024-02-15 15:25:00,2024-02-15,1,Wednesday
92,2024-02-14,2024-02-14 09:30:00,Sell,21600,CE,76.1,-10,311.0,2024-02-15 15:25:00,21563.4,2024-02-14,2024-02-14 15:15:00,Buy,22000.0,CE,19.2,10.0,0.05,2024-02-15 15:25:00,2024-02-15,1,Wednesday
93,2024-02-14,2024-02-14 12:30:00,Sell,21650,PE,80.45,-10,24.35,2024-02-14 14:34:00,21656.05,,,,,,,,,,2024-02-15,1,Wednesday
94,2024-02-14,2024-02-14 14:15:00,Sell,21700,PE,61.8,-10,20.15,2024-02-14 15:28:00,21718.65,2024-02-14,2024-02-14 15:15:00,Buy,21650.0,PE,20.15,10.0,15.4,2024-02-14 15:28:00,2024-02-15,1,Wednesday
95,2024-02-14,2024-02-14 14:30:00,Sell,21750,PE,69.2,-10,19.65,2024-02-15 09:15:00,21752.85,2024-02-14,2024-02-14 15:15:00,Buy,21650.0,PE,20.15,10.0,9.65,2024-02-15 09:15:00,2024-02-15,1,Wednesday
96,2024-02-14,2024-02-14 14:45:00,Sell,21800,PE,62.5,-10,20.9,2024-02-15 10:25:00,21814.45,2024-02-14,2024-02-14 15:15:00,Buy,21650.0,PE,20.15,10.0,6.55,2024-02-15 10:25:00,2024-02-15,1,Wednesday
97,2024-02-15,2024-02-15 09:30:00,Sell,21850,PE,47.75,-10,16.3,2024-02-15 13:28:00,21875.1,,,,,,,,,,2024-02-15,0,Thursday
98,2024-02-15,2024-02-15 13:45:00,Sell,21900,PE,15.25,-10,5.2,2024-02-15 14:55:00,21942.65,,,,,,,,,,2024-02-15,0,Thursday
99,2024-02-15,2024-02-15 14:00:00,Sell,21950,PE,32.35,-10,38.8,2024-02-15 15:25:00,21952.8,2024-02-15,2024-02-15 15:15:00,Buy,21900.0,PE,2.0,10.0,0.05,2024-02-15 15:25:00,2024-02-15,0,Thursday
100,2024-02-15,2024-02-15 14:30:00,Sell,21900,CE,17.7,-10,5.6,2024-02-15 15:04:00,21892.9,,,,,,,,,,2024-02-15,0,Thursday
101,2024-02-16,2024-02-16 09:30:00,Sell,22000,CE,176.55,-10,57.1,2024-02-22 09:31:00,22000.0,2024-02-16,2024-02-16 15:15:00,Buy,22300.0,CE,52.35,10.0,5.6,2024-02-22 09:31:00,2024-02-22,4,Friday
102,2024-02-16,2024-02-16 09:30:00,Sell,22000,PE,144.95,-10,50.1,2024-02-20 15:03:00,22000.0,2024-02-16,2024-02-16 15:15:00,Buy,21700.0,PE,46.25,10.0,11.75,2024-02-20 15:03:00,2024-02-22,4,Friday
103,2024-02-16,2024-02-16 13:00:00,Sell,22050,PE,146.15,-10,50.0,2024-02-21 09:15:00,22059.8,2024-02-16,2024-02-16 15:15:00,Buy,21700.0,PE,46.25,10.0,9.0,2024-02-21 09:15:00,2024-02-22,4,Friday
104,2024-02-19,2024-02-19 11:00:00,Sell,22100,PE,129.75,-10,44.15,2024-02-21 11:44:00,22113.65,2024-02-19,2024-02-19 15:15:00,Buy,21800.0,PE,39.4,10.0,6.5,2024-02-21 11:44:00,2024-02-22,3,Monday
105,2024-02-19,2024-02-19 12:45:00,Sell,22150,PE,125.45,-10,43.25,2024-02-21 12:55:00,22159.95,2024-02-19,2024-02-19 15:15:00,Buy,21800.0,PE,39.4,10.0,5.1,2024-02-21 12:55:00,2024-02-22,3,Monday
106,2024-02-20,2024-02-20 09:30:00,Sell,22100,CE,113.3,-10,37.95,2024-02-21 14:56:00,22089.8,2024-02-20,2024-02-20 15:15:00,Buy,22400.0,CE,29.2,10.0,3.2,2024-02-21 14:56:00,2024-02-22,2,Tuesday
107,2024-02-20,2024-02-20 12:15:00,Sell,22150,PE,109.5,-10,37.1,2024-02-22 14:48:00,22158.85,2024-02-20,2024-02-20 15:15:00,Buy,21900.0,PE,30.3,10.0,0.35,2024-02-22 14:48:00,2024-02-22,2,Tuesday
108,2024-02-20,2024-02-20 15:15:00,Sell,22200,PE,113.3,-10,34.5,2024-02-22 14:51:00,22200.35,2024-02-20,2024-02-20 15:15:00,Buy,21900.0,PE,30.3,10.0,0.45,2024-02-22 14:51:00,2024-02-22,2,Tuesday
109,2024-02-21,2024-02-21 14:15:00,Sell,22150,CE,63.8,-10,21.15,2024-02-21 15:28:00,22112.9,2024-02-21,2024-02-21 15:15:00,Buy,22250.0,CE,18.65,10.0,9.05,2024-02-21 15:28:00,2024-02-22,1,Wednesday
110,2024-02-21,2024-02-21 14:30:00,Sell,22100,CE,61.65,-10,21.4,2024-02-22 09:35:00,22075.5,2024-02-21,2024-02-21 15:15:00,Buy,22250.0,CE,18.65,10.0,5.15,2024-02-22 09:35:00,2024-02-22,1,Wednesday
111,2024-02-21,2024-02-21 14:45:00,Sell,22050,CE,62.1,-10,21.65,2024-02-22 10:15:00,22032.25,2024-02-21,2024-02-21 15:15:00,Buy,22250.0,CE,18.65,10.0,3.5,2024-02-22 10:15:00,2024-02-22,1,Wednesday
112,2024-02-22,2024-02-22 10:00:00,Sell,22000,CE,38.0,-10,12.2,2024-02-22 12:54:00,21947.85,,,,,,,,,,2024-02-22,0,Thursday
113,2024-02-22,2024-02-22 10:00:00,Sell,21950,CE,55.85,-10,19.05,2024-02-22 12:55:00,21947.85,,,,,,,,,,2024-02-22,0,Thursday
114,2024-02-22,2024-02-22 11:00:00,Sell,21900,CE,41.8,-10,318.95,2024-02-22 15:25:00,21898.6,2024-02-22,2024-02-22 15:15:00,Buy,22200.0,CE,11.35,10.0,19.8,2024-02-22 15:25:00,2024-02-22,0,Thursday
115,2024-02-22,2024-02-22 11:45:00,Sell,21950,PE,46.7,-10,13.7,2024-02-22 13:42:00,21956.65,,,,,,,,,,2024-02-22,0,Thursday
116,2024-02-22,2024-02-22 13:45:00,Sell,22000,PE,28.4,-10,9.15,2024-02-22 13:59:00,22015.6,,,,,,,,,,2024-02-22,0,Thursday
117,2024-02-22,2024-02-22 14:00:00,Sell,22050,PE,19.6,-10,6.05,2024-02-22 14:42:00,22084.5,,,,,,,,,,2024-02-22,0,Thursday
118,2024-02-22,2024-02-22 14:45:00,Sell,22100,PE,17.2,-10,5.8,2024-02-22 14:50:00,22107.45,,,,,,,,,,2024-02-22,0,Thursday
119,2024-02-22,2024-02-22 15:00:00,Sell,22150,PE,7.8,-10,2.6,2024-02-22 15:02:00,22180.0,,,,,,,,,,2024-02-22,0,Thursday
120,2024-02-22,2024-02-22 15:15:00,Sell,22200,PE,2.95,-10,0.85,2024-02-22 15:16:00,22207.5,2024-02-22,2024-02-22 15:15:00,Buy,22200.0,PE,2.95,10.0,0.85,2024-02-22 15:16:00,2024-02-22,0,Thursday
121,2024-02-23,2024-02-23 09:30:00,Sell,22250,CE,167.6,-10,57.35,2024-02-28 10:40:00,22250.0,2024-02-23,2024-02-23 15:15:00,Buy,22500.0,CE,45.3,10.0,5.75,2024-02-28 10:40:00,2024-02-29,4,Friday
122,2024-02-23,2024-02-23 09:30:00,Sell,22250,PE,161.7,-10,267.0,2024-02-29 15:25:00,22250.0,2024-02-23,2024-02-23 15:15:00,Buy,21950.0,PE,53.65,10.0,0.2,2024-02-29 15:25:00,2024-02-29,4,Friday
123,2024-02-26,2024-02-26 09:30:00,Sell,22200,CE,140.2,-10,47.05,2024-02-28 10:58:00,22180.4,2024-02-26,2024-02-26 15:15:00,Buy,22400.0,CE,39.65,10.0,10.65,2024-02-28 10:58:00,2024-02-29,3,Monday
124,2024-02-26,2024-02-26 10:00:00,Sell,22150,CE,141.35,-10,45.55,2024-02-28 11:45:00,22113.7,2024-02-26,2024-02-26 15:15:00,Buy,22400.0,CE,39.65,10.0,7.8,2024-02-28 11:45:00,2024-02-29,3,Monday
125,2024-02-26,2024-02-26 12:15:00,Sell,22100,CE,148.3,-10,49.75,2024-02-28 12:59:00,22096.1,2024-02-26,2024-02-26 15:15:00,Buy,22400.0,CE,39.65,10.0,6.55,2024-02-28 12:59:00,2024-02-29,3,Monday
126,2024-02-26,2024-02-26 14:00:00,Sell,22150,PE,120.2,-10,167.15,2024-02-29 15:25:00,22158.55,2024-02-26,2024-02-26 15:15:00,Buy,21850.0,PE,36.9,10.0,0.1,2024-02-29 15:25:00,2024-02-29,3,Monday
127,2024-02-27,2024-02-27 13:00:00,Sell,22200,PE,109.45,-10,217.1,2024-02-29 15:25:00,22205.5,2024-02-27,2024-02-27 15:15:00,Buy,21950.0,PE,28.55,10.0,0.2,2024-02-29 15:25:00,2024-02-29,2,Tuesday
128,2024-02-27,2024-02-27 14:00:00,Sell,22150,CE,112.05,-10,37.05,2024-02-28 12:59:00,22144.2,2024-02-27,2024-02-27 15:15:00,Buy,22400.0,CE,32.35,10.0,6.55,2024-02-28 12:59:00,2024-02-29,2,Tuesday
129,2024-02-27,2024-02-27 15:15:00,Sell,22200,PE,104.75,-10,217.1,2024-02-29 15:25:00,22203.55,2024-02-27,2024-02-27 15:15:00,Buy,21950.0,PE,28.55,10.0,0.2,2024-02-29 15:25:00,2024-02-29,2,Tuesday
130,2024-02-28,2024-02-28 11:00:00,Sell,22150,CE,59.75,-10,20.4,2024-02-28 15:16:00,22063.2,2024-02-28,2024-02-28 15:15:00,Buy,22150.0,CE,22.25,10.0,20.4,2024-02-28 15:16:00,2024-02-29,1,Wednesday
131,2024-02-28,2024-02-28 11:00:00,Sell,22100,CE,79.15,-10,27.45,2024-02-28 15:16:00,22063.2,2024-02-28,2024-02-28 15:15:00,Buy,22150.0,CE,22.25,10.0,20.4,2024-02-28 15:16:00,2024-02-29,1,Wednesday
132,2024-02-28,2024-02-28 11:45:00,Sell,22050,CE,80.75,-10,26.35,2024-02-29 09:16:00,22023.1,2024-02-28,2024-02-28 15:15:00,Buy,22150.0,CE,22.25,10.0,12.95,2024-02-29 09:16:00,2024-02-29,1,Wednesday
133,2024-02-28,2024-02-28 13:00:00,Sell,22000,CE,80.85,-10,28.05,2024-02-29 10:32:00,21979.05,2024-02-28,2024-02-28 15:15:00,Buy,22150.0,CE,22.25,10.0,8.05,2024-02-29 10:32:00,2024-02-29,1,Wednesday
134,2024-02-28,2024-02-28 13:15:00,Sell,21950,CE,90.65,-10,31.25,2024-02-29 12:30:00,21943.9,2024-02-28,2024-02-28 15:15:00,Buy,22150.0,CE,22.25,10.0,4.2,2024-02-29 12:30:00,2024-02-29,1,Wednesday
135,2024-02-28,2024-02-28 13:30:00,Sell,22000,PE,102.3,-10,27.75,2024-02-29 14:45:00,22002.9,2024-02-28,2024-02-28 15:15:00,Buy,21750.0,PE,28.0,10.0,0.55,2024-02-29 14:45:00,2024-02-29,1,Wednesday
136,2024-02-29,2024-02-29 09:45:00,Sell,21950,CE,66.95,-10,19.2,2024-02-29 14:32:00,21948.85,,,,,,,,,,2024-02-29,0,Thursday
137,2024-02-29,2024-02-29 10:00:00,Sell,22000,PE,58.25,-10,19.05,2024-02-29 15:16:00,22015.05,2024-02-29,2024-02-29 15:15:00,Buy,22000.0,PE,28.05,10.0,19.05,2024-02-29 15:16:00,2024-02-29,0,Thursday
138,2024-02-29,2024-02-29 10:15:00,Sell,21950,CE,46.0,-10,15.8,2024-02-29 14:33:00,21873.6,,,,,,,,,,2024-02-29,0,Thursday
139,2024-02-29,2024-02-29 10:15:00,Sell,21900,CE,64.2,-10,19.6,2024-02-29 15:01:00,21873.6,,,,,,,,,,2024-02-29,0,Thursday
140,2024-02-29,2024-02-29 11:15:00,Sell,21950,PE,42.95,-10,13.5,2024-02-29 14:44:00,21967.6,,,,,,,,,,2024-02-29,0,Thursday
141,2024-03-01,2024-03-01 09:30:00,Sell,22100,CE,196.8,-10,393.1,2024-03-07 15:25:00,22100.0,2024-03-01,2024-03-01 15:15:00,Buy,22650.0,CE,39.9,10.0,0.05,2024-03-07 15:25:00,2024-03-07,4,Friday
142,2024-03-01,2024-03-01 09:30:00,Sell,22100,PE,137.9,-10,44.75,2024-03-04 09:15:00,22100.0,2024-03-01,2024-03-01 15:15:00,Buy,21950.0,PE,46.45,10.0,22.0,2024-03-04 09:15:00,2024-03-07,4,Friday
143,2024-03-01,2024-03-01 09:45:00,Sell,22150,PE,144.85,-10,50.15,2024-03-04 09:19:00,22162.45,2024-03-01,2024-03-01 15:15:00,Buy,21950.0,PE,46.45,10.0,23.35,2024-03-04 09:19:00,2024-03-07,4,Friday
144,2024-03-01,2024-03-01 11:15:00,Sell,22200,PE,137.55,-10,41.25,2024-03-05 12:52:00,22209.45,2024-03-01,2024-03-01 15:15:00,Buy,21950.0,PE,46.45,10.0,10.1,2024-03-05 12:52:00,2024-03-07,4,Friday
145,2024-03-01,2024-03-01 11:45:00,Sell,22250,PE,138.8,-10,48.35,2024-03-05 13:00:00,22279.8,2024-03-01,2024-03-01 15:15:00,Buy,21950.0,PE,46.45,10.0,10.4,2024-03-05 13:00:00,2024-03-07,4,Friday
146,2024-03-01,2024-03-01 12:45:00,Sell,22300,PE,154.55,-10,51.7,2024-03-06 13:43:00,22305.65,2024-03-01,2024-03-01 15:15:00,Buy,21950.0,PE,46.45,10.0,5.85,2024-03-06 13:43:00,2024-03-07,4,Friday
147,2024-03-04,2024-03-04 09:30:00,Sell,22350,PE,119.3,-10,41.3,2024-03-06 14:07:00,22381.05,2024-03-04,2024-03-04 15:15:00,Buy,22100.0,PE,38.5,10.0,9.45,2024-03-06 14:07:00,2024-03-07,3,Monday
148,2024-03-04,2024-03-04 10:30:00,Sell,22400,PE,117.7,-10,40.8,2024-03-06 14:32:00,22414.3,2024-03-04,2024-03-04 15:15:00,Buy,22100.0,PE,38.5,10.0,6.4,2024-03-06 14:32:00,2024-03-07,3,Monday
149,2024-03-05,2024-03-05 10:00:00,Sell,22350,CE,102.1,-10,143.1,2024-03-07 15:25:00,22347.05,2024-03-05,2024-03-05 15:15:00,Buy,22550.0,CE,22.2,10.0,0.05,2024-03-07 15:25:00,2024-03-07,2,Tuesday
150,2024-03-05,2024-03-05 11:15:00,Sell,22300,CE,91.55,-10,193.0,2024-03-07 15:25:00,22288.95,2024-03-05,2024-03-05 15:15:00,Buy,22550.0,CE,22.2,10.0,0.05,2024-03-07 15:25:00,2024-03-07,2,Tuesday
151,2024-03-05,2024-03-05 13:00:00,Sell,22350,PE,79.3,-10,26.1,2024-03-06 14:33:00,22403.1,2024-03-05,2024-03-05 15:15:00,Buy,22150.0,PE,31.95,10.0,7.8,2024-03-06 14:33:00,2024-03-07,2,Tuesday
152,2024-03-05,2024-03-05 13:00:00,Sell,22400,PE,100.0,-10,34.35,2024-03-06 14:40:00,22403.1,2024-03-05,2024-03-05 15:15:00,Buy,22150.0,PE,31.95,10.0,8.25,2024-03-06 14:40:00,2024-03-07,2,Tuesday
153,2024-03-05,2024-03-05 14:30:00,Sell,22350,CE,95.1,-10,143.1,2024-03-07 15:25:00,22347.55,2024-03-05,2024-03-05 15:15:00,Buy,22550.0,CE,22.2,10.0,0.05,2024-03-07 15:25:00,2024-03-07,2,Tuesday
154,2024-03-06,2024-03-06 10:00:00,Sell,22300,CE,84.05,-10,193.0,2024-03-07 15:25:00,22281.75,2024-03-06,2024-03-06 15:15:00,Buy,22600.0,CE,22.95,10.0,0.05,2024-03-07 15:25:00,2024-03-07,1,Wednesday
155,2024-03-06,2024-03-06 11:45:00,Sell,22250,CE,85.3,-10,243.4,2024-03-07 15:25:00,22246.6,2024-03-06,2024-03-06 15:15:00,Buy,22600.0,CE,22.95,10.0,0.05,2024-03-07 15:25:00,2024-03-07,1,Wednesday
156,2024-03-06,2024-03-06 13:45:00,Sell,22300,PE,52.85,-10,18.45,2024-03-06 14:33:00,22327.4,,,,,,,,,,2024-03-07,1,Wednesday
157,2024-03-06,2024-03-06 14:00:00,Sell,22350,PE,45.9,-10,15.65,2024-03-07 09:19:00,22382.2,2024-03-06,2024-03-06 15:15:00,Buy,22300.0,PE,16.8,10.0,10.55,2024-03-07 09:19:00,2024-03-07,1,Wednesday
158,2024-03-06,2024-03-06 14:15:00,Sell,22400,PE,54.9,-10,18.95,2024-03-07 09:34:00,22404.35,2024-03-06,2024-03-06 15:15:00,Buy,22300.0,PE,16.8,10.0,7.9,2024-03-07 09:34:00,2024-03-07,1,Wednesday
159,2024-03-06,2024-03-06 14:45:00,Sell,22450,PE,45.6,-10,15.75,2024-03-07 10:30:00,22464.7,2024-03-06,2024-03-06 15:15:00,Buy,22300.0,PE,16.8,10.0,3.55,2024-03-07 10:30:00,2024-03-07,1,Wednesday
160,2024-03-07,2024-03-07 13:00:00,Sell,22500,PE,26.9,-10,8.3,2024-03-07 14:51:00,22501.55,,,,,,,,,,2024-03-07,0,Thursday
161,2024-03-11,2024-03-11 10:15:00,Sell,22450,CE,123.1,-10,42.05,2024-03-13 10:29:00,22431.05,2024-03-11,2024-03-11 15:15:00,Buy,22600.0,CE,30.55,10.0,12.8,2024-03-13 10:29:00,2024-03-14,3,Monday
162,2024-03-11,2024-03-11 12:15:00,Sell,22400,CE,119.7,-10,38.2,2024-03-13 11:06:00,22373.05,2024-03-11,2024-03-11 15:15:00,Buy,22600.0,CE,30.55,10.0,8.75,2024-03-13 11:06:00,2024-03-14,3,Monday
163,2024-03-11,2024-03-11 15:15:00,Sell,22350,CE,116.25,-10,36.4,2024-03-13 11:31:00,22322.0,2024-03-11,2024-03-11 15:15:00,Buy,22600.0,CE,30.55,10.0,7.15,2024-03-13 11:31:00,2024-03-14,3,Monday
164,2024-03-12,2024-03-12 09:45:00,Sell,22400,PE,87.05,-10,253.0,2024-03-14 15:25:00,22429.0,2024-03-12,2024-03-12 15:15:00,Buy,22150.0,PE,29.85,10.0,2.95,2024-03-14 15:25:00,2024-03-14,2,Tuesday
165,2024-03-12,2024-03-12 11:00:00,Sell,22350,CE,127.0,-10,43.35,2024-03-13 11:26:00,22335.0,2024-03-12,2024-03-12 15:15:00,Buy,22550.0,CE,32.9,10.0,11.0,2024-03-13 11:26:00,2024-03-14,2,Tuesday
166,2024-03-13,2024-03-13 10:00:00,Sell,22300,CE,122.0,-10,41.95,2024-03-13 11:42:00,22296.45,,,,,,,,,,2024-03-14,1,Wednesday
167,2024-03-13,2024-03-13 11:15:00,Sell,22250,CE,105.1,-10,34.5,2024-03-13 13:22:00,22239.8,,,,,,,,,,2024-03-14,1,Wednesday
168,2024-03-13,2024-03-13 11:30:00,Sell,22200,CE,101.75,-10,33.05,2024-03-13 13:52:00,22186.45,,,,,,,,,,2024-03-14,1,Wednesday
169,2024-03-13,2024-03-13 11:45:00,Sell,22150,CE,105.3,-10,36.65,2024-03-13 14:15:00,22141.75,,,,,,,,,,2024-03-14,1,Wednesday
170,2024-03-13,2024-03-13 12:15:00,Sell,22100,CE,96.2,-10,30.4,2024-03-13 14:38:00,22080.7,,,,,,,,,,2024-03-14,1,Wednesday
171,2024-03-13,2024-03-13 14:15:00,Sell,22050,CE,65.15,-10,97.0,2024-03-14 15:25:00,22001.7,2024-03-13,2024-03-13 15:15:00,Buy,22150.0,CE,25.15,10.0,0.1,2024-03-14 15:25:00,2024-03-14,1,Wednesday
172,2024-03-13,2024-03-13 14:30:00,Sell,22000,CE,73.35,-10,147.1,2024-03-14 15:25:00,21961.65,2024-03-13,2024-03-13 15:15:00,Buy,22150.0,CE,25.15,10.0,0.1,2024-03-14 15:25:00,2024-03-14,1,Wednesday
173,2024-03-13,2024-03-13 14:45:00,Sell,21950,CE,82.7,-10,197.15,2024-03-14 15:25:00,21932.45,2024-03-13,2024-03-13 15:15:00,Buy,22150.0,CE,25.15,10.0,0.1,2024-03-14 15:25:00,2024-03-14,1,Wednesday
174,2024-03-14,2024-03-14 10:00:00,Sell,22000,PE,42.7,-10,14.4,2024-03-14 10:42:00,22021.45,,,,,,,,,,2024-03-14,0,Thursday
175,2024-03-14,2024-03-14 10:45:00,Sell,22050,PE,27.25,-10,9.45,2024-03-14 11:39:00,22071.8,,,,,,,,,,2024-03-14,0,Thursday
176,2024-03-14,2024-03-14 11:45:00,Sell,22100,PE,15.0,-10,4.95,2024-03-14 14:38:00,22168.55,,,,,,,,,,2024-03-14,0,Thursday
177,2024-03-14,2024-03-14 11:45:00,Sell,22150,PE,28.5,-10,7.1,2024-03-14 15:02:00,22168.55,,,,,,,,,,2024-03-14,0,Thursday
178,2024-03-14,2024-03-14 12:30:00,Sell,22200,PE,28.85,-10,52.7,2024-03-14 15:25:00,22200.9,2024-03-14,2024-03-14 15:15:00,Buy,22150.0,PE,5.75,10.0,2.95,2024-03-14 15:25:00,2024-03-14,0,Thursday
179,2024-03-14,2024-03-14 12:45:00,Sell,22150,CE,45.6,-10,14.3,2024-03-14 13:47:00,22144.4,,,,,,,,,,2024-03-14,0,Thursday
180,2024-03-15,2024-03-15 09:30:00,Sell,22100,CE,174.8,-10,59.95,2024-03-19 09:58:00,22100.0,2024-03-15,2024-03-15 15:15:00,Buy,22300.0,CE,48.6,10.0,18.3,2024-03-19 09:58:00,2024-03-21,4,Friday
181,2024-03-15,2024-03-15 09:30:00,Sell,22100,PE,137.5,-10,86.5,2024-03-21 15:25:00,22100.0,2024-03-15,2024-03-15 15:15:00,Buy,21750.0,PE,44.05,10.0,0.05,2024-03-21 15:25:00,2024-03-21,4,Friday
182,2024-03-15,2024-03-15 09:45:00,Sell,22050,CE,164.45,-10,56.55,2024-03-19 10:22:00,22035.75,2024-03-15,2024-03-15 15:15:00,Buy,22300.0,CE,48.6,10.0,13.85,2024-03-19 10:22:00,2024-03-21,4,Friday
183,2024-03-15,2024-03-15 10:00:00,Sell,22000,CE,162.65,-10,55.9,2024-03-19 11:41:00,21985.15,2024-03-15,2024-03-15 15:15:00,Buy,22300.0,CE,48.6,10.0,10.15,2024-03-19 11:41:00,2024-03-21,4,Friday
184,2024-03-15,2024-03-15 12:00:00,Sell,21950,CE,168.9,-10,56.85,2024-03-19 14:16:00,21948.4,2024-03-15,2024-03-15 15:15:00,Buy,22300.0,CE,48.6,10.0,7.05,2024-03-19 14:16:00,2024-03-21,4,Friday
185,2024-03-15,2024-03-15 13:45:00,Sell,22000,PE,131.45,-10,45.3,2024-03-21 09:37:00,22017.45,2024-03-15,2024-03-15 15:15:00,Buy,21750.0,PE,44.05,10.0,4.55,2024-03-21 09:37:00,2024-03-21,4,Friday
186,2024-03-15,2024-03-15 15:00:00,Sell,22050,PE,125.1,-10,42.9,2024-03-21 10:10:00,22050.55,2024-03-15,2024-03-15 15:15:00,Buy,21750.0,PE,44.05,10.0,2.05,2024-03-21 10:10:00,2024-03-21,4,Friday
187,2024-03-18,2024-03-18 09:45:00,Sell,22000,CE,131.85,-10,46.0,2024-03-19 14:14:00,21963.6,2024-03-18,2024-03-18 15:15:00,Buy,22300.0,CE,34.65,10.0,7.55,2024-03-19 14:14:00,2024-03-21,3,Monday
188,2024-03-18,2024-03-18 11:15:00,Sell,21950,CE,146.9,-10,51.0,2024-03-19 15:12:00,21948.75,2024-03-18,2024-03-18 15:15:00,Buy,22300.0,CE,34.65,10.0,6.1,2024-03-19 15:12:00,2024-03-21,3,Monday
189,2024-03-18,2024-03-18 12:15:00,Sell,22000,PE,113.0,-10,36.15,2024-03-21 10:02:00,22034.1,2024-03-18,2024-03-18 15:15:00,Buy,21800.0,PE,36.3,10.0,4.3,2024-03-21 10:02:00,2024-03-21,3,Monday
190,2024-03-18,2024-03-18 12:30:00,Sell,22050,PE,107.4,-10,34.2,2024-03-21 10:14:00,22085.6,2024-03-18,2024-03-18 15:15:00,Buy,21800.0,PE,36.3,10.0,2.75,2024-03-21 10:14:00,2024-03-21,3,Monday
191,2024-03-18,2024-03-18 14:30:00,Sell,22100,PE,106.6,-10,86.5,2024-03-21 15:25:00,22108.2,2024-03-18,2024-03-18 15:15:00,Buy,21800.0,PE,36.3,10.0,0.1,2024-03-21 15:25:00,2024-03-21,3,Monday
192,2024-03-19,2024-03-19 09:30:00,Sell,22050,CE,80.0,-10,27.85,2024-03-19 15:14:00,21937.55,,,,,,,,,,2024-03-21,2,Tuesday
193,2024-03-19,2024-03-19 09:30:00,Sell,22000,CE,101.45,-10,33.9,2024-03-20 10:00:00,21937.55,2024-03-19,2024-03-19 15:15:00,Buy,22000.0,CE,39.2,10.0,33.9,2024-03-20 10:00:00,2024-03-21,2,Tuesday
194,2024-03-19,2024-03-19 09:30:00,Sell,21950,CE,125.85,-10,40.1,2024-03-20 10:03:00,21937.55,2024-03-19,2024-03-19 15:15:00,Buy,22000.0,CE,39.2,10.0,28.8,2024-03-20 10:03:00,2024-03-21,2,Tuesday
195,2024-03-19,2024-03-19 10:15:00,Sell,21900,CE,125.1,-10,42.3,2024-03-20 10:31:00,21891.2,2024-03-19,2024-03-19 15:15:00,Buy,22000.0,CE,39.2,10.0,21.8,2024-03-20 10:31:00,2024-03-21,2,Tuesday
196,2024-03-19,2024-03-19 11:45:00,Sell,21850,CE,112.65,-10,163.1,2024-03-21 15:25:00,21809.45,2024-03-19,2024-03-19 15:15:00,Buy,22000.0,CE,39.2,10.0,70.2,2024-03-21 15:25:00,2024-03-21,2,Tuesday
197,2024-03-20,2024-03-20 10:15:00,Sell,21800,CE,86.9,-10,213.6,2024-03-21 15:25:00,21765.0,2024-03-20,2024-03-20 15:15:00,Buy,22000.0,CE,22.05,10.0,70.2,2024-03-21 15:25:00,2024-03-21,1,Wednesday
198,2024-03-20,2024-03-20 10:45:00,Sell,21750,CE,89.2,-10,263.0,2024-03-21 15:25:00,21728.75,2024-03-20,2024-03-20 15:15:00,Buy,22000.0,CE,22.05,10.0,70.2,2024-03-21 15:25:00,2024-03-21,1,Wednesday
199,2024-03-20,2024-03-20 11:45:00,Sell,21800,PE,60.1,-10,18.8,2024-03-21 09:15:00,21846.3,2024-03-20,2024-03-20 15:15:00,Buy,21700.0,PE,23.55,10.0,9.8,2024-03-21 09:15:00,2024-03-21,1,Wednesday
200,2024-03-20,2024-03-20 12:30:00,Sell,21850,PE,69.65,-10,12.4,2024-03-21 09:16:00,21864.05,2024-03-20,2024-03-20 15:15:00,Buy,21700.0,PE,23.55,10.0,3.35,2024-03-21 09:16:00,2024-03-21,1,Wednesday
201,2024-03-20,2024-03-20 13:15:00,Sell,21900,PE,70.3,-10,21.15,2024-03-21 09:16:00,21911.55,2024-03-20,2024-03-20 15:15:00,Buy,21700.0,PE,23.55,10.0,3.35,2024-03-21 09:16:00,2024-03-21,1,Wednesday
202,2024-03-20,2024-03-20 14:30:00,Sell,21850,CE,76.4,-10,163.1,2024-03-21 15:25:00,21844.65,2024-03-20,2024-03-20 15:15:00,Buy,22000.0,CE,22.05,10.0,70.2,2024-03-21 15:25:00,2024-03-21,1,Wednesday
203,2024-03-21,2024-03-21 09:30:00,Sell,21900,PE,19.85,-10,6.75,2024-03-21 10:10:00,21994.45,,,,,,,,,,2024-03-21,0,Thursday
204,2024-03-21,2024-03-21 09:30:00,Sell,21950,PE,32.35,-10,11.25,2024-03-21 10:10:00,21994.45,,,,,,,,,,2024-03-21,0,Thursday
205,2024-03-21,2024-03-21 09:45:00,Sell,22000,PE,45.85,-10,14.85,2024-03-21 10:33:00,22009.15,,,,,,,,,,2024-03-21,0,Thursday
206,2024-03-21,2024-03-21 10:15:00,Sell,22050,PE,36.55,-10,36.55,2024-03-21 15:25:00,22068.3,2024-03-21,2024-03-21 15:15:00,Buy,22000.0,PE,0.15,10.0,0.15,2024-03-21 15:25:00,2024-03-21,0,Thursday
207,2024-03-21,2024-03-21 12:15:00,Sell,22000,CE,16.9,-10,4.7,2024-03-21 15:01:00,21948.85,,,,,,,,,,2024-03-21,0,Thursday
208,2024-03-21,2024-03-21 12:15:00,Sell,21950,CE,33.8,-10,63.45,2024-03-21 15:25:00,21948.85,2024-03-21,2024-03-21 15:15:00,Buy,22000.0,CE,12.2,10.0,13.65,2024-03-21 15:25:00,2024-03-21,0,Thursday
209,2024-03-21,2024-03-21 13:00:00,Sell,22000,PE,23.95,-10,8.15,2024-03-21 14:22:00,22000.6,,,,,,,,,,2024-03-21,0,Thursday
210,2024-03-22,2024-03-22 09:30:00,Sell,21900,CE,180.45,-10,426.0,2024-03-28 15:25:00,21900.0,2024-03-22,2024-03-22 15:15:00,Buy,22350.0,CE,35.65,10.0,0.6,2024-03-28 15:25:00,2024-03-28,4,Friday
211,2024-03-22,2024-03-22 09:30:00,Sell,21900,PE,110.95,-10,37.75,2024-03-22 14:16:00,21900.0,,,,,,,,,,2024-03-28,4,Friday
212,2024-03-22,2024-03-22 10:00:00,Sell,21950,PE,88.2,-10,30.35,2024-03-27 09:28:00,21990.7,2024-03-22,2024-03-22 15:15:00,Buy,21850.0,PE,36.05,10.0,15.75,2024-03-27 09:28:00,2024-03-28,4,Friday
213,2024-03-22,2024-03-22 10:15:00,Sell,22000,PE,95.4,-10,31.3,2024-03-27 09:58:00,22029.6,2024-03-22,2024-03-22 15:15:00,Buy,21850.0,PE,36.05,10.0,11.7,2024-03-27 09:58:00,2024-03-28,4,Friday
214,2024-03-22,2024-03-22 10:30:00,Sell,22050,PE,101.9,-10,35.6,2024-03-27 10:03:00,22056.1,2024-03-22,2024-03-22 15:15:00,Buy,21850.0,PE,36.05,10.0,10.2,2024-03-27 10:03:00,2024-03-28,4,Friday
215,2024-03-22,2024-03-22 13:15:00,Sell,22100,PE,98.4,-10,32.3,2024-03-27 13:45:00,22106.3,2024-03-22,2024-03-22 15:15:00,Buy,21850.0,PE,36.05,10.0,4.45,2024-03-27 13:45:00,2024-03-28,4,Friday
216,2024-03-22,2024-03-22 14:45:00,Sell,22150,PE,83.0,-10,28.0,2024-03-28 09:17:00,22151.0,2024-03-22,2024-03-22 15:15:00,Buy,21850.0,PE,36.05,10.0,1.3,2024-03-28 09:17:00,2024-03-28,4,Friday
217,2024-03-22,2024-03-22 15:15:00,Sell,22100,CE,144.25,-10,226.8,2024-03-28 15:25:00,22081.6,2024-03-22,2024-03-22 15:15:00,Buy,22350.0,CE,35.65,10.0,0.6,2024-03-28 15:25:00,2024-03-28,4,Friday
218,2024-03-26,2024-03-26 09:45:00,Sell,22050,CE,125.05,-10,276.85,2024-03-28 15:25:00,22020.3,2024-03-26,2024-03-26 15:15:00,Buy,22200.0,CE,42.05,10.0,127.65,2024-03-28 15:25:00,2024-03-28,2,Tuesday
219,2024-03-27,2024-03-27 09:30:00,Sell,22100,PE,71.1,-10,24.6,2024-03-27 15:20:00,22102.55,2024-03-27,2024-03-27 15:15:00,Buy,22050.0,PE,23.0,10.0,16.15,2024-03-27 15:20:00,2024-03-28,1,Wednesday
220,2024-03-27,2024-03-27 10:45:00,Sell,22150,PE,56.25,-10,19.6,2024-03-28 09:30:00,22158.45,2024-03-27,2024-03-27 15:15:00,Buy,22050.0,PE,23.0,10.0,6.4,2024-03-28 09:30:00,2024-03-28,1,Wednesday
221,2024-03-28,2024-03-28 09:30:00,Sell,22200,PE,33.45,-10,11.55,2024-03-28 10:16:00,22217.4,,,,,,,,,,2024-03-28,0,Thursday
222,2024-03-28,2024-03-28 09:45:00,Sell,22250,PE,35.0,-10,10.4,2024-03-28 11:02:00,22257.9,,,,,,,,,,2024-03-28,0,Thursday
223,2024-03-28,2024-03-28 10:00:00,Sell,22300,PE,38.0,-10,13.05,2024-03-28 12:33:00,22300.6,,,,,,,,,,2024-03-28,0,Thursday
224,2024-03-28,2024-03-28 10:45:00,Sell,22350,PE,35.15,-10,11.9,2024-03-28 13:09:00,22355.5,,,,,,,,,,2024-03-28,0,Thursday
225,2024-03-28,2024-03-28 12:45:00,Sell,22400,PE,28.25,-10,9.8,2024-03-28 14:08:00,22413.65,,,,,,,,,,2024-03-28,0,Thursday
226,2024-03-28,2024-03-28 14:15:00,Sell,22450,PE,11.75,-10,123.35,2024-03-28 15:25:00,22468.05,2024-03-28,2024-03-28 15:15:00,Buy,22150.0,PE,2.4,10.0,0.2,2024-03-28 15:25:00,2024-03-28,0,Thursday
227,2024-03-28,2024-03-28 14:45:00,Sell,22500,PE,18.15,-10,173.7,2024-03-28 15:25:00,22503.2,2024-03-28,2024-03-28 15:15:00,Buy,22150.0,PE,2.4,10.0,0.2,2024-03-28 15:25:00,2024-03-28,0,Thursday
228,2024-03-28,2024-03-28 15:00:00,Sell,22450,CE,21.9,-10,2.55,2024-03-28 15:03:00,22419.95,,,,,,,,,,2024-03-28,0,Thursday
229,2024-03-28,2024-03-28 15:15:00,Sell,22400,CE,1.2,-10,0.3,2024-03-28 15:21:00,22268.9,2024-03-28,2024-03-28 15:15:00,Buy,22350.0,CE,2.95,10.0,0.95,2024-03-28 15:21:00,2024-03-28,0,Thursday
230,2024-03-28,2024-03-28 15:15:00,Sell,22350,CE,2.95,-10,0.95,2024-03-28 15:21:00,22268.9,2024-03-28,2024-03-28 15:15:00,Buy,22350.0,CE,2.95,10.0,0.95,2024-03-28 15:21:00,2024-03-28,0,Thursday
231,2024-03-28,2024-03-28 15:15:00,Sell,22300,CE,11.15,-10,27.1,2024-03-28 15:25:00,22268.9,2024-03-28,2024-03-28 15:15:00,Buy,22350.0,CE,2.95,10.0,0.6,2024-03-28 15:25:00,2024-03-28,0,Thursday
232,2024-04-01,2024-04-01 09:30:00,Sell,22350,PE,67.75,-10,23.4,2024-04-03 12:15:00,22493.45,2024-04-01,2024-04-01 15:15:00,Buy,22250.0,PE,30.4,10.0,9.7,2024-04-03 12:15:00,2024-04-04,3,Monday
233,2024-04-01,2024-04-01 09:30:00,Sell,22400,PE,84.05,-10,27.45,2024-04-03 12:47:00,22493.45,2024-04-01,2024-04-01 15:15:00,Buy,22250.0,PE,30.4,10.0,9.55,2024-04-03 12:47:00,2024-04-04,3,Monday
234,2024-04-01,2024-04-01 09:30:00,Sell,22450,PE,103.4,-10,29.1,2024-04-04 09:15:00,22493.45,2024-04-01,2024-04-01 15:15:00,Buy,22250.0,PE,30.4,10.0,5.0,2024-04-04 09:15:00,2024-04-04,3,Monday
235,2024-04-01,2024-04-01 10:00:00,Sell,22500,PE,103.8,-10,28.0,2024-04-04 09:15:00,22519.6,2024-04-01,2024-04-01 15:15:00,Buy,22250.0,PE,30.4,10.0,5.0,2024-04-04 09:15:00,2024-04-04,3,Monday
236,2024-04-01,2024-04-01 13:15:00,Sell,22450,CE,124.4,-10,42.4,2024-04-03 09:16:00,22445.8,2024-04-01,2024-04-01 15:15:00,Buy,22700.0,CE,30.05,10.0,5.85,2024-04-03 09:16:00,2024-04-04,3,Monday
237,2024-04-03,2024-04-03 09:30:00,Sell,22400,CE,49.25,-10,114.8,2024-04-04 15:25:00,22363.85,2024-04-03,2024-04-03 15:15:00,Buy,22550.0,CE,17.85,10.0,0.15,2024-04-04 15:25:00,2024-04-04,1,Wednesday
238,2024-04-03,2024-04-03 10:30:00,Sell,22450,PE,87.85,-10,29.1,2024-04-04 09:15:00,22452.55,2024-04-03,2024-04-03 15:15:00,Buy,22300.0,PE,18.45,10.0,7.45,2024-04-04 09:15:00,2024-04-04,1,Wednesday
239,2024-04-03,2024-04-03 12:45:00,Sell,22500,PE,67.9,-10,22.4,2024-04-04 13:25:00,22501.9,2024-04-03,2024-04-03 15:15:00,Buy,22300.0,PE,18.45,10.0,2.1,2024-04-04 13:25:00,2024-04-04,1,Wednesday
240,2024-04-03,2024-04-03 14:45:00,Sell,22450,CE,60.05,-10,17.2,2024-04-04 10:53:00,22449.15,2024-04-03,2024-04-03 15:15:00,Buy,22550.0,CE,17.85,10.0,6.9,2024-04-04 10:53:00,2024-04-04,1,Wednesday
241,2024-04-04,2024-04-04 09:30:00,Sell,22500,PE,59.3,-10,18.55,2024-04-04 13:28:00,22519.05,,,,,,,,,,2024-04-04,0,Thursday
242,2024-04-04,2024-04-04 10:00:00,Sell,22450,CE,34.3,-10,64.85,2024-04-04 15:25:00,22401.8,2024-04-04,2024-04-04 15:15:00,Buy,22500.0,CE,11.1,10.0,14.95,2024-04-04 15:25:00,2024-04-04,0,Thursday
243,2024-04-04,2024-04-04 10:15:00,Sell,22400,CE,40.2,-10,114.8,2024-04-04 15:25:00,22373.1,2024-04-04,2024-04-04 15:15:00,Buy,22500.0,CE,11.1,10.0,14.95,2024-04-04 15:25:00,2024-04-04,0,Thursday
244,2024-04-04,2024-04-04 12:45:00,Sell,22450,PE,34.1,-10,11.4,2024-04-04 13:25:00,22469.5,,,,,,,,,,2024-04-04,0,Thursday
245,2024-04-04,2024-04-04 13:30:00,Sell,22500,PE,18.85,-10,6.35,2024-04-04 14:43:00,22545.9,,,,,,,,,,2024-04-04,0,Thursday
246,2024-04-04,2024-04-04 14:30:00,Sell,22550,PE,23.0,-10,35.4,2024-04-04 15:25:00,22556.35,2024-04-04,2024-04-04 15:15:00,Buy,22500.0,PE,1.9,10.0,0.05,2024-04-04 15:25:00,2024-04-04,0,Thursday
247,2024-04-05,2024-04-05 09:30:00,Sell,22450,CE,153.6,-10,303.75,2024-04-10 15:25:00,22450.0,2024-04-05,2024-04-05 15:15:00,Buy,22750.0,CE,33.15,10.0,4.0,2024-04-10 15:25:00,2024-04-10,3,Friday
248,2024-04-05,2024-04-05 09:30:00,Sell,22450,PE,119.4,-10,40.9,2024-04-08 10:12:00,22450.0,2024-04-05,2024-04-05 15:15:00,Buy,22300.0,PE,42.0,10.0,18.15,2024-04-08 10:12:00,2024-04-10,3,Friday
249,2024-04-05,2024-04-05 11:00:00,Sell,22500,PE,119.5,-10,41.8,2024-04-08 11:44:00,22506.5,2024-04-05,2024-04-05 15:15:00,Buy,22300.0,PE,42.0,10.0,13.4,2024-04-08 11:44:00,2024-04-10,3,Friday
250,2024-04-08,2024-04-08 09:30:00,Sell,22550,PE,85.75,-10,26.95,2024-04-09 09:15:00,22584.0,2024-04-08,2024-04-08 15:15:00,Buy,22450.0,PE,26.75,10.0,20.0,2024-04-09 09:15:00,2024-04-10,2,Monday
251,2024-04-08,2024-04-08 09:45:00,Sell,22600,PE,93.8,-10,28.25,2024-04-09 09:15:00,22605.95,2024-04-08,2024-04-08 15:15:00,Buy,22450.0,PE,26.75,10.0,20.0,2024-04-09 09:15:00,2024-04-10,2,Monday
252,2024-04-08,2024-04-08 11:45:00,Sell,22650,PE,90.9,-10,31.8,2024-04-09 10:31:00,22650.75,2024-04-08,2024-04-08 15:15:00,Buy,22450.0,PE,26.75,10.0,10.25,2024-04-09 10:31:00,2024-04-10,2,Monday
253,2024-04-09,2024-04-09 09:30:00,Sell,22700,PE,74.1,-10,23.55,2024-04-10 11:01:00,22705.35,2024-04-09,2024-04-09 15:15:00,Buy,22500.0,PE,18.25,10.0,3.55,2024-04-10 11:01:00,2024-04-10,1,Tuesday
254,2024-04-09,2024-04-09 10:30:00,Sell,22750,PE,63.0,-10,20.3,2024-04-10 14:51:00,22751.95,2024-04-09,2024-04-09 15:15:00,Buy,22500.0,PE,18.25,10.0,0.4,2024-04-10 14:51:00,2024-04-10,1,Tuesday
255,2024-04-09,2024-04-09 12:45:00,Sell,22700,CE,68.8,-10,23.5,2024-04-10 11:52:00,22687.55,2024-04-09,2024-04-09 15:15:00,Buy,22750.0,CE,24.35,10.0,8.45,2024-04-10 11:52:00,2024-04-10,1,Tuesday
256,2024-04-09,2024-04-09 14:15:00,Sell,22650,CE,60.8,-10,103.8,2024-04-10 15:25:00,22618.8,2024-04-09,2024-04-09 15:15:00,Buy,22750.0,CE,24.35,10.0,4.0,2024-04-10 15:25:00,2024-04-10,1,Tuesday
257,2024-04-10,2024-04-10 09:30:00,Sell,22700,PE,50.45,-10,17.5,2024-04-10 13:11:00,22715.7,,,,,,,,,,2024-04-10,0,Wednesday
258,2024-04-10,2024-04-10 15:15:00,Sell,22750,PE,1.45,-10,0.25,2024-04-10 15:21:00,22753.75,2024-04-10,2024-04-10 15:15:00,Buy,22700.0,PE,0.25,10.0,0.15,2024-04-10 15:21:00,2024-04-10,0,Wednesday
259,2024-04-12,2024-04-12 09:30:00,Sell,22700,CE,134.1,-10,25.0,2024-04-15 09:15:00,22700.0,2024-04-12,2024-04-12 15:15:00,Buy,22800.0,CE,34.15,10.0,15.55,2024-04-15 09:15:00,2024-04-18,4,Friday
260,2024-04-12,2024-04-12 09:30:00,Sell,22700,PE,115.95,-10,708.15,2024-04-18 15:25:00,22700.0,2024-04-12,2024-04-12 15:15:00,Buy,22300.0,PE,34.4,10.0,306.3,2024-04-18 15:25:00,2024-04-18,4,Friday
261,2024-04-12,2024-04-12 09:45:00,Sell,22650,CE,128.15,-10,38.65,2024-04-15 09:15:00,22637.25,2024-04-12,2024-04-12 15:15:00,Buy,22800.0,CE,34.15,10.0,15.55,2024-04-15 09:15:00,2024-04-18,4,Friday
262,2024-04-12,2024-04-12 12:45:00,Sell,22600,CE,121.8,-10,42.0,2024-04-15 09:15:00,22580.4,2024-04-12,2024-04-12 15:15:00,Buy,22800.0,CE,34.15,10.0,15.55,2024-04-15 09:15:00,2024-04-18,4,Friday
263,2024-04-12,2024-04-12 14:15:00,Sell,22550,CE,131.65,-10,46.0,2024-04-15 09:36:00,22544.95,2024-04-12,2024-04-12 15:15:00,Buy,22800.0,CE,34.15,10.0,9.55,2024-04-15 09:36:00,2024-04-18,4,Friday
264,2024-04-15,2024-04-15 09:30:00,Sell,22500,CE,74.0,-10,14.9,2024-04-16 09:15:00,22328.05,2024-04-15,2024-04-15 15:15:00,Buy,22500.0,CE,33.65,10.0,14.9,2024-04-16 09:15:00,2024-04-18,3,Monday
265,2024-04-15,2024-04-15 09:30:00,Sell,22450,CE,94.6,-10,15.6,2024-04-16 09:16:00,22328.05,2024-04-15,2024-04-15 15:15:00,Buy,22500.0,CE,33.65,10.0,11.65,2024-04-16 09:16:00,2024-04-18,3,Monday
266,2024-04-15,2024-04-15 09:30:00,Sell,22400,CE,118.8,-10,34.2,2024-04-16 09:15:00,22328.05,2024-04-15,2024-04-15 15:15:00,Buy,22500.0,CE,33.65,10.0,14.9,2024-04-16 09:15:00,2024-04-18,3,Monday
267,2024-04-15,2024-04-15 09:30:00,Sell,22350,CE,147.0,-10,35.0,2024-04-16 09:15:00,22328.05,2024-04-15,2024-04-15 15:15:00,Buy,22500.0,CE,33.65,10.0,14.9,2024-04-16 09:15:00,2024-04-18,3,Monday
268,2024-04-15,2024-04-15 09:45:00,Sell,22300,CE,149.35,-10,42.9,2024-04-16 09:16:00,22280.65,2024-04-15,2024-04-15 15:15:00,Buy,22500.0,CE,33.65,10.0,11.65,2024-04-16 09:16:00,2024-04-18,3,Monday
269,2024-04-15,2024-04-15 10:15:00,Sell,22350,PE,88.9,-10,356.9,2024-04-18 15:25:00,22360.65,2024-04-15,2024-04-15 15:15:00,Buy,22100.0,PE,36.0,10.0,105.85,2024-04-18 15:25:00,2024-04-18,3,Monday
270,2024-04-15,2024-04-15 11:00:00,Sell,22400,PE,81.8,-10,407.0,2024-04-18 15:25:00,22425.95,2024-04-15,2024-04-15 15:15:00,Buy,22100.0,PE,36.0,10.0,105.85,2024-04-18 15:25:00,2024-04-18,3,Monday
271,2024-04-15,2024-04-15 13:15:00,Sell,22350,CE,112.15,-10,35.0,2024-04-16 09:15:00,22338.3,2024-04-15,2024-04-15 15:15:00,Buy,22500.0,CE,33.65,10.0,14.9,2024-04-16 09:15:00,2024-04-18,3,Monday
272,2024-04-15,2024-04-15 15:15:00,Sell,22300,CE,113.85,-10,39.35,2024-04-16 09:17:00,22271.5,2024-04-15,2024-04-15 15:15:00,Buy,22500.0,CE,33.65,10.0,10.1,2024-04-16 09:17:00,2024-04-18,3,Monday
273,2024-04-16,2024-04-16 09:30:00,Sell,22250,CE,67.95,-10,23.4,2024-04-16 13:18:00,22187.45,,,,,,,,,,2024-04-18,2,Tuesday
274,2024-04-16,2024-04-16 09:30:00,Sell,22200,CE,92.05,-10,27.0,2024-04-18 10:08:00,22187.45,2024-04-16,2024-04-16 15:15:00,Buy,22300.0,CE,28.55,10.0,8.1,2024-04-18 10:08:00,2024-04-18,2,Tuesday
275,2024-04-16,2024-04-16 12:30:00,Sell,22150,CE,72.25,-10,24.95,2024-04-18 14:10:00,22140.2,2024-04-16,2024-04-16 15:15:00,Buy,22300.0,CE,28.55,10.0,3.5,2024-04-18 14:10:00,2024-04-18,2,Tuesday
276,2024-04-16,2024-04-16 13:15:00,Sell,22100,CE,81.8,-10,21.9,2024-04-18 14:40:00,22098.45,2024-04-16,2024-04-16 15:15:00,Buy,22300.0,CE,28.55,10.0,1.0,2024-04-18 14:40:00,2024-04-18,2,Tuesday
277,2024-04-16,2024-04-16 15:15:00,Sell,22150,PE,66.65,-10,20.45,2024-04-18 09:16:00,22168.3,2024-04-16,2024-04-16 15:15:00,Buy,21950.0,PE,21.35,10.0,3.55,2024-04-18 09:16:00,2024-04-18,2,Tuesday
278,2024-04-18,2024-04-18 09:30:00,Sell,22200,PE,24.4,-10,207.15,2024-04-18 15:25:00,22266.45,2024-04-18,2024-04-18 15:15:00,Buy,21950.0,PE,1.05,10.0,0.15,2024-04-18 15:25:00,2024-04-18,0,Thursday
279,2024-04-18,2024-04-18 09:30:00,Sell,22250,PE,41.65,-10,256.8,2024-04-18 15:25:00,22266.45,2024-04-18,2024-04-18 15:15:00,Buy,21950.0,PE,1.05,10.0,0.15,2024-04-18 15:25:00,2024-04-18,0,Thursday
280,2024-04-18,2024-04-18 09:45:00,Sell,22200,CE,44.55,-10,13.6,2024-04-18 14:07:00,22199.8,,,,,,,,,,2024-04-18,0,Thursday
281,2024-04-18,2024-04-18 11:15:00,Sell,22250,PE,30.85,-10,256.8,2024-04-18 15:25:00,22283.7,2024-04-18,2024-04-18 15:15:00,Buy,21950.0,PE,1.05,10.0,0.15,2024-04-18 15:25:00,2024-04-18,0,Thursday
282,2024-04-18,2024-04-18 12:00:00,Sell,22300,PE,41.6,-10,306.3,2024-04-18 15:25:00,22304.0,2024-04-18,2024-04-18 15:15:00,Buy,21950.0,PE,1.05,10.0,0.15,2024-04-18 15:25:00,2024-04-18,0,Thursday
283,2024-04-18,2024-04-18 13:30:00,Sell,22250,CE,43.5,-10,14.25,2024-04-18 13:45:00,22136.8,,,,,,,,,,2024-04-18,0,Thursday
284,2024-04-18,2024-04-18 13:30:00,Sell,22200,CE,58.95,-10,16.75,2024-04-18 13:51:00,22136.8,,,,,,,,,,2024-04-18,0,Thursday
285,2024-04-18,2024-04-18 13:30:00,Sell,22150,CE,73.8,-10,25.8,2024-04-18 14:07:00,22136.8,,,,,,,,,,2024-04-18,0,Thursday
286,2024-04-18,2024-04-18 13:45:00,Sell,22100,CE,53.05,-10,14.2,2024-04-18 14:44:00,22094.0,,,,,,,,,,2024-04-18,0,Thursday
287,2024-04-18,2024-04-18 15:00:00,Sell,22050,CE,8.5,-10,2.1,2024-04-18 15:03:00,22023.2,,,,,,,,,,2024-04-18,0,Thursday
288,2024-04-18,2024-04-18 15:15:00,Sell,22000,CE,0.4,-10,0.25,2024-04-18 15:25:00,21966.05,2024-04-18,2024-04-18 15:15:00,Buy,22000.0,CE,0.4,10.0,0.25,2024-04-18 15:25:00,2024-04-18,0,Thursday
289,2024-04-19,2024-04-19 09:30:00,Sell,21850,CE,194.85,-10,724.2,2024-04-25 15:25:00,21850.0,2024-04-19,2024-04-19 15:15:00,Buy,22400.0,CE,48.05,10.0,173.8,2024-04-25 15:25:00,2024-04-25,4,Friday
290,2024-04-19,2024-04-19 09:30:00,Sell,21850,PE,168.0,-10,35.05,2024-04-22 09:15:00,21850.0,2024-04-19,2024-04-19 15:15:00,Buy,21700.0,PE,46.6,10.0,24.75,2024-04-22 09:15:00,2024-04-25,4,Friday
291,2024-04-19,2024-04-19 11:30:00,Sell,21900,PE,162.75,-10,47.95,2024-04-22 09:15:00,21911.75,2024-04-19,2024-04-19 15:15:00,Buy,21700.0,PE,46.6,10.0,24.75,2024-04-22 09:15:00,2024-04-25,4,Friday
292,2024-04-19,2024-04-19 12:30:00,Sell,21950,PE,163.5,-10,48.65,2024-04-22 09:15:00,21967.8,2024-04-19,2024-04-19 15:15:00,Buy,21700.0,PE,46.6,10.0,24.75,2024-04-22 09:15:00,2024-04-25,4,Friday
293,2024-04-19,2024-04-19 12:45:00,Sell,22000,PE,161.1,-10,47.9,2024-04-22 09:16:00,22023.85,2024-04-19,2024-04-19 15:15:00,Buy,21700.0,PE,46.6,10.0,17.4,2024-04-22 09:16:00,2024-04-25,4,Friday
294,2024-04-19,2024-04-19 14:00:00,Sell,22050,PE,137.85,-10,47.75,2024-04-22 14:05:00,22142.05,2024-04-19,2024-04-19 15:15:00,Buy,21700.0,PE,46.6,10.0,12.85,2024-04-22 14:05:00,2024-04-25,4,Friday
295,2024-04-19,2024-04-19 14:00:00,Sell,22100,PE,157.25,-10,54.9,2024-04-22 14:40:00,22142.05,2024-04-19,2024-04-19 15:15:00,Buy,21700.0,PE,46.6,10.0,11.95,2024-04-22 14:40:00,2024-04-25,4,Friday
296,2024-04-19,2024-04-19 15:15:00,Sell,22150,PE,162.4,-10,54.6,2024-04-22 15:07:00,22163.1,2024-04-19,2024-04-19 15:15:00,Buy,21700.0,PE,46.6,10.0,10.45,2024-04-22 15:07:00,2024-04-25,4,Friday
297,2024-04-22,2024-04-22 09:30:00,Sell,22200,PE,120.1,-10,40.8,2024-04-23 09:21:00,22246.85,2024-04-22,2024-04-22 15:15:00,Buy,22100.0,PE,38.7,10.0,24.75,2024-04-23 09:21:00,2024-04-25,3,Monday
298,2024-04-22,2024-04-22 10:45:00,Sell,22250,PE,136.3,-10,45.55,2024-04-23 10:14:00,22251.95,2024-04-22,2024-04-22 15:15:00,Buy,22100.0,PE,38.7,10.0,21.3,2024-04-23 10:14:00,2024-04-25,3,Monday
299,2024-04-22,2024-04-22 12:00:00,Sell,22300,PE,128.75,-10,44.4,2024-04-23 14:49:00,22306.35,2024-04-22,2024-04-22 15:15:00,Buy,22100.0,PE,38.7,10.0,13.7,2024-04-23 14:49:00,2024-04-25,3,Monday
300,2024-04-23,2024-04-23 09:30:00,Sell,22350,PE,88.35,-10,30.8,2024-04-24 10:28:00,22399.1,2024-04-23,2024-04-23 15:15:00,Buy,22200.0,PE,30.85,10.0,11.65,2024-04-24 10:28:00,2024-04-25,2,Tuesday
301,2024-04-23,2024-04-23 10:15:00,Sell,22400,PE,94.85,-10,32.6,2024-04-25 10:14:00,22417.45,2024-04-23,2024-04-23 15:15:00,Buy,22200.0,PE,30.85,10.0,5.8,2024-04-25 10:14:00,2024-04-25,2,Tuesday
302,2024-04-24,2024-04-24 10:30:00,Sell,22450,PE,61.7,-10,14.65,2024-04-25 14:05:00,22458.05,2024-04-24,2024-04-24 15:15:00,Buy,22250.0,PE,15.65,10.0,2.3,2024-04-25 14:05:00,2024-04-25,1,Wednesday
303,2024-04-25,2024-04-25 09:30:00,Sell,22400,CE,33.1,-10,173.8,2024-04-25 15:25:00,22342.0,2024-04-25,2024-04-25 15:15:00,Buy,22600.0,CE,1.0,10.0,0.25,2024-04-25 15:25:00,2024-04-25,0,Thursday
304,2024-04-25,2024-04-25 09:30:00,Sell,22350,CE,52.35,-10,224.1,2024-04-25 15:25:00,22342.0,2024-04-25,2024-04-25 15:15:00,Buy,22600.0,CE,1.0,10.0,0.25,2024-04-25 15:25:00,2024-04-25,0,Thursday
305,2024-04-25,2024-04-25 10:00:00,Sell,22400,PE,44.85,-10,13.95,2024-04-25 14:03:00,22400.85,,,,,,,,,,2024-04-25,0,Thursday
306,2024-04-25,2024-04-25 10:15:00,Sell,22450,PE,44.05,-10,14.65,2024-04-25 14:05:00,22454.2,,,,,,,,,,2024-04-25,0,Thursday
307,2024-04-25,2024-04-25 11:00:00,Sell,22400,CE,39.05,-10,173.8,2024-04-25 15:25:00,22362.15,2024-04-25,2024-04-25 15:15:00,Buy,22600.0,CE,1.0,10.0,0.25,2024-04-25 15:25:00,2024-04-25,0,Thursday
308,2024-04-25,2024-04-25 13:15:00,Sell,22450,PE,52.7,-10,14.65,2024-04-25 14:05:00,22452.9,,,,,,,,,,2024-04-25,0,Thursday
309,2024-04-25,2024-04-25 14:15:00,Sell,22500,PE,21.3,-10,6.7,2024-04-25 14:45:00,22576.4,,,,,,,,,,2024-04-25,0,Thursday
310,2024-04-25,2024-04-25 14:15:00,Sell,22550,PE,32.0,-10,9.1,2024-04-25 14:49:00,22576.4,,,,,,,,,,2024-04-25,0,Thursday
311,2024-04-25,2024-04-25 14:45:00,Sell,22600,PE,19.1,-10,26.75,2024-04-25 15:25:00,22603.05,2024-04-25,2024-04-25 15:15:00,Buy,22600.0,PE,16.2,10.0,26.75,2024-04-25 15:25:00,2024-04-25,0,Thursday
312,2024-04-26,2024-04-26 09:30:00,Sell,22600,CE,143.6,-10,49.35,2024-05-02 15:14:00,22600.0,2024-04-26,2024-04-26 15:15:00,Buy,22700.0,CE,46.9,10.0,47.4,2024-05-02 15:14:00,2024-05-02,4,Friday
313,2024-04-26,2024-04-26 09:30:00,Sell,22600,PE,122.9,-10,42.0,2024-04-30 09:53:00,22600.0,2024-04-26,2024-04-26 15:15:00,Buy,22200.0,PE,38.3,10.0,6.85,2024-04-30 09:53:00,2024-05-02,4,Friday
314,2024-04-26,2024-04-26 10:15:00,Sell,22550,CE,144.55,-10,98.1,2024-05-02 15:25:00,22537.3,2024-04-26,2024-04-26 15:15:00,Buy,22700.0,CE,46.9,10.0,47.4,2024-05-02 15:25:00,2024-05-02,4,Friday
315,2024-04-26,2024-04-26 13:30:00,Sell,22500,CE,129.05,-10,148.15,2024-05-02 15:25:00,22453.6,2024-04-26,2024-04-26 15:15:00,Buy,22700.0,CE,46.9,10.0,47.4,2024-05-02 15:25:00,2024-05-02,4,Friday
316,2024-04-26,2024-04-26 13:45:00,Sell,22450,CE,154.5,-10,198.05,2024-05-02 15:25:00,22444.2,2024-04-26,2024-04-26 15:15:00,Buy,22700.0,CE,46.9,10.0,47.4,2024-05-02 15:25:00,2024-05-02,4,Friday
317,2024-04-29,2024-04-29 09:30:00,Sell,22500,PE,83.3,-10,28.05,2024-04-30 09:50:00,22510.2,2024-04-29,2024-04-29 15:15:00,Buy,22350.0,PE,23.55,10.0,13.8,2024-04-30 09:50:00,2024-05-02,3,Monday
318,2024-04-29,2024-04-29 12:00:00,Sell,22550,PE,81.15,-10,28.35,2024-04-30 10:41:00,22553.7,2024-04-29,2024-04-29 15:15:00,Buy,22350.0,PE,23.55,10.0,11.5,2024-04-30 10:41:00,2024-05-02,3,Monday
319,2024-04-29,2024-04-29 13:45:00,Sell,22600,PE,79.15,-10,25.2,2024-04-30 14:03:00,22618.5,2024-04-29,2024-04-29 15:15:00,Buy,22350.0,PE,23.55,10.0,7.3,2024-04-30 14:03:00,2024-05-02,3,Monday
320,2024-04-29,2024-04-29 15:15:00,Sell,22650,PE,85.0,-10,28.75,2024-05-02 10:19:00,22653.3,2024-04-29,2024-04-29 15:15:00,Buy,22350.0,PE,23.55,10.0,13.35,2024-05-02 10:19:00,2024-05-02,3,Monday
321,2024-04-30,2024-04-30 09:45:00,Sell,22700,PE,77.9,-10,26.0,2024-05-02 13:24:00,22705.8,2024-04-30,2024-04-30 15:15:00,Buy,22450.0,PE,24.8,10.0,26.4,2024-05-02 13:24:00,2024-05-02,2,Tuesday
322,2024-04-30,2024-04-30 14:15:00,Sell,22750,PE,64.7,-10,101.95,2024-05-02 15:25:00,22768.05,2024-04-30,2024-04-30 15:15:00,Buy,22450.0,PE,24.8,10.0,26.4,2024-05-02 15:25:00,2024-05-02,2,Tuesday
323,2024-04-30,2024-04-30 15:00:00,Sell,22700,CE,79.25,-10,27.7,2024-05-02 11:19:00,22693.95,2024-04-30,2024-04-30 15:15:00,Buy,22800.0,CE,21.6,10.0,16.0,2024-05-02 11:19:00,2024-05-02,2,Tuesday
324,2024-04-30,2024-04-30 15:15:00,Sell,22650,CE,84.15,-10,27.65,2024-05-02 14:23:00,22603.55,2024-04-30,2024-04-30 15:15:00,Buy,22800.0,CE,21.6,10.0,16.0,2024-05-02 14:23:00,2024-05-02,2,Tuesday
325,2024-05-02,2024-05-02 13:30:00,Sell,22700,PE,26.15,-10,51.95,2024-05-02 15:25:00,22700.05,2024-05-02,2024-05-02 15:15:00,Buy,22650.0,PE,3.2,10.0,2.25,2024-05-02 15:25:00,2024-05-02,0,Thursday
326,2024-05-02,2024-05-02 15:15:00,Sell,22650,CE,2.8,-10,0.85,2024-05-02 15:18:00,22639.35,2024-05-02,2024-05-02 15:15:00,Buy,22650.0,CE,2.8,10.0,0.85,2024-05-02 15:18:00,2024-05-02,0,Thursday
327,2024-05-03,2024-05-03 09:30:00,Sell,22800,CE,146.75,-10,51.05,2024-05-03 12:52:00,22800.0,,,,,,,,,,2024-05-09,4,Friday
328,2024-05-03,2024-05-03 09:30:00,Sell,22800,PE,127.0,-10,846.3,2024-05-09 15:25:00,22800.0,2024-05-03,2024-05-03 15:15:00,Buy,22250.0,PE,41.75,10.0,295.0,2024-05-09 15:25:00,2024-05-09,4,Friday
329,2024-05-03,2024-05-03 10:15:00,Sell,22750,CE,131.7,-10,45.55,2024-05-03 13:40:00,22681.4,,,,,,,,,,2024-05-09,4,Friday
330,2024-05-03,2024-05-03 10:15:00,Sell,22700,CE,159.0,-10,55.2,2024-05-03 13:52:00,22681.4,,,,,,,,,,2024-05-09,4,Friday
331,2024-05-03,2024-05-03 10:30:00,Sell,22650,CE,174.9,-10,60.05,2024-05-06 13:12:00,22642.0,2024-05-03,2024-05-03 15:15:00,Buy,22800.0,CE,46.65,10.0,26.95,2024-05-06 13:12:00,2024-05-09,4,Friday
332,2024-05-03,2024-05-03 11:30:00,Sell,22600,CE,142.8,-10,48.3,2024-05-07 10:01:00,22539.6,2024-05-03,2024-05-03 15:15:00,Buy,22800.0,CE,46.65,10.0,15.85,2024-05-07 10:01:00,2024-05-09,4,Friday
333,2024-05-03,2024-05-03 11:30:00,Sell,22550,CE,169.4,-10,58.1,2024-05-07 10:05:00,22539.6,2024-05-03,2024-05-03 15:15:00,Buy,22800.0,CE,46.65,10.0,15.0,2024-05-07 10:05:00,2024-05-09,4,Friday
334,2024-05-03,2024-05-03 12:00:00,Sell,22500,CE,176.7,-10,58.2,2024-05-07 10:35:00,22477.3,2024-05-03,2024-05-03 15:15:00,Buy,22800.0,CE,46.65,10.0,12.65,2024-05-07 10:35:00,2024-05-09,4,Friday
335,2024-05-03,2024-05-03 13:00:00,Sell,22450,CE,162.55,-10,56.2,2024-05-07 11:25:00,22413.55,2024-05-03,2024-05-03 15:15:00,Buy,22800.0,CE,46.65,10.0,9.95,2024-05-07 11:25:00,2024-05-09,4,Friday
336,2024-05-03,2024-05-03 13:45:00,Sell,22400,CE,175.25,-10,59.35,2024-05-07 12:54:00,22375.65,2024-05-03,2024-05-03 15:15:00,Buy,22800.0,CE,46.65,10.0,8.85,2024-05-07 12:54:00,2024-05-09,4,Friday
337,2024-05-03,2024-05-03 15:00:00,Sell,22450,PE,121.4,-10,495.0,2024-05-09 15:25:00,22454.6,2024-05-03,2024-05-03 15:15:00,Buy,22250.0,PE,41.75,10.0,295.0,2024-05-09 15:25:00,2024-05-09,4,Friday
338,2024-05-06,2024-05-06 09:30:00,Sell,22500,PE,84.25,-10,545.8,2024-05-09 15:25:00,22578.55,2024-05-06,2024-05-06 15:15:00,Buy,22200.0,PE,37.8,10.0,245.0,2024-05-09 15:25:00,2024-05-09,3,Monday
339,2024-05-06,2024-05-06 09:30:00,Sell,22550,PE,103.15,-10,596.0,2024-05-09 15:25:00,22578.55,2024-05-06,2024-05-06 15:15:00,Buy,22200.0,PE,37.8,10.0,245.0,2024-05-09 15:25:00,2024-05-09,3,Monday
340,2024-05-06,2024-05-06 10:00:00,Sell,22500,CE,138.3,-10,45.3,2024-05-07 11:18:00,22455.75,2024-05-06,2024-05-06 15:15:00,Buy,22750.0,CE,32.2,10.0,13.15,2024-05-07 11:18:00,2024-05-09,3,Monday
341,2024-05-06,2024-05-06 13:15:00,Sell,22450,CE,138.3,-10,47.15,2024-05-07 12:54:00,22439.6,2024-05-06,2024-05-06 15:15:00,Buy,22750.0,CE,32.2,10.0,10.95,2024-05-07 12:54:00,2024-05-09,3,Monday
342,2024-05-07,2024-05-07 10:15:00,Sell,22400,CE,127.15,-10,40.0,2024-05-08 09:16:00,22397.6,2024-05-07,2024-05-07 15:15:00,Buy,22550.0,CE,31.65,10.0,16.55,2024-05-08 09:16:00,2024-05-09,2,Tuesday
343,2024-05-07,2024-05-07 10:45:00,Sell,22350,CE,114.5,-10,36.9,2024-05-08 10:33:00,22331.75,2024-05-07,2024-05-07 15:15:00,Buy,22550.0,CE,31.65,10.0,11.3,2024-05-08 10:33:00,2024-05-09,2,Tuesday
344,2024-05-07,2024-05-07 11:30:00,Sell,22300,CE,109.7,-10,32.3,2024-05-09 09:39:00,22266.55,2024-05-07,2024-05-07 15:15:00,Buy,22550.0,CE,31.65,10.0,4.5,2024-05-09 09:39:00,2024-05-09,2,Tuesday
345,2024-05-07,2024-05-07 13:15:00,Sell,22250,CE,111.8,-10,38.3,2024-05-09 09:59:00,22239.95,2024-05-07,2024-05-07 15:15:00,Buy,22550.0,CE,31.65,10.0,4.5,2024-05-09 09:59:00,2024-05-09,2,Tuesday
346,2024-05-07,2024-05-07 13:45:00,Sell,22300,PE,98.0,-10,345.0,2024-05-09 15:25:00,22324.95,2024-05-07,2024-05-07 15:15:00,Buy,22100.0,PE,34.75,10.0,145.05,2024-05-09 15:25:00,2024-05-09,2,Tuesday
347,2024-05-08,2024-05-08 09:30:00,Sell,22250,CE,98.4,-10,31.15,2024-05-09 10:14:00,22232.9,2024-05-08,2024-05-08 15:15:00,Buy,22450.0,CE,22.75,10.0,4.9,2024-05-09 10:14:00,2024-05-09,1,Wednesday
348,2024-05-08,2024-05-08 12:00:00,Sell,22300,PE,71.8,-10,345.0,2024-05-09 15:25:00,22307.8,2024-05-08,2024-05-08 15:15:00,Buy,22150.0,PE,23.5,10.0,194.7,2024-05-09 15:25:00,2024-05-09,1,Wednesday
349,2024-05-08,2024-05-08 13:30:00,Sell,22350,PE,62.6,-10,394.9,2024-05-09 15:25:00,22354.95,2024-05-08,2024-05-08 15:15:00,Buy,22150.0,PE,23.5,10.0,194.7,2024-05-09 15:25:00,2024-05-09,1,Wednesday
350,2024-05-08,2024-05-08 14:00:00,Sell,22300,CE,88.7,-10,30.9,2024-05-09 09:48:00,22298.8,2024-05-08,2024-05-08 15:15:00,Buy,22450.0,CE,22.75,10.0,7.8,2024-05-09 09:48:00,2024-05-09,1,Wednesday
351,2024-05-09,2024-05-09 09:30:00,Sell,22250,CE,60.05,-10,18.95,2024-05-09 10:26:00,22235.15,,,,,,,,,,2024-05-09,0,Thursday
352,2024-05-09,2024-05-09 10:15:00,Sell,22200,CE,49.55,-10,17.05,2024-05-09 11:12:00,22194.45,,,,,,,,,,2024-05-09,0,Thursday
353,2024-05-09,2024-05-09 10:30:00,Sell,22150,CE,47.7,-10,16.65,2024-05-09 12:52:00,22142.45,,,,,,,,,,2024-05-09,0,Thursday
354,2024-05-09,2024-05-09 13:00:00,Sell,22100,CE,26.45,-10,9.25,2024-05-09 14:02:00,22046.3,,,,,,,,,,2024-05-09,0,Thursday
355,2024-05-09,2024-05-09 13:00:00,Sell,22050,CE,46.8,-10,16.25,2024-05-09 14:29:00,22046.3,,,,,,,,,,2024-05-09,0,Thursday
356,2024-05-09,2024-05-09 14:45:00,Sell,22000,CE,13.2,-10,4.6,2024-05-09 15:02:00,21972.75,,,,,,,,,,2024-05-09,0,Thursday
357,2024-05-09,2024-05-09 15:15:00,Sell,21950,CE,7.0,-10,5.55,2024-05-09 15:25:00,21943.2,2024-05-09,2024-05-09 15:15:00,Buy,22000.0,CE,0.15,10.0,0.1,2024-05-09 15:25:00,2024-05-09,0,Thursday
358,2024-05-10,2024-05-10 09:30:00,Sell,22050,CE,186.65,-10,63.4,2024-05-13 10:02:00,22050.0,2024-05-10,2024-05-10 15:15:00,Buy,22300.0,CE,52.4,10.0,18.75,2024-05-13 10:02:00,2024-05-16,4,Friday
359,2024-05-10,2024-05-10 09:30:00,Sell,22050,PE,152.65,-10,52.7,2024-05-14 11:48:00,22050.0,2024-05-10,2024-05-10 15:15:00,Buy,21750.0,PE,47.65,10.0,12.0,2024-05-14 11:48:00,2024-05-16,4,Friday
360,2024-05-10,2024-05-10 10:00:00,Sell,22100,PE,138.45,-10,48.3,2024-05-14 13:46:00,22108.25,2024-05-10,2024-05-10 15:15:00,Buy,21750.0,PE,47.65,10.0,9.15,2024-05-14 13:46:00,2024-05-16,4,Friday
361,2024-05-10,2024-05-10 11:00:00,Sell,22050,CE,168.6,-10,58.75,2024-05-13 10:44:00,22027.1,2024-05-10,2024-05-10 15:15:00,Buy,22300.0,CE,52.4,10.0,16.9,2024-05-13 10:44:00,2024-05-16,4,Friday
362,2024-05-10,2024-05-10 13:00:00,Sell,22000,CE,166.65,-10,406.0,2024-05-16 15:25:00,21995.35,2024-05-10,2024-05-10 15:15:00,Buy,22300.0,CE,52.4,10.0,106.55,2024-05-16 15:25:00,2024-05-16,4,Friday
363,2024-05-10,2024-05-10 14:00:00,Sell,22050,PE,136.7,-10,47.4,2024-05-14 12:41:00,22059.7,2024-05-10,2024-05-10 15:15:00,Buy,21750.0,PE,47.65,10.0,10.65,2024-05-14 12:41:00,2024-05-16,4,Friday
364,2024-05-13,2024-05-13 09:30:00,Sell,22000,CE,131.4,-10,406.0,2024-05-16 15:25:00,21952.2,2024-05-13,2024-05-13 15:15:00,Buy,22350.0,CE,32.55,10.0,56.25,2024-05-16 15:25:00,2024-05-16,3,Monday
365,2024-05-13,2024-05-13 09:45:00,Sell,21950,CE,115.35,-10,456.15,2024-05-16 15:25:00,21856.8,2024-05-13,2024-05-13 15:15:00,Buy,22350.0,CE,32.55,10.0,56.25,2024-05-16 15:25:00,2024-05-16,3,Monday
366,2024-05-13,2024-05-13 09:45:00,Sell,21900,CE,139.0,-10,505.35,2024-05-16 15:25:00,21856.8,2024-05-13,2024-05-13 15:15:00,Buy,22350.0,CE,32.55,10.0,56.25,2024-05-16 15:25:00,2024-05-16,3,Monday
367,2024-05-13,2024-05-13 10:45:00,Sell,21850,CE,135.0,-10,554.95,2024-05-16 15:25:00,21832.75,2024-05-13,2024-05-13 15:15:00,Buy,22350.0,CE,32.55,10.0,56.25,2024-05-16 15:25:00,2024-05-16,3,Monday
368,2024-05-13,2024-05-13 11:15:00,Sell,21900,PE,129.0,-10,44.8,2024-05-13 14:00:00,21911.05,,,,,,,,,,2024-05-16,3,Monday
369,2024-05-13,2024-05-13 11:45:00,Sell,21950,PE,122.45,-10,41.5,2024-05-14 09:16:00,21962.7,2024-05-13,2024-05-13 15:15:00,Buy,21850.0,PE,37.95,10.0,26.05,2024-05-14 09:16:00,2024-05-16,3,Monday
370,2024-05-13,2024-05-13 12:30:00,Sell,22000,PE,109.55,-10,38.1,2024-05-14 12:34:00,22023.1,2024-05-13,2024-05-13 15:15:00,Buy,21850.0,PE,37.95,10.0,17.8,2024-05-14 12:34:00,2024-05-16,3,Monday
371,2024-05-13,2024-05-13 14:00:00,Sell,22050,PE,89.7,-10,30.35,2024-05-15 09:16:00,22102.6,2024-05-13,2024-05-13 15:15:00,Buy,21850.0,PE,37.95,10.0,9.6,2024-05-15 09:16:00,2024-05-16,3,Monday
372,2024-05-13,2024-05-13 14:00:00,Sell,22100,PE,110.15,-10,38.0,2024-05-15 09:15:00,22102.6,2024-05-13,2024-05-13 15:15:00,Buy,21850.0,PE,37.95,10.0,8.3,2024-05-15 09:15:00,2024-05-16,3,Monday
373,2024-05-14,2024-05-14 10:45:00,Sell,22150,PE,107.15,-10,36.75,2024-05-15 15:01:00,22155.75,2024-05-14,2024-05-14 15:15:00,Buy,22000.0,PE,28.15,10.0,10.1,2024-05-15 15:01:00,2024-05-16,2,Tuesday
374,2024-05-14,2024-05-14 13:00:00,Sell,22200,PE,86.95,-10,26.1,2024-05-16 09:15:00,22223.5,2024-05-14,2024-05-14 15:15:00,Buy,22000.0,PE,28.15,10.0,5.0,2024-05-16 09:15:00,2024-05-16,2,Tuesday
375,2024-05-14,2024-05-14 14:00:00,Sell,22250,PE,92.45,-10,30.35,2024-05-16 14:44:00,22258.65,2024-05-14,2024-05-14 15:15:00,Buy,22000.0,PE,28.15,10.0,1.9,2024-05-16 14:44:00,2024-05-16,2,Tuesday
376,2024-05-15,2024-05-15 10:15:00,Sell,22200,CE,76.5,-10,23.55,2024-05-16 11:19:00,22190.4,2024-05-15,2024-05-15 15:15:00,Buy,22350.0,CE,20.5,10.0,4.15,2024-05-16 11:19:00,2024-05-16,1,Wednesday
377,2024-05-16,2024-05-16 09:30:00,Sell,22250,PE,43.45,-10,13.05,2024-05-16 14:51:00,22310.95,,,,,,,,,,2024-05-16,0,Thursday
378,2024-05-16,2024-05-16 09:30:00,Sell,22300,PE,62.7,-10,21.55,2024-05-16 14:53:00,22310.95,,,,,,,,,,2024-05-16,0,Thursday
379,2024-05-16,2024-05-16 09:45:00,Sell,22250,CE,52.9,-10,18.0,2024-05-16 10:50:00,22239.2,,,,,,,,,,2024-05-16,0,Thursday
380,2024-05-16,2024-05-16 10:30:00,Sell,22200,CE,48.8,-10,16.45,2024-05-16 13:18:00,22186.9,,,,,,,,,,2024-05-16,0,Thursday
381,2024-05-16,2024-05-16 11:15:00,Sell,22150,CE,52.65,-10,18.25,2024-05-16 13:45:00,22146.75,,,,,,,,,,2024-05-16,0,Thursday
382,2024-05-16,2024-05-16 12:15:00,Sell,22200,PE,25.5,-10,7.95,2024-05-16 14:49:00,22291.15,,,,,,,,,,2024-05-16,0,Thursday
383,2024-05-16,2024-05-16 12:15:00,Sell,22250,PE,37.0,-10,9.05,2024-05-16 14:53:00,22291.15,,,,,,,,,,2024-05-16,0,Thursday
384,2024-05-16,2024-05-16 12:30:00,Sell,22200,CE,43.15,-10,14.4,2024-05-16 13:22:00,22177.5,,,,,,,,,,2024-05-16,0,Thursday
385,2024-05-16,2024-05-16 13:00:00,Sell,22150,CE,47.1,-10,15.35,2024-05-16 13:47:00,22141.45,,,,,,,,,,2024-05-16,0,Thursday
386,2024-05-16,2024-05-16 13:30:00,Sell,22100,CE,37.0,-10,306.2,2024-05-16 15:25:00,22073.8,2024-05-16,2024-05-16 15:15:00,Buy,22400.0,CE,3.25,10.0,6.2,2024-05-16 15:25:00,2024-05-16,0,Thursday
387,2024-05-16,2024-05-16 14:45:00,Sell,22150,PE,6.1,-10,2.05,2024-05-16 14:56:00,22243.4,,,,,,,,,,2024-05-16,0,Thursday
388,2024-05-16,2024-05-16 14:45:00,Sell,22200,PE,14.0,-10,4.1,2024-05-16 14:53:00,22243.4,,,,,,,,,,2024-05-16,0,Thursday
389,2024-05-16,2024-05-16 15:00:00,Sell,22250,PE,3.8,-10,0.95,2024-05-16 15:05:00,22361.95,,,,,,,,,,2024-05-16,0,Thursday
390,2024-05-16,2024-05-16 15:00:00,Sell,22300,PE,8.45,-10,2.3,2024-05-16 15:04:00,22361.95,,,,,,,,,,2024-05-16,0,Thursday
391,2024-05-16,2024-05-16 15:00:00,Sell,22350,PE,20.15,-10,3.3,2024-05-16 15:05:00,22361.95,,,,,,,,,,2024-05-16,0,Thursday
392,2024-05-16,2024-05-16 15:15:00,Sell,22400,PE,4.95,-10,1.25,2024-05-16 15:17:00,22403.45,2024-05-16,2024-05-16 15:15:00,Buy,22400.0,PE,4.95,10.0,1.25,2024-05-16 15:17:00,2024-05-16,0,Thursday
393,2024-05-17,2024-05-17 09:30:00,Sell,22400,CE,149.85,-10,569.5,2024-05-23 15:25:00,22400.0,2024-05-17,2024-05-17 15:15:00,Buy,22700.0,CE,41.95,10.0,269.25,2024-05-23 15:25:00,2024-05-23,4,Friday
394,2024-05-17,2024-05-17 09:30:00,Sell,22400,PE,153.65,-10,48.05,2024-05-21 11:57:00,22400.0,2024-05-17,2024-05-17 15:15:00,Buy,22200.0,PE,46.95,10.0,17.95,2024-05-21 11:57:00,2024-05-23,4,Friday
395,2024-05-17,2024-05-17 10:45:00,Sell,22450,PE,145.8,-10,49.6,2024-05-21 13:00:00,22457.95,2024-05-17,2024-05-17 15:15:00,Buy,22200.0,PE,46.95,10.0,15.1,2024-05-21 13:00:00,2024-05-23,4,Friday
396,2024-05-21,2024-05-21 11:15:00,Sell,22500,PE,102.6,-10,35.85,2024-05-22 14:34:00,22503.8,2024-05-21,2024-05-21 15:15:00,Buy,22300.0,PE,32.35,10.0,22.4,2024-05-22 14:34:00,2024-05-23,2,Tuesday
397,2024-05-21,2024-05-21 12:45:00,Sell,22550,PE,94.2,-10,32.9,2024-05-23 09:37:00,22553.45,2024-05-21,2024-05-21 15:15:00,Buy,22300.0,PE,32.35,10.0,5.2,2024-05-23 09:37:00,2024-05-23,2,Tuesday
398,2024-05-23,2024-05-23 09:45:00,Sell,22600,PE,38.2,-10,12.4,2024-05-23 11:57:00,22679.6,,,,,,,,,,2024-05-23,0,Thursday
399,2024-05-23,2024-05-23 09:45:00,Sell,22650,PE,54.35,-10,19.0,2024-05-23 12:18:00,22679.6,,,,,,,,,,2024-05-23,0,Thursday
400,2024-05-23,2024-05-23 11:30:00,Sell,22700,PE,50.2,-10,14.75,2024-05-23 12:58:00,22709.9,,,,,,,,,,2024-05-23,0,Thursday
401,2024-05-23,2024-05-23 12:00:00,Sell,22750,PE,52.8,-10,17.6,2024-05-23 13:26:00,22760.5,,,,,,,,,,2024-05-23,0,Thursday
402,2024-05-23,2024-05-23 12:45:00,Sell,22800,PE,49.15,-10,17.1,2024-05-23 14:02:00,22830.5,,,,,,,,,,2024-05-23,0,Thursday
403,2024-05-23,2024-05-23 14:00:00,Sell,22850,PE,41.65,-10,13.75,2024-05-23 14:19:00,22857.9,,,,,,,,,,2024-05-23,0,Thursday
404,2024-05-23,2024-05-23 14:15:00,Sell,22900,PE,34.1,-10,6.15,2024-05-23 15:01:00,22913.2,,,,,,,,,,2024-05-23,0,Thursday
405,2024-05-23,2024-05-23 15:15:00,Sell,22950,PE,0.5,-10,0.1,2024-05-23 15:18:00,22978.65,2024-05-23,2024-05-23 15:15:00,Buy,22350.0,PE,0.15,10.0,0.05,2024-05-23 15:18:00,2024-05-23,0,Thursday
406,2024-05-24,2024-05-24 09:30:00,Sell,23000,CE,184.4,-10,49.75,2024-05-29 09:15:00,23000.0,2024-05-24,2024-05-24 15:15:00,Buy,23300.0,CE,47.6,10.0,7.7,2024-05-29 09:15:00,2024-05-30,4,Friday
407,2024-05-24,2024-05-24 09:30:00,Sell,23000,PE,164.5,-10,510.25,2024-05-30 15:25:00,23000.0,2024-05-24,2024-05-24 15:15:00,Buy,22700.0,PE,52.35,10.0,209.8,2024-05-30 15:25:00,2024-05-30,4,Friday
408,2024-05-24,2024-05-24 10:00:00,Sell,22950,CE,183.35,-10,57.95,2024-05-29 09:17:00,22944.85,2024-05-24,2024-05-24 15:15:00,Buy,23300.0,CE,47.6,10.0,6.85,2024-05-29 09:17:00,2024-05-30,4,Friday
409,2024-05-24,2024-05-24 13:00:00,Sell,23000,PE,136.75,-10,510.25,2024-05-30 15:25:00,23001.65,2024-05-24,2024-05-24 15:15:00,Buy,22700.0,PE,52.35,10.0,209.8,2024-05-30 15:25:00,2024-05-30,4,Friday
410,2024-05-27,2024-05-27 12:00:00,Sell,23050,PE,94.85,-10,560.55,2024-05-30 15:25:00,23068.3,2024-05-27,2024-05-27 15:15:00,Buy,22650.0,PE,36.3,10.0,160.45,2024-05-30 15:25:00,2024-05-30,3,Monday
411,2024-05-27,2024-05-27 12:45:00,Sell,23100,PE,112.0,-10,611.25,2024-05-30 15:25:00,23100.6,2024-05-27,2024-05-27 15:15:00,Buy,22650.0,PE,36.3,10.0,160.45,2024-05-30 15:25:00,2024-05-30,3,Monday
412,2024-05-27,2024-05-27 14:45:00,Sell,23050,CE,153.95,-10,35.95,2024-05-29 09:15:00,23016.55,2024-05-27,2024-05-27 15:15:00,Buy,23250.0,CE,40.55,10.0,12.0,2024-05-29 09:15:00,2024-05-30,3,Monday
413,2024-05-27,2024-05-27 15:00:00,Sell,23000,CE,119.15,-10,40.25,2024-05-29 09:18:00,22922.65,2024-05-27,2024-05-27 15:15:00,Buy,23250.0,CE,40.55,10.0,8.95,2024-05-29 09:18:00,2024-05-30,3,Monday
414,2024-05-27,2024-05-27 15:00:00,Sell,22950,CE,145.8,-10,45.45,2024-05-29 09:49:00,22922.65,2024-05-27,2024-05-27 15:15:00,Buy,23250.0,CE,40.55,10.0,7.4,2024-05-29 09:49:00,2024-05-30,3,Monday
415,2024-05-28,2024-05-28 15:00:00,Sell,22900,CE,130.55,-10,45.6,2024-05-29 10:24:00,22895.3,2024-05-28,2024-05-28 15:15:00,Buy,23150.0,CE,35.6,10.0,9.95,2024-05-29 10:24:00,2024-05-30,2,Tuesday
416,2024-05-29,2024-05-29 09:30:00,Sell,22850,CE,93.85,-10,20.0,2024-05-30 09:15:00,22798.55,2024-05-29,2024-05-29 15:15:00,Buy,22900.0,CE,26.95,10.0,15.95,2024-05-30 09:15:00,2024-05-30,1,Wednesday
417,2024-05-29,2024-05-29 09:30:00,Sell,22800,CE,122.0,-10,33.3,2024-05-30 09:15:00,22798.55,2024-05-29,2024-05-29 15:15:00,Buy,22900.0,CE,26.95,10.0,15.95,2024-05-30 09:15:00,2024-05-30,1,Wednesday
418,2024-05-29,2024-05-29 10:30:00,Sell,22750,CE,106.4,-10,32.5,2024-05-30 09:16:00,22733.4,2024-05-29,2024-05-29 15:15:00,Buy,22900.0,CE,26.95,10.0,10.1,2024-05-30 09:16:00,2024-05-30,1,Wednesday
419,2024-05-30,2024-05-30 09:30:00,Sell,22700,CE,52.3,-10,15.4,2024-05-30 10:14:00,22641.75,,,,,,,,,,2024-05-30,0,Thursday
420,2024-05-30,2024-05-30 09:30:00,Sell,22650,CE,72.25,-10,23.45,2024-05-30 10:14:00,22641.75,,,,,,,,,,2024-05-30,0,Thursday
421,2024-05-30,2024-05-30 10:00:00,Sell,22600,CE,60.85,-10,17.85,2024-05-30 13:18:00,22590.8,,,,,,,,,,2024-05-30,0,Thursday
422,2024-05-30,2024-05-30 11:45:00,Sell,22550,CE,47.0,-10,14.85,2024-05-30 14:26:00,22546.6,,,,,,,,,,2024-05-30,0,Thursday
423,2024-05-30,2024-05-30 14:45:00,Sell,22500,CE,12.9,-10,3.7,2024-05-30 14:59:00,22464.65,,,,,,,,,,2024-05-30,0,Thursday
424,2024-05-30,2024-05-30 15:00:00,Sell,22450,CE,12.6,-10,39.6,2024-05-30 15:25:00,22421.3,2024-05-30,2024-05-30 15:15:00,Buy,22500.0,CE,0.95,10.0,0.15,2024-05-30 15:25:00,2024-05-30,0,Thursday
0,2023-09-29,2023-09-29 09:30:00,Sell,19550,CE,127.5,-10,26.0,2023-10-04 09:15:00,19550.0,2023-09-29,2023-09-29 15:15:00,Buy,19800.0,CE,25.8,10.0,3.0,2023-10-04 09:15:00,2023-10-05,4,Friday
1,2023-09-29,2023-09-29 09:30:00,Sell,19550,PE,84.1,-10,28.0,2023-09-29 14:02:00,19550.0,,,,,,,,,,2023-10-05,4,Friday
2,2023-09-29,2023-09-29 11:15:00,Sell,19600,PE,73.05,-10,53.9,2023-10-05 15:25:00,19607.75,2023-09-29,2023-09-29 15:15:00,Buy,19450.0,PE,26.7,10.0,0.05,2023-10-05 15:25:00,2023-10-05,4,Friday
3,2023-09-29,2023-09-29 11:45:00,Sell,19650,PE,66.2,-10,103.85,2023-10-05 15:25:00,19665.75,2023-09-29,2023-09-29 15:15:00,Buy,19450.0,PE,26.7,10.0,0.05,2023-10-05 15:25:00,2023-10-05,4,Friday
4,2023-09-29,2023-09-29 14:00:00,Sell,19700,PE,75.6,-10,154.1,2023-10-05 15:25:00,19700.3,2023-09-29,2023-09-29 15:15:00,Buy,19450.0,PE,26.7,10.0,0.05,2023-10-05 15:25:00,2023-10-05,4,Friday
5,2023-09-29,2023-09-29 15:15:00,Sell,19650,CE,80.65,-10,27.65,2023-10-03 09:41:00,19624.35,2023-09-29,2023-09-29 15:15:00,Buy,19800.0,CE,25.8,10.0,8.4,2023-10-03 09:41:00,2023-10-05,4,Friday
6,2023-10-03,2023-10-03 09:30:00,Sell,19600,CE,51.15,-10,12.3,2023-10-04 09:15:00,19530.25,2023-10-03,2023-10-03 15:15:00,Buy,19650.0,CE,24.4,10.0,10.0,2023-10-04 09:15:00,2023-10-05,2,Tuesday
7,2023-10-03,2023-10-03 09:30:00,Sell,19550,CE,72.8,-10,16.15,2023-10-04 09:16:00,19530.25,2023-10-03,2023-10-03 15:15:00,Buy,19650.0,CE,24.4,10.0,6.5,2023-10-04 09:16:00,2023-10-05,2,Tuesday
8,2023-10-03,2023-10-03 10:15:00,Sell,19500,CE,77.75,-10,26.9,2023-10-04 09:16:00,19489.25,2023-10-03,2023-10-03 15:15:00,Buy,19650.0,CE,24.4,10.0,6.5,2023-10-04 09:16:00,2023-10-05,2,Tuesday
9,2023-10-03,2023-10-03 13:15:00,Sell,19550,PE,63.4,-10,19.3,2023-10-05 10:51:00,19550.9,2023-10-03,2023-10-03 15:15:00,Buy,19400.0,PE,21.85,10.0,1.8,2023-10-05 10:51:00,2023-10-05,2,Tuesday
10,2023-10-04,2023-10-04 09:30:00,Sell,19500,CE,22.75,-10,46.3,2023-10-05 15:25:00,19393.35,2023-10-04,2023-10-04 15:15:00,Buy,19550.0,CE,11.3,10.0,6.75,2023-10-05 15:25:00,2023-10-05,1,Wednesday
11,2023-10-04,2023-10-04 09:30:00,Sell,19450,CE,36.85,-10,96.15,2023-10-05 15:25:00,19393.35,2023-10-04,2023-10-04 15:15:00,Buy,19550.0,CE,11.3,10.0,6.75,2023-10-05 15:25:00,2023-10-05,1,Wednesday
12,2023-10-04,2023-10-04 09:30:00,Sell,19400,CE,58.15,-10,146.5,2023-10-05 15:25:00,19393.35,2023-10-04,2023-10-04 15:15:00,Buy,19550.0,CE,11.3,10.0,6.75,2023-10-05 15:25:00,2023-10-05,1,Wednesday
13,2023-10-05,2023-10-05 09:30:00,Sell,19450,PE,7.8,-10,2.55,2023-10-05 10:57:00,19523.75,,,,,,,,,,2023-10-05,0,Thursday
14,2023-10-05,2023-10-05 09:30:00,Sell,19500,PE,19.9,-10,6.85,2023-10-05 10:53:00,19523.75,,,,,,,,,,2023-10-05,0,Thursday
15,2023-10-05,2023-10-05 11:00:00,Sell,19550,PE,12.2,-10,3.85,2023-10-05 14:56:00,19560.6,,,,,,,,,,2023-10-05,0,Thursday
16,2023-10-06,2023-10-06 09:30:00,Sell,19600,CE,98.1,-10,195.35,2023-10-12 15:25:00,19600.0,2023-10-06,2023-10-06 15:15:00,Buy,19800.0,CE,32.5,10.0,2.65,2023-10-12 15:25:00,2023-10-12,4,Friday
17,2023-10-06,2023-10-06 09:30:00,Sell,19600,PE,90.45,-10,30.0,2023-10-11 09:15:00,19600.0,2023-10-06,2023-10-06 15:15:00,Buy,19450.0,PE,23.15,10.0,11.4,2023-10-11 09:15:00,2023-10-12,4,Friday
18,2023-10-06,2023-10-06 11:00:00,Sell,19650,PE,82.8,-10,21.6,2023-10-11 09:16:00,19651.35,2023-10-06,2023-10-06 15:15:00,Buy,19450.0,PE,23.15,10.0,5.85,2023-10-11 09:16:00,2023-10-12,4,Friday
19,2023-10-09,2023-10-09 09:30:00,Sell,19600,CE,53.4,-10,195.35,2023-10-12 15:25:00,19507.35,2023-10-09,2023-10-09 15:15:00,Buy,19700.0,CE,23.1,10.0,95.8,2023-10-12 15:25:00,2023-10-12,3,Monday
20,2023-10-09,2023-10-09 09:30:00,Sell,19550,CE,74.7,-10,245.2,2023-10-12 15:25:00,19507.35,2023-10-09,2023-10-09 15:15:00,Buy,19700.0,CE,23.1,10.0,95.8,2023-10-12 15:25:00,2023-10-12,3,Monday
21,2023-10-10,2023-10-10 10:15:00,Sell,19600,PE,58.0,-10,15.3,2023-10-11 09:16:00,19617.7,2023-10-10,2023-10-10 15:15:00,Buy,19500.0,PE,22.0,10.0,7.7,2023-10-11 09:16:00,2023-10-12,2,Tuesday
22,2023-10-10,2023-10-10 12:15:00,Sell,19650,PE,69.45,-10,21.6,2023-10-11 09:16:00,19652.45,2023-10-10,2023-10-10 15:15:00,Buy,19500.0,PE,22.0,10.0,7.7,2023-10-11 09:16:00,2023-10-12,2,Tuesday
23,2023-10-10,2023-10-10 13:45:00,Sell,19700,PE,70.8,-10,24.65,2023-10-11 09:37:00,19700.75,2023-10-10,2023-10-10 15:15:00,Buy,19500.0,PE,22.0,10.0,7.05,2023-10-11 09:37:00,2023-10-12,2,Tuesday
24,2023-10-11,2023-10-11 09:30:00,Sell,19750,PE,40.25,-10,9.8,2023-10-12 09:16:00,19800.8,2023-10-11,2023-10-11 15:15:00,Buy,19700.0,PE,16.05,10.0,4.5,2023-10-12 09:16:00,2023-10-12,1,Wednesday
25,2023-10-11,2023-10-11 09:30:00,Sell,19800,PE,60.0,-10,19.8,2023-10-12 09:17:00,19800.8,2023-10-11,2023-10-11 15:15:00,Buy,19700.0,PE,16.05,10.0,4.15,2023-10-12 09:17:00,2023-10-12,1,Wednesday
26,2023-10-13,2023-10-13 09:30:00,Sell,19700,CE,114.75,-10,38.5,2023-10-18 15:11:00,19700.0,2023-10-13,2023-10-13 15:15:00,Buy,19950.0,CE,24.1,10.0,1.7,2023-10-18 15:11:00,2023-10-19,4,Friday
27,2023-10-13,2023-10-13 09:30:00,Sell,19700,PE,90.1,-10,28.25,2023-10-17 09:16:00,19700.0,2023-10-13,2023-10-13 15:15:00,Buy,19500.0,PE,25.2,10.0,5.85,2023-10-17 09:16:00,2023-10-19,4,Friday
28,2023-10-13,2023-10-13 13:45:00,Sell,19750,PE,87.4,-10,29.4,2023-10-17 10:52:00,19751.75,2023-10-13,2023-10-13 15:15:00,Buy,19500.0,PE,25.2,10.0,4.65,2023-10-17 10:52:00,2023-10-19,4,Friday
29,2023-10-13,2023-10-13 14:30:00,Sell,19800,PE,89.7,-10,174.05,2023-10-19 15:25:00,19801.9,2023-10-13,2023-10-13 15:15:00,Buy,19500.0,PE,25.2,10.0,0.1,2023-10-19 15:25:00,2023-10-19,4,Friday
30,2023-10-16,2023-10-16 09:30:00,Sell,19750,CE,68.8,-10,21.55,2023-10-18 15:11:00,19721.8,2023-10-16,2023-10-16 15:15:00,Buy,19950.0,CE,16.8,10.0,1.7,2023-10-18 15:11:00,2023-10-19,3,Monday
31,2023-10-17,2023-10-17 09:30:00,Sell,19800,PE,56.15,-10,174.05,2023-10-19 15:25:00,19818.35,2023-10-17,2023-10-17 15:15:00,Buy,19650.0,PE,17.6,10.0,24.25,2023-10-19 15:25:00,2023-10-19,2,Tuesday
32,2023-10-18,2023-10-18 11:15:00,Sell,19750,CE,54.75,-10,18.9,2023-10-18 15:26:00,19724.9,2023-10-18,2023-10-18 15:15:00,Buy,19750.0,CE,23.65,10.0,18.9,2023-10-18 15:26:00,2023-10-19,1,Wednesday
33,2023-10-18,2023-10-18 12:00:00,Sell,19700,CE,67.55,-10,10.0,2023-10-19 09:15:00,19697.35,2023-10-18,2023-10-18 15:15:00,Buy,19750.0,CE,23.65,10.0,5.0,2023-10-19 09:15:00,2023-10-19,1,Wednesday
34,2023-10-19,2023-10-19 09:30:00,Sell,19650,CE,5.95,-10,1.4,2023-10-19 15:01:00,19554.3,,,,,,,,,,2023-10-19,0,Thursday
35,2023-10-19,2023-10-19 09:30:00,Sell,19600,CE,15.25,-10,26.05,2023-10-19 15:25:00,19554.3,2023-10-19,2023-10-19 15:15:00,Buy,19650.0,CE,0.1,10.0,0.05,2023-10-19 15:25:00,2023-10-19,0,Thursday
36,2023-10-19,2023-10-19 09:45:00,Sell,19550,CE,33.2,-10,76.2,2023-10-19 15:25:00,19541.6,2023-10-19,2023-10-19 15:15:00,Buy,19650.0,CE,0.1,10.0,0.05,2023-10-19 15:25:00,2023-10-19,0,Thursday
37,2023-10-19,2023-10-19 11:30:00,Sell,19600,PE,8.55,-10,2.85,2023-10-19 13:32:00,19640.9,,,,,,,,,,2023-10-19,0,Thursday
38,2023-10-19,2023-10-19 12:15:00,Sell,19650,PE,13.7,-10,3.55,2023-10-19 14:05:00,19660.8,,,,,,,,,,2023-10-19,0,Thursday
39,2023-10-20,2023-10-20 09:30:00,Sell,19600,CE,79.75,-10,27.65,2023-10-23 11:26:00,19600.0,2023-10-20,2023-10-20 15:15:00,Buy,19700.0,CE,34.1,10.0,12.4,2023-10-23 11:26:00,2023-10-26,4,Friday
40,2023-10-20,2023-10-20 09:30:00,Sell,19600,PE,118.15,-10,743.2,2023-10-26 15:25:00,19600.0,2023-10-20,2023-10-20 15:15:00,Buy,19300.0,PE,25.15,10.0,442.65,2023-10-26 15:25:00,2023-10-26,4,Friday
41,2023-10-20,2023-10-20 11:00:00,Sell,19550,CE,94.95,-10,32.2,2023-10-23 13:03:00,19549.15,2023-10-20,2023-10-20 15:15:00,Buy,19700.0,CE,34.1,10.0,9.85,2023-10-23 13:03:00,2023-10-26,4,Friday
42,2023-10-23,2023-10-23 10:15:00,Sell,19500,CE,69.45,-10,24.2,2023-10-23 14:59:00,19485.2,,,,,,,,,,2023-10-26,3,Monday
43,2023-10-23,2023-10-23 13:15:00,Sell,19450,CE,65.15,-10,22.65,2023-10-23 15:22:00,19432.25,2023-10-23,2023-10-23 15:15:00,Buy,19500.0,CE,17.2,10.0,15.8,2023-10-23 15:22:00,2023-10-26,3,Monday
44,2023-10-23,2023-10-23 14:45:00,Sell,19400,CE,65.35,-10,21.6,2023-10-25 10:50:00,19391.1,2023-10-23,2023-10-23 15:15:00,Buy,19500.0,CE,17.2,10.0,8.15,2023-10-25 10:50:00,2023-10-26,3,Monday
45,2023-10-23,2023-10-23 15:00:00,Sell,19350,CE,71.4,-10,24.05,2023-10-25 11:33:00,19341.75,2023-10-23,2023-10-23 15:15:00,Buy,19500.0,CE,17.2,10.0,5.75,2023-10-25 11:33:00,2023-10-26,3,Monday
46,2023-10-23,2023-10-23 15:15:00,Sell,19300,CE,68.05,-10,23.25,2023-10-25 12:35:00,19273.55,2023-10-23,2023-10-23 15:15:00,Buy,19500.0,CE,17.2,10.0,4.3,2023-10-25 12:35:00,2023-10-26,3,Monday
47,2023-10-25,2023-10-25 11:45:00,Sell,19250,CE,49.45,-10,15.6,2023-10-25 13:15:00,19212.55,,,,,,,,,,2023-10-26,1,Wednesday
48,2023-10-25,2023-10-25 12:45:00,Sell,19200,CE,45.5,-10,14.9,2023-10-26 09:15:00,19143.45,2023-10-25,2023-10-25 15:15:00,Buy,19250.0,CE,17.5,10.0,7.9,2023-10-26 09:15:00,2023-10-26,1,Wednesday
49,2023-10-25,2023-10-25 12:45:00,Sell,19150,CE,68.15,-10,16.0,2023-10-26 09:15:00,19143.45,2023-10-25,2023-10-25 15:15:00,Buy,19250.0,CE,17.5,10.0,7.9,2023-10-26 09:15:00,2023-10-26,1,Wednesday
50,2023-10-25,2023-10-25 13:00:00,Sell,19100,CE,68.95,-10,18.25,2023-10-26 09:16:00,19090.8,2023-10-25,2023-10-25 15:15:00,Buy,19250.0,CE,17.5,10.0,2.8,2023-10-26 09:16:00,2023-10-26,1,Wednesday
51,2023-10-25,2023-10-25 14:00:00,Sell,19150,PE,69.45,-10,291.4,2023-10-26 15:25:00,19154.35,2023-10-25,2023-10-25 15:15:00,Buy,19000.0,PE,21.65,10.0,142.05,2023-10-26 15:25:00,2023-10-26,1,Wednesday
52,2023-10-26,2023-10-26 09:30:00,Sell,19100,CE,9.9,-10,3.3,2023-10-26 11:25:00,18959.95,,,,,,,,,,2023-10-26,0,Thursday
53,2023-10-26,2023-10-26 09:30:00,Sell,19050,CE,18.05,-10,6.2,2023-10-26 10:57:00,18959.95,,,,,,,,,,2023-10-26,0,Thursday
54,2023-10-26,2023-10-26 09:30:00,Sell,19000,CE,32.75,-10,11.05,2023-10-26 10:21:00,18959.95,,,,,,,,,,2023-10-26,0,Thursday
55,2023-10-26,2023-10-26 09:45:00,Sell,18950,CE,37.0,-10,11.9,2023-10-26 10:58:00,18932.9,,,,,,,,,,2023-10-26,0,Thursday
56,2023-10-26,2023-10-26 10:30:00,Sell,18900,CE,28.2,-10,8.65,2023-10-26 13:26:00,18890.5,,,,,,,,,,2023-10-26,0,Thursday
57,2023-10-27,2023-10-27 09:30:00,Sell,18950,CE,139.0,-10,183.45,2023-11-02 15:25:00,18950.0,2023-10-27,2023-10-27 15:15:00,Buy,19250.0,CE,34.65,10.0,21.7,2023-11-02 15:25:00,2023-11-02,4,Friday
58,2023-10-27,2023-10-27 09:30:00,Sell,18950,PE,110.1,-10,36.4,2023-10-30 11:30:00,18950.0,2023-10-27,2023-10-27 15:15:00,Buy,18800.0,PE,33.0,10.0,16.9,2023-10-30 11:30:00,2023-11-02,4,Friday
59,2023-10-27,2023-10-27 10:00:00,Sell,19000,PE,110.05,-10,38.35,2023-10-30 13:24:00,19001.6,2023-10-27,2023-10-27 15:15:00,Buy,18800.0,PE,33.0,10.0,13.5,2023-10-30 13:24:00,2023-11-02,4,Friday
60,2023-10-27,2023-10-27 12:00:00,Sell,19050,PE,105.0,-10,30.0,2023-10-31 09:15:00,19051.25,2023-10-27,2023-10-27 15:15:00,Buy,18800.0,PE,33.0,10.0,7.0,2023-10-31 09:15:00,2023-11-02,4,Friday
61,2023-10-30,2023-10-30 09:45:00,Sell,19000,CE,78.8,-10,133.65,2023-11-02 15:25:00,18947.15,2023-10-30,2023-10-30 15:15:00,Buy,19300.0,CE,32.0,10.0,13.45,2023-11-02 15:25:00,2023-11-02,3,Monday
62,2023-10-30,2023-10-30 09:45:00,Sell,18950,CE,104.15,-10,183.45,2023-11-02 15:25:00,18947.15,2023-10-30,2023-10-30 15:15:00,Buy,19300.0,CE,32.0,10.0,13.45,2023-11-02 15:25:00,2023-11-02,3,Monday
63,2023-10-30,2023-10-30 10:15:00,Sell,19000,PE,87.5,-10,30.1,2023-10-30 15:30:00,19010.45,2023-10-30,2023-10-30 15:15:00,Buy,18950.0,PE,26.2,10.0,23.0,2023-10-30 15:30:00,2023-11-02,3,Monday
64,2023-10-30,2023-10-30 10:30:00,Sell,19050,PE,85.7,-10,29.85,2023-10-31 14:30:00,19057.65,2023-10-30,2023-10-30 15:15:00,Buy,18950.0,PE,26.2,10.0,14.1,2023-10-31 14:30:00,2023-11-02,3,Monday
65,2023-10-30,2023-10-30 11:30:00,Sell,19100,PE,81.15,-10,25.05,2023-11-02 09:16:00,19104.85,2023-10-30,2023-10-30 15:15:00,Buy,18950.0,PE,26.2,10.0,26.85,2023-11-02 09:16:00,2023-11-02,3,Monday
66,2023-10-31,2023-10-31 09:30:00,Sell,19150,PE,78.95,-10,27.5,2023-11-02 09:40:00,19157.75,2023-10-31,2023-10-31 15:15:00,Buy,18950.0,PE,24.7,10.0,26.85,2023-11-02 09:40:00,2023-11-02,2,Tuesday
67,2023-10-31,2023-10-31 10:45:00,Sell,19100,CE,70.8,-10,23.35,2023-11-01 13:12:00,19065.9,2023-10-31,2023-10-31 15:15:00,Buy,19250.0,CE,24.05,10.0,21.7,2023-11-01 13:12:00,2023-11-02,2,Tuesday
68,2023-11-01,2023-11-01 10:00:00,Sell,19050,CE,63.5,-10,83.8,2023-11-02 15:25:00,19037.3,2023-11-01,2023-11-01 15:15:00,Buy,19100.0,CE,16.15,10.0,33.85,2023-11-02 15:25:00,2023-11-02,1,Wednesday
69,2023-11-01,2023-11-01 15:15:00,Sell,19000,CE,49.85,-10,133.65,2023-11-02 15:25:00,18990.4,2023-11-01,2023-11-01 15:15:00,Buy,19100.0,CE,16.15,10.0,33.85,2023-11-02 15:25:00,2023-11-02,1,Wednesday
70,2023-11-02,2023-11-02 09:30:00,Sell,19050,PE,6.65,-10,2.15,2023-11-02 13:40:00,19159.85,,,,,,,,,,2023-11-02,0,Thursday
71,2023-11-02,2023-11-02 09:30:00,Sell,19100,PE,16.25,-10,4.6,2023-11-02 13:52:00,19159.85,,,,,,,,,,2023-11-02,0,Thursday
72,2023-11-02,2023-11-02 09:30:00,Sell,19150,PE,35.0,-10,16.45,2023-11-02 15:25:00,19159.85,2023-11-02,2023-11-02 15:15:00,Buy,19100.0,PE,0.15,10.0,0.1,2023-11-02 15:25:00,2023-11-02,0,Thursday
73,2023-11-02,2023-11-02 11:45:00,Sell,19100,CE,11.0,-10,33.85,2023-11-02 15:25:00,19087.95,2023-11-02,2023-11-02 15:15:00,Buy,19150.0,CE,0.15,10.0,0.05,2023-11-02 15:25:00,2023-11-02,0,Thursday
74,2023-11-03,2023-11-03 09:30:00,Sell,19250,CE,120.95,-10,146.2,2023-11-09 15:25:00,19250.0,2023-11-03,2023-11-03 15:15:00,Buy,19400.0,CE,32.15,10.0,0.15,2023-11-09 15:25:00,2023-11-09,4,Friday
75,2023-11-03,2023-11-03 09:30:00,Sell,19250,PE,74.5,-10,24.8,2023-11-06 14:15:00,19250.0,2023-11-03,2023-11-03 15:15:00,Buy,19050.0,PE,30.8,10.0,6.55,2023-11-06 14:15:00,2023-11-09,4,Friday
76,2023-11-06,2023-11-06 09:30:00,Sell,19300,PE,48.7,-10,14.0,2023-11-08 09:15:00,19341.25,2023-11-06,2023-11-06 15:15:00,Buy,19250.0,PE,19.95,10.0,9.0,2023-11-08 09:15:00,2023-11-09,3,Monday
77,2023-11-06,2023-11-06 10:15:00,Sell,19350,PE,63.95,-10,22.0,2023-11-08 09:30:00,19355.25,2023-11-06,2023-11-06 15:15:00,Buy,19250.0,PE,19.95,10.0,7.8,2023-11-08 09:30:00,2023-11-09,3,Monday
78,2023-11-06,2023-11-06 15:15:00,Sell,19400,PE,59.5,-10,20.0,2023-11-09 09:15:00,19417.15,2023-11-06,2023-11-06 15:15:00,Buy,19250.0,PE,19.95,10.0,1.9,2023-11-09 09:15:00,2023-11-09,3,Monday
79,2023-11-07,2023-11-07 12:00:00,Sell,19350,CE,63.5,-10,46.6,2023-11-09 15:25:00,19345.95,2023-11-07,2023-11-07 15:15:00,Buy,19550.0,CE,14.05,10.0,0.05,2023-11-09 15:25:00,2023-11-09,2,Tuesday
80,2023-11-07,2023-11-07 14:15:00,Sell,19400,PE,54.4,-10,18.45,2023-11-09 09:28:00,19400.9,2023-11-07,2023-11-07 15:15:00,Buy,19250.0,PE,15.35,10.0,1.35,2023-11-09 09:28:00,2023-11-09,2,Tuesday
81,2023-11-08,2023-11-08 13:30:00,Sell,19450,PE,47.75,-10,53.55,2023-11-09 15:25:00,19453.2,2023-11-08,2023-11-08 15:15:00,Buy,19350.0,PE,13.4,10.0,0.05,2023-11-09 15:25:00,2023-11-09,1,Wednesday
82,2023-11-09,2023-11-09 14:45:00,Sell,19400,CE,10.15,-10,3.45,2023-11-09 15:01:00,19395.3,,,,,,,,,,2023-11-09,0,Thursday
83,2023-11-10,2023-11-10 09:30:00,Sell,19350,CE,92.1,-10,413.85,2023-11-16 15:25:00,19350.0,2023-11-10,2023-11-10 15:15:00,Buy,19600.0,CE,22.75,10.0,164.0,2023-11-16 15:25:00,2023-11-16,4,Friday
84,2023-11-10,2023-11-10 09:30:00,Sell,19350,PE,84.75,-10,21.55,2023-11-13 09:15:00,19350.0,2023-11-10,2023-11-10 15:15:00,Buy,19250.0,PE,24.5,10.0,11.0,2023-11-13 09:15:00,2023-11-16,4,Friday
85,2023-11-10,2023-11-10 13:45:00,Sell,19400,PE,70.05,-10,15.0,2023-11-15 09:15:00,19408.6,2023-11-10,2023-11-10 15:15:00,Buy,19250.0,PE,24.5,10.0,6.95,2023-11-15 09:15:00,2023-11-16,4,Friday
86,2023-11-13,2023-11-13 10:00:00,Sell,19450,PE,60.5,-10,18.0,2023-11-15 09:15:00,19463.1,2023-11-13,2023-11-13 15:15:00,Buy,19300.0,PE,15.2,10.0,7.0,2023-11-15 09:15:00,2023-11-16,3,Monday
87,2023-11-15,2023-11-15 09:30:00,Sell,19500,PE,12.15,-10,4.05,2023-11-15 15:23:00,19628.5,2023-11-15,2023-11-15 15:15:00,Buy,19550.0,PE,8.55,10.0,7.45,2023-11-15 15:23:00,2023-11-16,1,Wednesday
88,2023-11-15,2023-11-15 09:30:00,Sell,19550,PE,20.9,-10,7.15,2023-11-15 14:37:00,19628.5,,,,,,,,,,2023-11-16,1,Wednesday
89,2023-11-15,2023-11-15 09:30:00,Sell,19600,PE,36.2,-10,12.5,2023-11-15 14:37:00,19628.5,,,,,,,,,,2023-11-16,1,Wednesday
90,2023-11-15,2023-11-15 13:15:00,Sell,19650,PE,38.95,-10,12.7,2023-11-16 09:40:00,19651.95,2023-11-15,2023-11-15 15:15:00,Buy,19550.0,PE,8.55,10.0,2.45,2023-11-16 09:40:00,2023-11-16,1,Wednesday
91,2023-11-16,2023-11-16 10:15:00,Sell,19700,PE,14.8,-10,4.75,2023-11-16 11:10:00,19715.2,,,,,,,,,,2023-11-16,0,Thursday
92,2023-11-16,2023-11-16 11:15:00,Sell,19750,PE,9.65,-10,3.25,2023-11-16 12:42:00,19798.5,,,,,,,,,,2023-11-16,0,Thursday
93,2023-11-16,2023-11-16 12:15:00,Sell,19800,PE,14.0,-10,4.2,2023-11-16 14:07:00,19800.9,,,,,,,,,,2023-11-16,0,Thursday
94,2023-11-16,2023-11-16 14:45:00,Sell,19850,PE,3.5,-10,86.65,2023-11-16 15:25:00,19858.85,2023-11-16,2023-11-16 15:15:00,Buy,19650.0,PE,0.65,10.0,0.1,2023-11-16 15:25:00,2023-11-16,0,Thursday
95,2023-11-16,2023-11-16 15:15:00,Sell,19800,CE,0.15,-10,0.1,2023-11-16 15:25:00,19728.85,2023-11-16,2023-11-16 15:15:00,Buy,19850.0,CE,0.2,10.0,0.1,2023-11-16 15:25:00,2023-11-16,0,Thursday
96,2023-11-16,2023-11-16 15:15:00,Sell,19750,CE,5.8,-10,14.05,2023-11-16 15:25:00,19728.85,2023-11-16,2023-11-16 15:15:00,Buy,19850.0,CE,0.2,10.0,0.1,2023-11-16 15:25:00,2023-11-16,0,Thursday
97,2023-11-17,2023-11-17 09:30:00,Sell,19750,CE,115.4,-10,38.95,2023-11-22 12:27:00,19750.0,2023-11-17,2023-11-17 15:15:00,Buy,19950.0,CE,33.1,10.0,5.8,2023-11-22 12:27:00,2023-11-23,4,Friday
98,2023-11-17,2023-11-17 09:30:00,Sell,19750,PE,82.1,-10,28.5,2023-11-22 09:41:00,19750.0,2023-11-17,2023-11-17 15:15:00,Buy,19550.0,PE,25.5,10.0,4.55,2023-11-22 09:41:00,2023-11-23,4,Friday
99,2023-11-20,2023-11-20 11:15:00,Sell,19700,CE,84.5,-10,101.8,2023-11-23 15:25:00,19678.05,2023-11-20,2023-11-20 15:15:00,Buy,19900.0,CE,22.85,10.0,0.05,2023-11-23 15:25:00,2023-11-23,3,Monday
100,2023-11-21,2023-11-21 09:30:00,Sell,19750,PE,49.2,-10,17.1,2023-11-22 14:41:00,19778.2,2023-11-21,2023-11-21 15:15:00,Buy,19650.0,PE,17.0,10.0,6.05,2023-11-22 14:41:00,2023-11-23,2,Tuesday
101,2023-11-21,2023-11-21 12:30:00,Sell,19800,PE,45.05,-10,13.25,2023-11-23 09:16:00,19816.5,2023-11-21,2023-11-21 15:15:00,Buy,19650.0,PE,17.0,10.0,1.7,2023-11-23 09:16:00,2023-11-23,2,Tuesday
102,2023-11-22,2023-11-22 12:30:00,Sell,19750,CE,39.2,-10,52.15,2023-11-23 15:25:00,19713.5,2023-11-22,2023-11-22 15:15:00,Buy,19950.0,CE,6.6,10.0,0.05,2023-11-23 15:25:00,2023-11-23,1,Wednesday
103,2023-11-22,2023-11-22 14:45:00,Sell,19800,PE,29.6,-10,10.2,2023-11-23 09:25:00,19802.75,2023-11-22,2023-11-22 15:15:00,Buy,19750.0,PE,12.6,10.0,4.85,2023-11-23 09:25:00,2023-11-23,1,Wednesday
104,2023-11-23,2023-11-23 09:30:00,Sell,19850,PE,22.5,-10,48.0,2023-11-23 15:25:00,19858.7,2023-11-23,2023-11-23 15:15:00,Buy,19800.0,PE,0.7,10.0,0.05,2023-11-23 15:25:00,2023-11-23,0,Thursday
105,2023-11-23,2023-11-23 15:00:00,Sell,19800,CE,11.85,-10,3.65,2023-11-23 15:03:00,19799.05,,,,,,,,,,2023-11-23,0,Thursday
106,2023-11-24,2023-11-24 09:30:00,Sell,19850,CE,90.9,-10,285.0,2023-11-30 15:25:00,19850.0,2023-11-24,2023-11-24 15:15:00,Buy,19950.0,CE,28.7,10.0,185.45,2023-11-30 15:25:00,2023-11-30,4,Friday
107,2023-11-24,2023-11-24 09:30:00,Sell,19850,PE,76.75,-10,26.0,2023-11-28 15:24:00,19850.0,2023-11-24,2023-11-24 15:15:00,Buy,19650.0,PE,23.75,10.0,5.05,2023-11-28 15:24:00,2023-11-30,4,Friday
108,2023-11-24,2023-11-24 10:00:00,Sell,19800,CE,91.8,-10,335.35,2023-11-30 15:25:00,19794.65,2023-11-24,2023-11-24 15:15:00,Buy,19950.0,CE,28.7,10.0,185.45,2023-11-30 15:25:00,2023-11-30,4,Friday
109,2023-11-28,2023-11-28 14:30:00,Sell,19850,PE,32.75,-10,11.45,2023-11-29 09:25:00,19870.9,2023-11-28,2023-11-28 15:15:00,Buy,19700.0,PE,9.4,10.0,4.15,2023-11-29 09:25:00,2023-11-30,2,Tuesday
110,2023-11-29,2023-11-29 09:30:00,Sell,19900,PE,18.95,-10,6.55,2023-11-29 14:28:00,19985.65,,,,,,,,,,2023-11-30,1,Wednesday
111,2023-11-29,2023-11-29 09:30:00,Sell,19950,PE,30.3,-10,10.6,2023-11-29 14:27:00,19985.65,,,,,,,,,,2023-11-30,1,Wednesday
112,2023-11-29,2023-11-29 09:45:00,Sell,20000,PE,40.65,-10,14.15,2023-11-29 14:37:00,20004.9,,,,,,,,,,2023-11-30,1,Wednesday
113,2023-11-29,2023-11-29 13:45:00,Sell,20050,PE,31.0,-10,10.15,2023-11-30 12:49:00,20057.85,2023-11-29,2023-11-29 15:15:00,Buy,19950.0,PE,8.75,10.0,2.1,2023-11-30 12:49:00,2023-11-30,1,Wednesday
114,2023-11-29,2023-11-29 15:15:00,Sell,20100,PE,30.9,-10,9.35,2023-11-30 13:48:00,20101.45,2023-11-29,2023-11-29 15:15:00,Buy,19950.0,PE,8.75,10.0,1.15,2023-11-30 13:48:00,2023-11-30,1,Wednesday
115,2023-11-30,2023-11-30 10:00:00,Sell,20050,CE,36.25,-10,85.45,2023-11-30 15:25:00,20047.1,2023-11-30,2023-11-30 15:15:00,Buy,20150.0,CE,0.55,10.0,0.2,2023-11-30 15:25:00,2023-11-30,0,Thursday
116,2023-11-30,2023-11-30 13:45:00,Sell,20100,PE,13.4,-10,3.15,2023-11-30 15:04:00,20103.05,,,,,,,,,,2023-11-30,0,Thursday
117,2023-12-01,2023-12-01 09:30:00,Sell,20250,CE,139.45,-10,650.85,2023-12-07 15:25:00,20250.0,2023-12-01,2023-12-01 15:15:00,Buy,20500.0,CE,40.35,10.0,401.0,2023-12-07 15:25:00,2023-12-07,4,Friday
118,2023-12-01,2023-12-01 09:30:00,Sell,20250,PE,106.8,-10,19.9,2023-12-04 09:15:00,20250.0,2023-12-01,2023-12-01 15:15:00,Buy,20000.0,PE,37.7,10.0,13.3,2023-12-04 09:15:00,2023-12-07,4,Friday
119,2023-12-04,2023-12-04 09:30:00,Sell,20300,PE,19.5,-10,6.75,2023-12-05 12:18:00,20565.05,2023-12-04,2023-12-04 15:15:00,Buy,20250.0,PE,14.4,10.0,6.0,2023-12-05 12:18:00,2023-12-07,3,Monday
120,2023-12-04,2023-12-04 09:30:00,Sell,20350,PE,24.7,-10,8.55,2023-12-05 11:42:00,20565.05,2023-12-04,2023-12-04 15:15:00,Buy,20250.0,PE,14.4,10.0,6.45,2023-12-05 11:42:00,2023-12-07,3,Monday
121,2023-12-04,2023-12-04 09:30:00,Sell,20400,PE,32.2,-10,10.95,2023-12-05 09:41:00,20565.05,2023-12-04,2023-12-04 15:15:00,Buy,20250.0,PE,14.4,10.0,6.95,2023-12-05 09:41:00,2023-12-07,3,Monday
122,2023-12-04,2023-12-04 09:30:00,Sell,20450,PE,43.15,-10,14.75,2023-12-05 09:40:00,20565.05,2023-12-04,2023-12-04 15:15:00,Buy,20250.0,PE,14.4,10.0,7.15,2023-12-05 09:40:00,2023-12-07,3,Monday
123,2023-12-04,2023-12-04 09:30:00,Sell,20500,PE,57.85,-10,20.2,2023-12-05 09:39:00,20565.05,2023-12-04,2023-12-04 15:15:00,Buy,20250.0,PE,14.4,10.0,7.45,2023-12-05 09:39:00,2023-12-07,3,Monday
124,2023-12-04,2023-12-04 09:30:00,Sell,20550,PE,76.75,-10,26.75,2023-12-05 09:40:00,20565.05,2023-12-04,2023-12-04 15:15:00,Buy,20250.0,PE,14.4,10.0,7.15,2023-12-05 09:40:00,2023-12-07,3,Monday
125,2023-12-04,2023-12-04 13:30:00,Sell,20600,PE,74.05,-10,25.5,2023-12-05 11:02:00,20608.2,2023-12-04,2023-12-04 15:15:00,Buy,20250.0,PE,14.4,10.0,7.5,2023-12-05 11:02:00,2023-12-07,3,Monday
126,2023-12-04,2023-12-04 14:45:00,Sell,20650,PE,69.3,-10,24.1,2023-12-05 14:32:00,20669.95,2023-12-04,2023-12-04 15:15:00,Buy,20250.0,PE,14.4,10.0,5.5,2023-12-05 14:32:00,2023-12-07,3,Monday
127,2023-12-05,2023-12-05 09:30:00,Sell,20700,PE,74.8,-10,26.1,2023-12-05 15:05:00,20749.75,,,,,,,,,,2023-12-07,2,Tuesday
128,2023-12-05,2023-12-05 09:45:00,Sell,20750,PE,77.5,-10,20.15,2023-12-06 09:16:00,20776.4,2023-12-05,2023-12-05 15:15:00,Buy,20700.0,PE,27.75,10.0,14.5,2023-12-06 09:16:00,2023-12-07,2,Tuesday
129,2023-12-05,2023-12-05 10:15:00,Sell,20800,PE,91.4,-10,27.95,2023-12-06 09:16:00,20807.7,2023-12-05,2023-12-05 15:15:00,Buy,20700.0,PE,27.75,10.0,14.5,2023-12-06 09:16:00,2023-12-07,2,Tuesday
130,2023-12-05,2023-12-05 11:45:00,Sell,20750,CE,97.95,-10,151.7,2023-12-07 15:25:00,20740.4,2023-12-05,2023-12-05 15:15:00,Buy,21050.0,CE,23.95,10.0,0.1,2023-12-07 15:25:00,2023-12-07,2,Tuesday
131,2023-12-05,2023-12-05 13:00:00,Sell,20800,PE,80.9,-10,27.95,2023-12-06 09:16:00,20807.25,2023-12-05,2023-12-05 15:15:00,Buy,20700.0,PE,27.75,10.0,14.5,2023-12-06 09:16:00,2023-12-07,2,Tuesday
132,2023-12-05,2023-12-05 15:15:00,Sell,20850,PE,76.8,-10,26.8,2023-12-06 11:50:00,20857.95,2023-12-05,2023-12-05 15:15:00,Buy,20700.0,PE,27.75,10.0,9.0,2023-12-06 11:50:00,2023-12-07,2,Tuesday
133,2023-12-06,2023-12-06 09:30:00,Sell,20900,PE,57.05,-10,18.05,2023-12-07 10:54:00,20928.0,2023-12-06,2023-12-06 15:15:00,Buy,20800.0,PE,13.3,10.0,2.65,2023-12-07 10:54:00,2023-12-07,1,Wednesday
134,2023-12-06,2023-12-06 14:45:00,Sell,20950,PE,52.45,-10,48.55,2023-12-07 15:25:00,20952.75,2023-12-06,2023-12-06 15:15:00,Buy,20800.0,PE,13.3,10.0,0.05,2023-12-07 15:25:00,2023-12-07,1,Wednesday
135,2023-12-07,2023-12-07 09:30:00,Sell,20900,CE,21.95,-10,7.1,2023-12-07 14:55:00,20850.8,,,,,,,,,,2023-12-07,0,Thursday
136,2023-12-08,2023-12-08 09:30:00,Sell,20950,CE,143.7,-10,48.2,2023-12-13 09:52:00,20950.0,2023-12-08,2023-12-08 15:15:00,Buy,21250.0,CE,31.6,10.0,2.7,2023-12-13 09:52:00,2023-12-14,4,Friday
137,2023-12-08,2023-12-08 09:30:00,Sell,20950,PE,91.8,-10,11.45,2023-12-14 09:15:00,20950.0,2023-12-08,2023-12-08 15:15:00,Buy,20800.0,PE,30.9,10.0,1.95,2023-12-14 09:15:00,2023-12-14,4,Friday
138,2023-12-08,2023-12-08 13:30:00,Sell,20900,CE,126.35,-10,43.85,2023-12-13 10:24:00,20893.1,2023-12-08,2023-12-08 15:15:00,Buy,21250.0,CE,31.6,10.0,2.9,2023-12-13 10:24:00,2023-12-14,4,Friday
139,2023-12-08,2023-12-08 15:15:00,Sell,20950,PE,71.15,-10,11.45,2023-12-14 09:15:00,20977.65,2023-12-08,2023-12-08 15:15:00,Buy,20800.0,PE,30.9,10.0,1.95,2023-12-14 09:15:00,2023-12-14,4,Friday
140,2023-12-11,2023-12-11 10:00:00,Sell,21000,PE,80.5,-10,15.0,2023-12-14 09:15:00,21003.9,2023-12-11,2023-12-11 15:15:00,Buy,20800.0,PE,22.7,10.0,1.95,2023-12-14 09:15:00,2023-12-14,3,Monday
141,2023-12-12,2023-12-12 14:15:00,Sell,20950,CE,100.45,-10,33.95,2023-12-13 10:00:00,20939.9,2023-12-12,2023-12-12 15:15:00,Buy,21100.0,CE,26.9,10.0,8.2,2023-12-13 10:00:00,2023-12-14,2,Tuesday
142,2023-12-12,2023-12-12 14:45:00,Sell,20900,CE,103.15,-10,33.9,2023-12-13 11:35:00,20890.1,2023-12-12,2023-12-12 15:15:00,Buy,21100.0,CE,26.9,10.0,5.95,2023-12-13 11:35:00,2023-12-14,2,Tuesday
143,2023-12-13,2023-12-13 10:00:00,Sell,20850,CE,77.25,-10,331.85,2023-12-14 15:25:00,20832.75,2023-12-13,2023-12-13 15:15:00,Buy,21000.0,CE,22.45,10.0,182.25,2023-12-14 15:25:00,2023-12-14,1,Wednesday
144,2023-12-13,2023-12-13 11:45:00,Sell,20800,CE,75.05,-10,382.9,2023-12-14 15:25:00,20792.45,2023-12-13,2023-12-13 15:15:00,Buy,21000.0,CE,22.45,10.0,182.25,2023-12-14 15:25:00,2023-12-14,1,Wednesday
145,2023-12-13,2023-12-13 13:45:00,Sell,20850,PE,38.25,-10,3.35,2023-12-14 09:15:00,20869.2,2023-12-13,2023-12-13 15:15:00,Buy,20850.0,PE,20.8,10.0,3.35,2023-12-14 09:15:00,2023-12-14,1,Wednesday
146,2023-12-13,2023-12-13 15:15:00,Sell,20900,PE,35.6,-10,6.9,2023-12-14 09:15:00,20924.85,2023-12-13,2023-12-13 15:15:00,Buy,20850.0,PE,20.8,10.0,3.35,2023-12-14 09:15:00,2023-12-14,1,Wednesday
147,2023-12-14,2023-12-14 09:30:00,Sell,20950,PE,2.8,-10,0.95,2023-12-14 11:00:00,21130.5,,,,,,,,,,2023-12-14,0,Thursday
148,2023-12-14,2023-12-14 09:30:00,Sell,21000,PE,5.3,-10,1.85,2023-12-14 10:47:00,21130.5,,,,,,,,,,2023-12-14,0,Thursday
149,2023-12-14,2023-12-14 09:30:00,Sell,21050,PE,10.85,-10,3.65,2023-12-14 10:30:00,21130.5,,,,,,,,,,2023-12-14,0,Thursday
150,2023-12-14,2023-12-14 09:30:00,Sell,21100,PE,23.6,-10,8.15,2023-12-14 11:16:00,21130.5,,,,,,,,,,2023-12-14,0,Thursday
151,2023-12-14,2023-12-14 10:00:00,Sell,21150,PE,23.95,-10,7.45,2023-12-14 13:10:00,21184.55,,,,,,,,,,2023-12-14,0,Thursday
152,2023-12-14,2023-12-14 13:45:00,Sell,21200,PE,16.0,-10,17.7,2023-12-14 15:25:00,21206.05,2023-12-14,2023-12-14 15:15:00,Buy,21100.0,PE,0.15,10.0,0.1,2023-12-14 15:25:00,2023-12-14,0,Thursday
153,2023-12-15,2023-12-15 09:30:00,Sell,21250,CE,162.75,-10,55.05,2023-12-20 14:44:00,21250.0,2023-12-15,2023-12-15 15:15:00,Buy,21750.0,CE,32.2,10.0,3.35,2023-12-20 14:44:00,2023-12-21,4,Friday
154,2023-12-15,2023-12-15 09:30:00,Sell,21250,PE,74.35,-10,25.6,2023-12-19 11:40:00,21250.0,2023-12-15,2023-12-15 15:15:00,Buy,21150.0,PE,28.1,10.0,13.3,2023-12-19 11:40:00,2023-12-21,4,Friday
155,2023-12-15,2023-12-15 10:15:00,Sell,21300,PE,80.35,-10,27.75,2023-12-19 11:52:00,21327.5,2023-12-15,2023-12-15 15:15:00,Buy,21150.0,PE,28.1,10.0,11.85,2023-12-19 11:52:00,2023-12-21,4,Friday
156,2023-12-15,2023-12-15 14:00:00,Sell,21350,PE,83.55,-10,28.75,2023-12-19 13:44:00,21365.15,2023-12-15,2023-12-15 15:15:00,Buy,21150.0,PE,28.1,10.0,9.7,2023-12-19 13:44:00,2023-12-21,4,Friday
157,2023-12-15,2023-12-15 15:00:00,Sell,21400,PE,87.15,-10,19.9,2023-12-20 09:16:00,21401.9,2023-12-15,2023-12-15 15:15:00,Buy,21150.0,PE,28.1,10.0,4.35,2023-12-20 09:16:00,2023-12-21,4,Friday
158,2023-12-15,2023-12-15 15:15:00,Sell,21450,PE,88.3,-10,29.05,2023-12-20 09:17:00,21458.0,2023-12-15,2023-12-15 15:15:00,Buy,21150.0,PE,28.1,10.0,4.1,2023-12-20 09:17:00,2023-12-21,4,Friday
159,2023-12-19,2023-12-19 09:45:00,Sell,21400,CE,80.0,-10,26.2,2023-12-20 14:34:00,21374.3,2023-12-19,2023-12-19 15:15:00,Buy,21650.0,CE,17.65,10.0,5.55,2023-12-20 14:34:00,2023-12-21,2,Tuesday
160,2023-12-19,2023-12-19 12:45:00,Sell,21450,PE,63.0,-10,21.85,2023-12-20 09:38:00,21470.35,2023-12-19,2023-12-19 15:15:00,Buy,21300.0,PE,23.7,10.0,8.05,2023-12-20 09:38:00,2023-12-21,2,Tuesday
161,2023-12-20,2023-12-20 09:30:00,Sell,21500,PE,37.25,-10,245.6,2023-12-21 15:25:00,21561.45,2023-12-20,2023-12-20 15:15:00,Buy,20900.0,PE,14.2,10.0,0.1,2023-12-21 15:25:00,2023-12-21,1,Wednesday
162,2023-12-20,2023-12-20 09:30:00,Sell,21550,PE,56.85,-10,295.75,2023-12-21 15:25:00,21561.45,2023-12-20,2023-12-20 15:15:00,Buy,20900.0,PE,14.2,10.0,0.1,2023-12-21 15:25:00,2023-12-21,1,Wednesday
163,2023-12-20,2023-12-20 13:15:00,Sell,21500,CE,51.0,-10,17.0,2023-12-20 14:05:00,21472.0,,,,,,,,,,2023-12-21,1,Wednesday
164,2023-12-20,2023-12-20 13:30:00,Sell,21450,CE,56.25,-10,18.1,2023-12-20 14:34:00,21400.9,,,,,,,,,,2023-12-21,1,Wednesday
165,2023-12-20,2023-12-20 14:00:00,Sell,21400,CE,56.2,-10,17.2,2023-12-20 14:40:00,21348.15,,,,,,,,,,2023-12-21,1,Wednesday
166,2023-12-20,2023-12-20 14:00:00,Sell,21350,CE,81.55,-10,27.7,2023-12-20 14:40:00,21348.15,,,,,,,,,,2023-12-21,1,Wednesday
167,2023-12-20,2023-12-20 14:15:00,Sell,21300,CE,77.95,-10,24.6,2023-12-20 15:02:00,21284.1,,,,,,,,,,2023-12-21,1,Wednesday
168,2023-12-20,2023-12-20 14:45:00,Sell,21250,CE,56.35,-10,17.9,2023-12-20 15:23:00,21222.15,2023-12-20,2023-12-20 15:15:00,Buy,21300.0,CE,13.95,10.0,10.75,2023-12-20 15:23:00,2023-12-21,1,Wednesday
169,2023-12-20,2023-12-20 15:15:00,Sell,21200,CE,39.3,-10,13.0,2023-12-21 09:15:00,21140.35,2023-12-20,2023-12-20 15:15:00,Buy,21300.0,CE,13.95,10.0,0.1,2023-12-21 09:15:00,2023-12-21,1,Wednesday
170,2023-12-20,2023-12-20 15:15:00,Sell,21150,CE,61.9,-10,16.6,2023-12-21 09:16:00,21140.35,2023-12-20,2023-12-20 15:15:00,Buy,21300.0,CE,13.95,10.0,3.0,2023-12-21 09:16:00,2023-12-21,1,Wednesday
171,2023-12-21,2023-12-21 09:30:00,Sell,21100,CE,28.1,-10,154.15,2023-12-21 15:25:00,21026.95,2023-12-21,2023-12-21 15:15:00,Buy,21250.0,CE,3.45,10.0,4.6,2023-12-21 15:25:00,2023-12-21,0,Thursday
172,2023-12-21,2023-12-21 09:30:00,Sell,21050,CE,45.0,-10,204.0,2023-12-21 15:25:00,21026.95,2023-12-21,2023-12-21 15:15:00,Buy,21250.0,CE,3.45,10.0,4.6,2023-12-21 15:25:00,2023-12-21,0,Thursday
173,2023-12-21,2023-12-21 10:15:00,Sell,21100,PE,38.9,-10,12.1,2023-12-21 11:47:00,21123.2,,,,,,,,,,2023-12-21,0,Thursday
174,2023-12-21,2023-12-21 11:00:00,Sell,21150,PE,35.35,-10,11.4,2023-12-21 12:30:00,21157.15,,,,,,,,,,2023-12-21,0,Thursday
175,2023-12-21,2023-12-21 12:30:00,Sell,21200,PE,25.25,-10,8.2,2023-12-21 13:32:00,21213.05,,,,,,,,,,2023-12-21,0,Thursday
176,2023-12-21,2023-12-21 12:45:00,Sell,21250,PE,36.2,-10,12.05,2023-12-21 14:33:00,21251.05,,,,,,,,,,2023-12-21,0,Thursday
177,2023-12-22,2023-12-22 09:30:00,Sell,21250,CE,163.75,-10,530.45,2023-12-28 15:25:00,21250.0,2023-12-22,2023-12-22 15:15:00,Buy,21650.0,CE,32.8,10.0,129.15,2023-12-28 15:25:00,2023-12-28,4,Friday
178,2023-12-22,2023-12-22 09:30:00,Sell,21250,PE,113.65,-10,39.75,2023-12-26 10:04:00,21250.0,2023-12-22,2023-12-22 15:15:00,Buy,21100.0,PE,38.45,10.0,20.7,2023-12-26 10:04:00,2023-12-28,4,Friday
179,2023-12-22,2023-12-22 10:00:00,Sell,21300,PE,98.5,-10,33.1,2023-12-26 14:20:00,21341.85,2023-12-22,2023-12-22 15:15:00,Buy,21100.0,PE,38.45,10.0,14.6,2023-12-26 14:20:00,2023-12-28,4,Friday
180,2023-12-22,2023-12-22 10:15:00,Sell,21350,PE,108.15,-10,37.8,2023-12-26 15:30:00,21350.15,2023-12-22,2023-12-22 15:15:00,Buy,21100.0,PE,38.45,10.0,11.7,2023-12-26 15:30:00,2023-12-28,4,Friday
181,2023-12-22,2023-12-22 13:45:00,Sell,21300,CE,153.45,-10,479.95,2023-12-28 15:25:00,21275.55,2023-12-22,2023-12-22 15:15:00,Buy,21650.0,CE,32.8,10.0,129.15,2023-12-28 15:25:00,2023-12-28,4,Friday
182,2023-12-22,2023-12-22 14:45:00,Sell,21350,PE,91.55,-10,24.9,2023-12-27 09:16:00,21364.5,2023-12-22,2023-12-22 15:15:00,Buy,21100.0,PE,38.45,10.0,6.35,2023-12-27 09:16:00,2023-12-28,4,Friday
183,2023-12-26,2023-12-26 10:15:00,Sell,21400,PE,83.0,-10,28.75,2023-12-27 09:42:00,21412.65,2023-12-26,2023-12-26 15:15:00,Buy,21200.0,PE,22.6,10.0,9.25,2023-12-27 09:42:00,2023-12-28,2,Tuesday
184,2023-12-26,2023-12-26 10:45:00,Sell,21450,PE,77.8,-10,26.9,2023-12-27 12:04:00,21452.4,2023-12-26,2023-12-26 15:15:00,Buy,21200.0,PE,22.6,10.0,7.1,2023-12-27 12:04:00,2023-12-28,2,Tuesday
185,2023-12-27,2023-12-27 09:30:00,Sell,21500,PE,56.75,-10,19.0,2023-12-27 15:02:00,21536.85,,,,,,,,,,2023-12-28,1,Wednesday
186,2023-12-27,2023-12-27 09:45:00,Sell,21550,PE,66.15,-10,23.0,2023-12-27 15:07:00,21556.45,,,,,,,,,,2023-12-28,1,Wednesday
187,2023-12-27,2023-12-27 15:15:00,Sell,21600,PE,33.95,-10,11.4,2023-12-28 10:30:00,21668.3,2023-12-27,2023-12-27 15:15:00,Buy,21450.0,PE,13.35,10.0,3.45,2023-12-28 10:30:00,2023-12-28,1,Wednesday
188,2023-12-27,2023-12-27 15:15:00,Sell,21650,PE,48.2,-10,16.8,2023-12-28 10:31:00,21668.3,2023-12-27,2023-12-27 15:15:00,Buy,21450.0,PE,13.35,10.0,3.1,2023-12-28 10:31:00,2023-12-28,1,Wednesday
189,2023-12-28,2023-12-28 09:30:00,Sell,21700,PE,37.05,-10,12.6,2023-12-28 12:22:00,21734.35,,,,,,,,,,2023-12-28,0,Thursday
190,2023-12-28,2023-12-28 12:30:00,Sell,21750,PE,18.25,-10,5.9,2023-12-28 14:58:00,21762.65,,,,,,,,,,2023-12-28,0,Thursday
191,2023-12-29,2023-12-29 09:30:00,Sell,21750,CE,176.4,-10,57.7,2024-01-02 10:25:00,21750.0,2023-12-29,2023-12-29 15:15:00,Buy,22000.0,CE,49.55,10.0,42.45,2024-01-02 10:25:00,2024-01-04,4,Friday
192,2023-12-29,2023-12-29 09:30:00,Sell,21750,PE,135.1,-10,46.9,2024-01-01 14:50:00,21750.0,2023-12-29,2023-12-29 15:15:00,Buy,21500.0,PE,41.35,10.0,40.35,2024-01-01 14:50:00,2024-01-04,4,Friday
193,2023-12-29,2023-12-29 10:15:00,Sell,21700,CE,150.45,-10,44.5,2024-01-03 09:16:00,21685.9,2023-12-29,2023-12-29 15:15:00,Buy,22000.0,CE,49.55,10.0,42.45,2024-01-03 09:16:00,2024-01-04,4,Friday
194,2024-01-01,2024-01-01 13:30:00,Sell,21750,PE,85.0,-10,93.35,2024-01-04 15:25:00,21753.85,2024-01-01,2024-01-01 15:15:00,Buy,21500.0,PE,23.95,10.0,0.05,2024-01-04 15:25:00,2024-01-04,3,Monday
195,2024-01-01,2024-01-01 14:45:00,Sell,21800,PE,63.1,-10,143.35,2024-01-04 15:25:00,21817.45,2024-01-01,2024-01-01 15:15:00,Buy,21500.0,PE,23.95,10.0,0.05,2024-01-04 15:25:00,2024-01-04,3,Monday
196,2024-01-01,2024-01-01 15:15:00,Sell,21750,CE,124.4,-10,42.95,2024-01-02 11:37:00,21725.95,2024-01-01,2024-01-01 15:15:00,Buy,22000.0,CE,29.5,10.0,9.1,2024-01-02 11:37:00,2024-01-04,3,Monday
197,2024-01-02,2024-01-02 10:00:00,Sell,21700,CE,84.35,-10,29.5,2024-01-03 10:06:00,21636.05,2024-01-02,2024-01-02 15:15:00,Buy,21800.0,CE,30.85,10.0,12.8,2024-01-03 10:06:00,2024-01-04,2,Tuesday
198,2024-01-02,2024-01-02 10:00:00,Sell,21650,CE,109.85,-10,38.15,2024-01-03 10:46:00,21636.05,2024-01-02,2024-01-02 15:15:00,Buy,21800.0,CE,30.85,10.0,11.15,2024-01-03 10:46:00,2024-01-04,2,Tuesday
199,2024-01-02,2024-01-02 10:45:00,Sell,21600,CE,114.0,-10,39.15,2024-01-03 12:27:00,21590.95,2024-01-02,2024-01-02 15:15:00,Buy,21800.0,CE,30.85,10.0,7.75,2024-01-03 12:27:00,2024-01-04,2,Tuesday
200,2024-01-02,2024-01-02 14:15:00,Sell,21650,PE,65.85,-10,21.55,2024-01-04 11:42:00,21662.6,2024-01-02,2024-01-02 15:15:00,Buy,21450.0,PE,23.7,10.0,1.25,2024-01-04 11:42:00,2024-01-04,2,Tuesday
201,2024-01-03,2024-01-03 09:45:00,Sell,21600,CE,64.65,-10,21.95,2024-01-03 15:08:00,21559.65,,,,,,,,,,2024-01-04,1,Wednesday
202,2024-01-03,2024-01-03 12:30:00,Sell,21550,CE,63.55,-10,106.8,2024-01-04 15:25:00,21533.8,2024-01-03,2024-01-03 15:15:00,Buy,21600.0,CE,19.6,10.0,56.85,2024-01-04 15:25:00,2024-01-04,1,Wednesday
203,2024-01-04,2024-01-04 09:30:00,Sell,21600,PE,33.5,-10,11.45,2024-01-04 10:39:00,21618.6,,,,,,,,,,2024-01-04,0,Thursday
204,2024-01-04,2024-01-04 11:15:00,Sell,21650,PE,24.9,-10,8.1,2024-01-04 13:41:00,21650.9,,,,,,,,,,2024-01-04,0,Thursday
205,2024-01-05,2024-01-05 09:30:00,Sell,21750,CE,108.8,-10,37.65,2024-01-08 13:46:00,21750.0,2024-01-05,2024-01-05 15:15:00,Buy,21950.0,CE,32.15,10.0,9.95,2024-01-08 13:46:00,2024-01-11,4,Friday
206,2024-01-05,2024-01-05 09:30:00,Sell,21750,PE,126.25,-10,103.95,2024-01-11 15:25:00,21750.0,2024-01-05,2024-01-05 15:15:00,Buy,21500.0,PE,34.25,10.0,0.05,2024-01-11 15:25:00,2024-01-11,4,Friday
207,2024-01-05,2024-01-05 11:00:00,Sell,21700,CE,117.45,-10,41.0,2024-01-08 15:06:00,21689.0,2024-01-05,2024-01-05 15:15:00,Buy,21950.0,CE,32.15,10.0,8.4,2024-01-08 15:06:00,2024-01-11,4,Friday
208,2024-01-05,2024-01-05 14:15:00,Sell,21650,CE,120.65,-10,42.2,2024-01-09 15:13:00,21648.4,2024-01-05,2024-01-05 15:15:00,Buy,21950.0,CE,32.15,10.0,4.05,2024-01-09 15:13:00,2024-01-11,4,Friday
209,2024-01-05,2024-01-05 15:00:00,Sell,21700,PE,98.9,-10,34.1,2024-01-11 09:24:00,21702.7,2024-01-05,2024-01-05 15:15:00,Buy,21500.0,PE,34.25,10.0,3.5,2024-01-11 09:24:00,2024-01-11,4,Friday
210,2024-01-08,2024-01-08 11:00:00,Sell,21650,CE,96.25,-10,32.6,2024-01-10 09:23:00,21634.9,2024-01-08,2024-01-08 15:15:00,Buy,21750.0,CE,28.75,10.0,14.15,2024-01-10 09:23:00,2024-01-11,3,Monday
211,2024-01-08,2024-01-08 12:00:00,Sell,21600,CE,90.95,-10,28.25,2024-01-10 12:46:00,21557.15,2024-01-08,2024-01-08 15:15:00,Buy,21750.0,CE,28.75,10.0,8.95,2024-01-10 12:46:00,2024-01-11,3,Monday
212,2024-01-08,2024-01-08 14:45:00,Sell,21550,CE,98.3,-10,95.7,2024-01-11 15:25:00,21526.1,2024-01-08,2024-01-08 15:15:00,Buy,21750.0,CE,28.75,10.0,0.05,2024-01-11 15:25:00,2024-01-11,3,Monday
213,2024-01-09,2024-01-09 09:30:00,Sell,21600,PE,50.2,-10,9.8,2024-01-11 09:16:00,21664.55,2024-01-09,2024-01-09 15:15:00,Buy,21350.0,PE,22.45,10.0,1.15,2024-01-11 09:16:00,2024-01-11,2,Tuesday
214,2024-01-09,2024-01-09 09:30:00,Sell,21650,PE,69.05,-10,18.7,2024-01-11 09:16:00,21664.55,2024-01-09,2024-01-09 15:15:00,Buy,21350.0,PE,22.45,10.0,1.15,2024-01-11 09:16:00,2024-01-11,2,Tuesday
215,2024-01-09,2024-01-09 10:45:00,Sell,21700,PE,75.2,-10,54.0,2024-01-11 15:25:00,21707.6,2024-01-09,2024-01-09 15:15:00,Buy,21350.0,PE,22.45,10.0,0.05,2024-01-11 15:25:00,2024-01-11,2,Tuesday
216,2024-01-09,2024-01-09 14:30:00,Sell,21650,CE,54.55,-10,18.65,2024-01-10 12:46:00,21561.4,2024-01-09,2024-01-09 15:15:00,Buy,21750.0,CE,18.35,10.0,8.95,2024-01-10 12:46:00,2024-01-11,2,Tuesday
217,2024-01-09,2024-01-09 14:30:00,Sell,21600,CE,74.6,-10,23.85,2024-01-11 14:15:00,21561.4,2024-01-09,2024-01-09 15:15:00,Buy,21750.0,CE,18.35,10.0,0.8,2024-01-11 14:15:00,2024-01-11,2,Tuesday
218,2024-01-09,2024-01-09 15:15:00,Sell,21550,CE,84.25,-10,95.7,2024-01-11 15:25:00,21543.2,2024-01-09,2024-01-09 15:15:00,Buy,21750.0,CE,18.35,10.0,0.05,2024-01-11 15:25:00,2024-01-11,2,Tuesday
219,2024-01-10,2024-01-10 09:30:00,Sell,21500,CE,68.4,-10,145.9,2024-01-11 15:25:00,21475.45,2024-01-10,2024-01-10 15:15:00,Buy,21750.0,CE,16.4,10.0,0.05,2024-01-11 15:25:00,2024-01-11,1,Wednesday
220,2024-01-10,2024-01-10 09:45:00,Sell,21550,PE,76.0,-10,24.6,2024-01-10 15:02:00,21559.25,,,,,,,,,,2024-01-11,1,Wednesday
221,2024-01-10,2024-01-10 13:00:00,Sell,21500,CE,67.75,-10,145.9,2024-01-11 15:25:00,21498.25,2024-01-10,2024-01-10 15:15:00,Buy,21750.0,CE,16.4,10.0,0.05,2024-01-11 15:25:00,2024-01-11,1,Wednesday
222,2024-01-10,2024-01-10 14:45:00,Sell,21550,PE,46.6,-10,11.8,2024-01-11 09:15:00,21568.6,2024-01-10,2024-01-10 15:15:00,Buy,21500.0,PE,17.45,10.0,8.8,2024-01-11 09:15:00,2024-01-11,1,Wednesday
223,2024-01-10,2024-01-10 15:00:00,Sell,21600,PE,48.6,-10,9.8,2024-01-11 09:16:00,21604.55,2024-01-10,2024-01-10 15:15:00,Buy,21500.0,PE,17.45,10.0,3.45,2024-01-11 09:16:00,2024-01-11,1,Wednesday
224,2024-01-11,2024-01-11 09:30:00,Sell,21650,PE,18.3,-10,5.6,2024-01-11 14:59:00,21703.65,,,,,,,,,,2024-01-11,0,Thursday
225,2024-01-11,2024-01-11 09:30:00,Sell,21700,PE,35.35,-10,54.0,2024-01-11 15:25:00,21703.65,2024-01-11,2024-01-11 15:15:00,Buy,21650.0,PE,4.75,10.0,4.05,2024-01-11 15:25:00,2024-01-11,0,Thursday
226,2024-01-11,2024-01-11 14:15:00,Sell,21650,CE,4.75,-10,1.35,2024-01-11 15:08:00,21607.0,,,,,,,,,,2024-01-11,0,Thursday
227,2024-01-12,2024-01-12 09:30:00,Sell,21750,CE,133.55,-10,46.2,2024-01-17 13:38:00,21750.0,2024-01-12,2024-01-12 15:15:00,Buy,22150.0,CE,38.5,10.0,4.35,2024-01-17 13:38:00,2024-01-18,4,Friday
228,2024-01-12,2024-01-12 09:30:00,Sell,21750,PE,123.3,-10,38.5,2024-01-15 09:16:00,21750.0,2024-01-12,2024-01-12 15:15:00,Buy,21550.0,PE,34.3,10.0,17.75,2024-01-15 09:16:00,2024-01-18,4,Friday
229,2024-01-12,2024-01-12 10:15:00,Sell,21800,PE,123.15,-10,42.75,2024-01-15 09:22:00,21804.45,2024-01-12,2024-01-12 15:15:00,Buy,21550.0,PE,34.3,10.0,16.35,2024-01-15 09:22:00,2024-01-18,4,Friday
230,2024-01-12,2024-01-12 13:30:00,Sell,21850,PE,115.9,-10,40.1,2024-01-15 14:47:00,21856.1,2024-01-12,2024-01-12 15:15:00,Buy,21550.0,PE,34.3,10.0,13.25,2024-01-15 14:47:00,2024-01-18,4,Friday
231,2024-01-12,2024-01-12 14:45:00,Sell,21900,PE,111.65,-10,30.0,2024-01-16 09:15:00,21915.8,2024-01-12,2024-01-12 15:15:00,Buy,21550.0,PE,34.3,10.0,12.0,2024-01-16 09:15:00,2024-01-18,4,Friday
232,2024-01-15,2024-01-15 09:30:00,Sell,21950,PE,72.9,-10,488.6,2024-01-18 15:25:00,22070.1,2024-01-15,2024-01-15 15:15:00,Buy,21800.0,PE,32.9,10.0,338.95,2024-01-18 15:25:00,2024-01-18,3,Monday
233,2024-01-15,2024-01-15 09:30:00,Sell,22000,PE,90.1,-10,538.95,2024-01-18 15:25:00,22070.1,2024-01-15,2024-01-15 15:15:00,Buy,21800.0,PE,32.9,10.0,338.95,2024-01-18 15:25:00,2024-01-18,3,Monday
234,2024-01-15,2024-01-15 09:30:00,Sell,22050,PE,110.1,-10,588.1,2024-01-18 15:25:00,22070.1,2024-01-15,2024-01-15 15:15:00,Buy,21800.0,PE,32.9,10.0,338.95,2024-01-18 15:25:00,2024-01-18,3,Monday
235,2024-01-15,2024-01-15 10:00:00,Sell,22000,CE,123.25,-10,20.05,2024-01-17 09:15:00,21981.55,2024-01-15,2024-01-15 15:15:00,Buy,22300.0,CE,33.35,10.0,7.65,2024-01-17 09:15:00,2024-01-18,3,Monday
236,2024-01-15,2024-01-15 11:30:00,Sell,22050,PE,113.75,-10,588.1,2024-01-18 15:25:00,22056.8,2024-01-15,2024-01-15 15:15:00,Buy,21800.0,PE,32.9,10.0,338.95,2024-01-18 15:25:00,2024-01-18,3,Monday
237,2024-01-16,2024-01-16 10:15:00,Sell,22100,PE,104.8,-10,639.0,2024-01-18 15:25:00,22101.0,2024-01-16,2024-01-16 15:15:00,Buy,21800.0,PE,25.0,10.0,338.95,2024-01-18 15:25:00,2024-01-18,2,Tuesday
238,2024-01-16,2024-01-16 13:15:00,Sell,22050,CE,80.55,-10,15.2,2024-01-17 09:15:00,22018.65,2024-01-16,2024-01-16 15:15:00,Buy,22200.0,CE,29.25,10.0,3.5,2024-01-17 09:15:00,2024-01-18,2,Tuesday
239,2024-01-17,2024-01-17 09:30:00,Sell,22000,CE,21.25,-10,7.35,2024-01-17 14:00:00,21770.9,,,,,,,,,,2024-01-18,1,Wednesday
240,2024-01-17,2024-01-17 09:30:00,Sell,21950,CE,30.35,-10,10.2,2024-01-17 13:39:00,21770.9,,,,,,,,,,2024-01-18,1,Wednesday
241,2024-01-17,2024-01-17 09:30:00,Sell,21900,CE,43.75,-10,14.8,2024-01-17 13:39:00,21770.9,,,,,,,,,,2024-01-18,1,Wednesday
242,2024-01-17,2024-01-17 09:30:00,Sell,21850,CE,64.0,-10,21.5,2024-01-17 13:39:00,21770.9,,,,,,,,,,2024-01-18,1,Wednesday
243,2024-01-17,2024-01-17 09:30:00,Sell,21800,CE,88.15,-10,30.8,2024-01-17 13:39:00,21770.9,,,,,,,,,,2024-01-18,1,Wednesday
244,2024-01-17,2024-01-17 10:45:00,Sell,21750,CE,85.1,-10,27.45,2024-01-17 14:29:00,21738.4,,,,,,,,,,2024-01-18,1,Wednesday
245,2024-01-17,2024-01-17 11:45:00,Sell,21700,CE,89.1,-10,30.8,2024-01-17 14:50:00,21682.9,,,,,,,,,,2024-01-18,1,Wednesday
246,2024-01-17,2024-01-17 12:45:00,Sell,21650,CE,101.25,-10,14.7,2024-01-18 09:15:00,21644.45,2024-01-17,2024-01-17 15:15:00,Buy,21750.0,CE,24.5,10.0,9.0,2024-01-18 09:15:00,2024-01-18,1,Wednesday
247,2024-01-17,2024-01-17 14:45:00,Sell,21600,CE,73.3,-10,20.2,2024-01-18 09:15:00,21575.55,2024-01-17,2024-01-17 15:15:00,Buy,21750.0,CE,24.5,10.0,9.0,2024-01-18 09:15:00,2024-01-18,1,Wednesday
248,2024-01-18,2024-01-18 09:30:00,Sell,21550,CE,12.25,-10,4.25,2024-01-18 09:52:00,21438.3,,,,,,,,,,2024-01-18,0,Thursday
249,2024-01-18,2024-01-18 09:30:00,Sell,21500,CE,21.8,-10,7.15,2024-01-18 09:52:00,21438.3,,,,,,,,,,2024-01-18,0,Thursday
250,2024-01-18,2024-01-18 09:30:00,Sell,21450,CE,39.1,-10,12.55,2024-01-18 09:52:00,21438.3,,,,,,,,,,2024-01-18,0,Thursday
251,2024-01-18,2024-01-18 09:45:00,Sell,21400,CE,41.15,-10,61.5,2024-01-18 15:25:00,21382.75,2024-01-18,2024-01-18 15:15:00,Buy,21450.0,CE,8.35,10.0,11.5,2024-01-18 15:25:00,2024-01-18,0,Thursday
252,2024-01-18,2024-01-18 10:00:00,Sell,21350,CE,33.45,-10,111.25,2024-01-18 15:25:00,21295.05,2024-01-18,2024-01-18 15:15:00,Buy,21450.0,CE,8.35,10.0,11.5,2024-01-18 15:25:00,2024-01-18,0,Thursday
253,2024-01-18,2024-01-18 10:00:00,Sell,21300,CE,57.0,-10,161.45,2024-01-18 15:25:00,21295.05,2024-01-18,2024-01-18 15:15:00,Buy,21450.0,CE,8.35,10.0,11.5,2024-01-18 15:25:00,2024-01-18,0,Thursday
254,2024-01-18,2024-01-18 10:15:00,Sell,21350,PE,35.75,-10,12.2,2024-01-18 10:48:00,21390.95,,,,,,,,,,2024-01-18,0,Thursday
255,2024-01-18,2024-01-18 10:30:00,Sell,21400,PE,39.05,-10,13.25,2024-01-18 11:10:00,21407.0,,,,,,,,,,2024-01-18,0,Thursday
256,2024-01-18,2024-01-18 10:45:00,Sell,21450,PE,43.75,-10,14.75,2024-01-18 11:58:00,21452.25,,,,,,,,,,2024-01-18,0,Thursday
257,2024-01-18,2024-01-18 12:00:00,Sell,21500,PE,35.75,-10,38.45,2024-01-18 15:25:00,21510.8,2024-01-18,2024-01-18 15:15:00,Buy,21450.0,PE,0.5,10.0,0.05,2024-01-18 15:25:00,2024-01-18,0,Thursday
258,2024-01-18,2024-01-18 12:45:00,Sell,21450,CE,23.55,-10,7.45,2024-01-18 14:27:00,21449.65,,,,,,,,,,2024-01-18,0,Thursday
0,2023-05-26,2023-05-26 09:30:00,Sell,18350,CE,112.05,-10,139.15,2023-06-01 15:25:00,18350.0,2023-05-26,2023-05-26 15:15:00,Buy,18650.0,CE,29.45,10.0,0.1,2023-06-01 15:25:00,2023-06-01,4,Friday
1,2023-05-26,2023-05-26 09:30:00,Sell,18350,PE,78.1,-10,21.0,2023-05-29 09:15:00,18350.0,2023-05-26,2023-05-26 15:15:00,Buy,18300.0,PE,28.75,10.0,19.25,2023-05-29 09:15:00,2023-06-01,4,Friday
2,2023-05-26,2023-05-26 11:15:00,Sell,18400,PE,76.65,-10,20.65,2023-05-29 09:16:00,18413.35,2023-05-26,2023-05-26 15:15:00,Buy,18300.0,PE,28.75,10.0,12.7,2023-05-29 09:16:00,2023-06-01,4,Friday
3,2023-05-26,2023-05-26 13:45:00,Sell,18450,PE,81.6,-10,27.0,2023-05-29 09:16:00,18451.55,2023-05-26,2023-05-26 15:15:00,Buy,18300.0,PE,28.75,10.0,12.7,2023-05-29 09:16:00,2023-06-01,4,Friday
4,2023-05-26,2023-05-26 15:15:00,Sell,18500,PE,82.35,-10,28.7,2023-05-29 11:15:00,18504.15,2023-05-26,2023-05-26 15:15:00,Buy,18300.0,PE,28.75,10.0,9.85,2023-05-29 11:15:00,2023-06-01,4,Friday
5,2023-05-29,2023-05-29 09:30:00,Sell,18550,PE,48.0,-10,14.5,2023-06-01 11:53:00,18629.15,2023-05-29,2023-05-29 15:15:00,Buy,18350.0,PE,16.0,10.0,1.0,2023-06-01 11:53:00,2023-06-01,3,Monday
6,2023-05-29,2023-05-29 09:30:00,Sell,18600,PE,64.95,-10,110.6,2023-06-01 15:25:00,18629.15,2023-05-29,2023-05-29 15:15:00,Buy,18350.0,PE,16.0,10.0,0.05,2023-06-01 15:25:00,2023-06-01,3,Monday
7,2023-05-30,2023-05-30 10:15:00,Sell,18650,PE,60.65,-10,160.6,2023-06-01 15:25:00,18653.15,2023-05-30,2023-05-30 15:15:00,Buy,18500.0,PE,17.55,10.0,11.0,2023-06-01 15:25:00,2023-06-01,2,Tuesday
8,2023-05-30,2023-05-30 11:00:00,Sell,18600,CE,67.15,-10,22.05,2023-05-31 11:46:00,18595.55,2023-05-30,2023-05-30 15:15:00,Buy,18750.0,CE,16.9,10.0,3.25,2023-05-31 11:46:00,2023-06-01,2,Tuesday
9,2023-05-31,2023-05-31 10:30:00,Sell,18550,CE,55.65,-10,18.9,2023-06-01 13:48:00,18544.3,2023-05-31,2023-05-31 15:15:00,Buy,18600.0,CE,22.85,10.0,6.2,2023-06-01 13:48:00,2023-06-01,1,Wednesday
10,2023-05-31,2023-05-31 12:15:00,Sell,18500,CE,59.3,-10,18.05,2023-06-01 14:50:00,18498.65,2023-05-31,2023-05-31 15:15:00,Buy,18600.0,CE,22.85,10.0,0.8,2023-06-01 14:50:00,2023-06-01,1,Wednesday
11,2023-06-01,2023-06-01 09:45:00,Sell,18550,PE,25.9,-10,61.05,2023-06-01 15:25:00,18566.0,2023-06-01,2023-06-01 15:15:00,Buy,18450.0,PE,0.2,10.0,0.1,2023-06-01 15:25:00,2023-06-01,0,Thursday
12,2023-06-01,2023-06-01 15:15:00,Sell,18500,CE,1.4,-10,0.3,2023-06-01 15:17:00,18489.25,2023-06-01,2023-06-01 15:15:00,Buy,18500.0,CE,1.4,10.0,0.3,2023-06-01 15:17:00,2023-06-01,0,Thursday
13,2023-06-02,2023-06-02 09:30:00,Sell,18550,CE,109.55,-10,83.2,2023-06-08 15:25:00,18550.0,2023-06-02,2023-06-02 15:15:00,Buy,18700.0,CE,31.4,10.0,0.05,2023-06-08 15:25:00,2023-06-08,4,Friday
14,2023-06-02,2023-06-02 09:30:00,Sell,18550,PE,77.4,-10,26.15,2023-06-06 15:13:00,18550.0,2023-06-02,2023-06-02 15:15:00,Buy,18400.0,PE,27.15,10.0,5.85,2023-06-06 15:13:00,2023-06-08,4,Friday
15,2023-06-02,2023-06-02 10:15:00,Sell,18500,CE,104.35,-10,133.3,2023-06-08 15:25:00,18492.4,2023-06-02,2023-06-02 15:15:00,Buy,18700.0,CE,31.4,10.0,0.05,2023-06-08 15:25:00,2023-06-08,4,Friday
16,2023-06-02,2023-06-02 13:30:00,Sell,18550,PE,63.0,-10,13.95,2023-06-07 09:16:00,18554.5,2023-06-02,2023-06-02 15:15:00,Buy,18400.0,PE,27.15,10.0,3.2,2023-06-07 09:16:00,2023-06-08,4,Friday
17,2023-06-05,2023-06-05 09:30:00,Sell,18600,PE,59.1,-10,20.65,2023-06-07 11:32:00,18612.65,2023-06-05,2023-06-05 15:15:00,Buy,18450.0,PE,17.4,10.0,4.2,2023-06-07 11:32:00,2023-06-08,3,Monday
18,2023-06-06,2023-06-06 11:45:00,Sell,18550,CE,65.05,-10,83.2,2023-06-08 15:25:00,18545.8,2023-06-06,2023-06-06 15:15:00,Buy,18700.0,CE,19.45,10.0,0.05,2023-06-08 15:25:00,2023-06-08,2,Tuesday
19,2023-06-06,2023-06-06 15:15:00,Sell,18600,PE,43.6,-10,14.6,2023-06-07 14:00:00,18609.3,2023-06-06,2023-06-06 15:15:00,Buy,18500.0,PE,16.15,10.0,5.2,2023-06-07 14:00:00,2023-06-08,2,Tuesday
20,2023-06-07,2023-06-07 09:30:00,Sell,18650,PE,42.2,-10,14.55,2023-06-07 15:30:00,18652.3,2023-06-07,2023-06-07 15:15:00,Buy,18600.0,PE,10.2,10.0,9.35,2023-06-07 15:30:00,2023-06-08,1,Wednesday
21,2023-06-07,2023-06-07 14:45:00,Sell,18700,PE,31.45,-10,10.65,2023-06-08 10:17:00,18715.65,2023-06-07,2023-06-07 15:15:00,Buy,18600.0,PE,10.2,10.0,2.75,2023-06-08 10:17:00,2023-06-08,1,Wednesday
22,2023-06-08,2023-06-08 10:15:00,Sell,18750,PE,30.05,-10,116.75,2023-06-08 15:25:00,18753.35,2023-06-08,2023-06-08 15:15:00,Buy,18600.0,PE,0.2,10.0,0.05,2023-06-08 15:25:00,2023-06-08,0,Thursday
23,2023-06-08,2023-06-08 12:00:00,Sell,18700,CE,24.35,-10,8.45,2023-06-08 14:22:00,18698.15,,,,,,,,,,2023-06-08,0,Thursday
24,2023-06-08,2023-06-08 15:00:00,Sell,18650,CE,6.35,-10,1.6,2023-06-08 15:08:00,18638.9,,,,,,,,,,2023-06-08,0,Thursday
25,2023-06-09,2023-06-09 09:30:00,Sell,18650,CE,94.5,-10,32.65,2023-06-15 14:48:00,18650.0,2023-06-09,2023-06-09 15:15:00,Buy,18750.0,CE,26.55,10.0,1.0,2023-06-15 14:48:00,2023-06-15,4,Friday
26,2023-06-09,2023-06-09 09:30:00,Sell,18650,PE,78.55,-10,27.2,2023-06-13 15:13:00,18650.0,2023-06-09,2023-06-09 15:15:00,Buy,18400.0,PE,23.15,10.0,3.7,2023-06-13 15:13:00,2023-06-15,4,Friday
27,2023-06-09,2023-06-09 13:30:00,Sell,18600,CE,90.65,-10,87.5,2023-06-15 15:25:00,18588.7,2023-06-09,2023-06-09 15:15:00,Buy,18750.0,CE,26.55,10.0,0.1,2023-06-15 15:25:00,2023-06-15,4,Friday
28,2023-06-13,2023-06-13 09:30:00,Sell,18650,PE,41.6,-10,14.55,2023-06-14 13:11:00,18680.35,2023-06-13,2023-06-13 15:15:00,Buy,18600.0,PE,17.55,10.0,8.6,2023-06-14 13:11:00,2023-06-15,2,Tuesday
29,2023-06-13,2023-06-13 10:45:00,Sell,18700,PE,52.6,-10,18.2,2023-06-14 15:02:00,18701.6,2023-06-13,2023-06-13 15:15:00,Buy,18600.0,PE,17.55,10.0,6.45,2023-06-14 15:02:00,2023-06-15,2,Tuesday
30,2023-06-14,2023-06-14 13:15:00,Sell,18750,PE,38.0,-10,13.25,2023-06-15 10:23:00,18757.4,2023-06-14,2023-06-14 15:15:00,Buy,18650.0,PE,12.15,10.0,3.25,2023-06-15 10:23:00,2023-06-15,1,Wednesday
31,2023-06-15,2023-06-15 14:45:00,Sell,18700,CE,9.55,-10,2.9,2023-06-15 14:55:00,18689.4,,,,,,,,,,2023-06-15,0,Thursday
32,2023-06-16,2023-06-16 09:30:00,Sell,18750,CE,100.0,-10,33.45,2023-06-20 10:30:00,18750.0,2023-06-16,2023-06-16 15:15:00,Buy,19000.0,CE,22.15,10.0,4.4,2023-06-20 10:30:00,2023-06-22,4,Friday
33,2023-06-16,2023-06-16 09:30:00,Sell,18750,PE,66.55,-10,22.6,2023-06-20 15:19:00,18750.0,2023-06-16,2023-06-16 15:15:00,Buy,18650.0,PE,21.95,10.0,9.1,2023-06-20 15:19:00,2023-06-22,4,Friday
34,2023-06-16,2023-06-16 14:30:00,Sell,18800,PE,53.85,-10,16.25,2023-06-21 15:07:00,18808.2,2023-06-16,2023-06-16 15:15:00,Buy,18650.0,PE,21.95,10.0,3.2,2023-06-21 15:07:00,2023-06-22,4,Friday
35,2023-06-16,2023-06-16 15:00:00,Sell,18850,PE,59.85,-10,20.0,2023-06-22 13:42:00,18851.9,2023-06-16,2023-06-16 15:15:00,Buy,18650.0,PE,21.95,10.0,0.65,2023-06-22 13:42:00,2023-06-22,4,Friday
36,2023-06-19,2023-06-19 11:00:00,Sell,18800,CE,79.4,-10,26.2,2023-06-20 09:29:00,18786.9,2023-06-19,2023-06-19 15:15:00,Buy,18900.0,CE,28.8,10.0,10.45,2023-06-20 09:29:00,2023-06-22,3,Monday
37,2023-06-19,2023-06-19 13:30:00,Sell,18750,CE,80.9,-10,26.0,2023-06-22 14:35:00,18735.95,2023-06-19,2023-06-19 15:15:00,Buy,18900.0,CE,28.8,10.0,1.0,2023-06-22 14:35:00,2023-06-22,3,Monday
38,2023-06-20,2023-06-20 09:30:00,Sell,18700,CE,65.6,-10,71.85,2023-06-22 15:25:00,18678.1,2023-06-20,2023-06-20 15:15:00,Buy,18950.0,CE,11.6,10.0,0.05,2023-06-22 15:25:00,2023-06-22,2,Tuesday
39,2023-06-20,2023-06-20 13:30:00,Sell,18750,PE,40.95,-10,14.15,2023-06-21 13:02:00,18757.95,2023-06-20,2023-06-20 15:15:00,Buy,18700.0,PE,15.3,10.0,8.8,2023-06-21 13:02:00,2023-06-22,2,Tuesday
40,2023-06-20,2023-06-20 15:15:00,Sell,18800,PE,38.6,-10,13.2,2023-06-22 09:29:00,18819.5,2023-06-20,2023-06-20 15:15:00,Buy,18700.0,PE,15.3,10.0,3.2,2023-06-22 09:29:00,2023-06-22,2,Tuesday
41,2023-06-21,2023-06-21 09:30:00,Sell,18850,PE,47.35,-10,16.55,2023-06-22 13:46:00,18855.85,2023-06-21,2023-06-21 15:15:00,Buy,18800.0,PE,17.4,10.0,4.65,2023-06-22 13:46:00,2023-06-22,1,Wednesday
42,2023-06-22,2023-06-22 13:00:00,Sell,18800,CE,21.45,-10,7.3,2023-06-22 14:35:00,18796.05,,,,,,,,,,2023-06-22,0,Thursday
43,2023-06-22,2023-06-22 13:45:00,Sell,18850,PE,18.75,-10,78.3,2023-06-22 15:25:00,18857.6,2023-06-22,2023-06-22 15:15:00,Buy,18750.0,PE,0.3,10.0,0.05,2023-06-22 15:25:00,2023-06-22,0,Thursday
44,2023-06-22,2023-06-22 14:30:00,Sell,18800,CE,9.55,-10,1.95,2023-06-22 15:02:00,18785.35,,,,,,,,,,2023-06-22,0,Thursday
45,2023-06-23,2023-06-23 09:30:00,Sell,18700,CE,97.55,-10,271.0,2023-06-28 15:29:00,18700.0,2023-06-23,2023-06-23 15:15:00,Buy,18850.0,CE,27.1,10.0,121.55,2023-06-28 15:29:00,2023-06-29,4,Friday
46,2023-06-23,2023-06-23 09:30:00,Sell,18700,PE,79.5,-10,26.95,2023-06-27 11:47:00,18700.0,2023-06-23,2023-06-23 15:15:00,Buy,18550.0,PE,26.65,10.0,5.8,2023-06-27 11:47:00,2023-06-29,4,Friday
47,2023-06-27,2023-06-27 12:15:00,Sell,18750,PE,40.95,-10,8.0,2023-06-28 09:15:00,18750.35,2023-06-27,2023-06-27 15:15:00,Buy,18700.0,PE,9.75,10.0,6.85,2023-06-28 09:15:00,2023-06-29,2,Tuesday
48,2023-06-27,2023-06-27 15:15:00,Sell,18800,PE,32.35,-10,11.2,2023-06-28 09:34:00,18824.4,2023-06-27,2023-06-27 15:15:00,Buy,18700.0,PE,9.75,10.0,2.65,2023-06-28 09:34:00,2023-06-29,2,Tuesday
49,2023-06-28,2023-06-28 09:30:00,Sell,18850,PE,26.95,-10,8.8,2023-06-28 11:22:00,18870.0,,,,,,,,,,2023-06-28,0,Wednesday
50,2023-06-28,2023-06-28 10:45:00,Sell,18900,PE,27.25,-10,8.9,2023-06-28 12:52:00,18920.3,,,,,,,,,,2023-06-28,0,Wednesday
51,2023-06-28,2023-06-28 11:30:00,Sell,18950,PE,34.2,-10,11.7,2023-06-28 13:45:00,18952.6,,,,,,,,,,2023-06-28,0,Wednesday
52,2023-06-28,2023-06-28 13:45:00,Sell,19000,PE,27.0,-10,28.35,2023-06-28 15:25:00,19009.6,2023-06-28,2023-06-28 15:15:00,Buy,18950.0,PE,0.35,10.0,0.1,2023-06-28 15:25:00,2023-06-28,0,Wednesday
53,2023-06-30,2023-06-30 09:30:00,Sell,19100,CE,89.7,-10,398.0,2023-07-06 15:25:00,19100.0,2023-06-30,2023-06-30 15:15:00,Buy,19300.0,CE,32.75,10.0,35.15,2023-07-06 15:25:00,2023-07-06,4,Friday
54,2023-06-30,2023-06-30 09:30:00,Sell,19100,PE,89.4,-10,28.0,2023-07-03 09:15:00,19100.0,2023-06-30,2023-06-30 15:15:00,Buy,19000.0,PE,28.8,10.0,29.0,2023-07-03 09:15:00,2023-07-06,4,Friday
55,2023-06-30,2023-06-30 13:30:00,Sell,19150,PE,83.95,-10,28.9,2023-07-03 12:00:00,19154.95,2023-06-30,2023-06-30 15:15:00,Buy,19000.0,PE,28.8,10.0,29.0,2023-07-03 12:00:00,2023-07-06,4,Friday
56,2023-07-03,2023-07-03 09:30:00,Sell,19200,PE,47.05,-10,16.4,2023-07-04 14:02:00,19284.2,2023-07-03,2023-07-03 15:15:00,Buy,19050.0,PE,17.45,10.0,10.2,2023-07-04 14:02:00,2023-07-06,3,Monday
57,2023-07-03,2023-07-03 09:30:00,Sell,19250,PE,64.05,-10,21.65,2023-07-04 13:20:00,19284.2,2023-07-03,2023-07-03 15:15:00,Buy,19050.0,PE,17.45,10.0,11.15,2023-07-04 13:20:00,2023-07-06,3,Monday
58,2023-07-03,2023-07-03 09:45:00,Sell,19300,PE,80.3,-10,27.85,2023-07-04 13:41:00,19305.55,2023-07-03,2023-07-03 15:15:00,Buy,19050.0,PE,17.45,10.0,11.25,2023-07-04 13:41:00,2023-07-06,3,Monday
59,2023-07-04,2023-07-04 09:30:00,Sell,19350,PE,60.1,-10,19.55,2023-07-06 09:56:00,19377.85,2023-07-04,2023-07-04 15:15:00,Buy,19250.0,PE,20.0,10.0,4.95,2023-07-06 09:56:00,2023-07-06,2,Tuesday
60,2023-07-04,2023-07-04 13:00:00,Sell,19400,PE,66.25,-10,22.9,2023-07-06 10:26:00,19400.1,2023-07-04,2023-07-04 15:15:00,Buy,19250.0,PE,20.0,10.0,4.2,2023-07-06 10:26:00,2023-07-06,2,Tuesday
61,2023-07-05,2023-07-05 14:45:00,Sell,19350,CE,49.2,-10,147.25,2023-07-06 15:25:00,19345.5,2023-07-05,2023-07-05 15:15:00,Buy,19500.0,CE,14.8,10.0,0.1,2023-07-06 15:25:00,2023-07-06,1,Wednesday
62,2023-07-05,2023-07-05 15:15:00,Sell,19400,PE,45.45,-10,15.7,2023-07-06 11:33:00,19409.95,2023-07-05,2023-07-05 15:15:00,Buy,19300.0,PE,15.6,10.0,4.0,2023-07-06 11:33:00,2023-07-06,1,Wednesday
63,2023-07-06,2023-07-06 10:15:00,Sell,19450,PE,44.45,-10,14.4,2023-07-06 14:18:00,19450.0,,,,,,,,,,2023-07-06,0,Thursday
64,2023-07-06,2023-07-06 15:15:00,Sell,19500,PE,2.55,-10,3.05,2023-07-06 15:25:00,19504.75,2023-07-06,2023-07-06 15:15:00,Buy,19450.0,PE,0.15,10.0,0.1,2023-07-06 15:25:00,2023-07-06,0,Thursday
65,2023-07-07,2023-07-07 09:30:00,Sell,19500,CE,91.35,-10,31.3,2023-07-07 15:19:00,19500.0,2023-07-07,2023-07-07 15:15:00,Buy,19550.0,CE,24.5,10.0,22.35,2023-07-07 15:19:00,2023-07-13,4,Friday
66,2023-07-07,2023-07-07 09:30:00,Sell,19500,PE,110.55,-10,36.6,2023-07-13 09:36:00,19500.0,2023-07-07,2023-07-07 15:15:00,Buy,19150.0,PE,26.0,10.0,1.25,2023-07-13 09:36:00,2023-07-13,4,Friday
67,2023-07-07,2023-07-07 10:45:00,Sell,19450,CE,98.7,-10,33.6,2023-07-10 15:01:00,19444.95,2023-07-07,2023-07-07 15:15:00,Buy,19550.0,CE,24.5,10.0,14.05,2023-07-10 15:01:00,2023-07-13,4,Friday
68,2023-07-07,2023-07-07 11:30:00,Sell,19400,CE,98.25,-10,28.35,2023-07-13 14:44:00,19395.7,2023-07-07,2023-07-07 15:15:00,Buy,19550.0,CE,24.5,10.0,0.65,2023-07-13 14:44:00,2023-07-13,4,Friday
69,2023-07-07,2023-07-07 15:15:00,Sell,19350,CE,87.4,-10,63.75,2023-07-13 15:25:00,19325.35,2023-07-07,2023-07-07 15:15:00,Buy,19550.0,CE,24.5,10.0,0.1,2023-07-13 15:25:00,2023-07-13,4,Friday
70,2023-07-10,2023-07-10 10:15:00,Sell,19400,PE,74.0,-10,25.1,2023-07-11 11:57:00,19412.75,2023-07-10,2023-07-10 15:15:00,Buy,19200.0,PE,20.1,10.0,6.15,2023-07-11 11:57:00,2023-07-13,3,Monday
71,2023-07-10,2023-07-10 12:00:00,Sell,19350,CE,80.25,-10,63.75,2023-07-13 15:25:00,19345.85,2023-07-10,2023-07-10 15:15:00,Buy,19500.0,CE,25.1,10.0,0.1,2023-07-13 15:25:00,2023-07-13,3,Monday
72,2023-07-11,2023-07-11 09:30:00,Sell,19400,PE,44.35,-10,15.45,2023-07-13 09:16:00,19448.05,2023-07-11,2023-07-11 15:15:00,Buy,19350.0,PE,20.7,10.0,7.2,2023-07-13 09:16:00,2023-07-13,2,Tuesday
73,2023-07-11,2023-07-11 09:45:00,Sell,19450,PE,55.2,-10,18.35,2023-07-13 09:36:00,19470.2,2023-07-11,2023-07-11 15:15:00,Buy,19350.0,PE,20.7,10.0,4.35,2023-07-13 09:36:00,2023-07-13,2,Tuesday
74,2023-07-11,2023-07-11 11:15:00,Sell,19500,PE,63.8,-10,21.95,2023-07-13 09:57:00,19500.7,2023-07-11,2023-07-11 15:15:00,Buy,19350.0,PE,20.7,10.0,3.65,2023-07-13 09:57:00,2023-07-13,2,Tuesday
75,2023-07-11,2023-07-11 14:30:00,Sell,19450,CE,60.55,-10,20.15,2023-07-13 14:14:00,19447.95,2023-07-11,2023-07-11 15:15:00,Buy,19550.0,CE,17.25,10.0,1.7,2023-07-13 14:14:00,2023-07-13,2,Tuesday
76,2023-07-12,2023-07-12 15:15:00,Sell,19400,CE,49.25,-10,15.6,2023-07-13 14:53:00,19371.7,2023-07-12,2023-07-12 15:15:00,Buy,19500.0,CE,15.4,10.0,0.55,2023-07-13 14:53:00,2023-07-13,1,Wednesday
77,2023-07-13,2023-07-13 09:30:00,Sell,19450,PE,21.6,-10,6.7,2023-07-13 11:16:00,19488.15,,,,,,,,,,2023-07-13,0,Thursday
78,2023-07-13,2023-07-13 09:45:00,Sell,19500,PE,28.65,-10,86.05,2023-07-13 15:25:00,19523.15,2023-07-13,2023-07-13 15:15:00,Buy,19400.0,PE,0.25,10.0,0.05,2023-07-13 15:25:00,2023-07-13,0,Thursday
79,2023-07-13,2023-07-13 10:15:00,Sell,19550,PE,32.25,-10,136.2,2023-07-13 15:25:00,19559.85,2023-07-13,2023-07-13 15:15:00,Buy,19400.0,PE,0.25,10.0,0.05,2023-07-13 15:25:00,2023-07-13,0,Thursday
80,2023-07-13,2023-07-13 14:00:00,Sell,19500,CE,15.95,-10,5.45,2023-07-13 14:14:00,19491.05,,,,,,,,,,2023-07-13,0,Thursday
81,2023-07-13,2023-07-13 14:45:00,Sell,19450,CE,3.35,-10,1.0,2023-07-13 14:55:00,19415.95,,,,,,,,,,2023-07-13,0,Thursday
82,2023-07-13,2023-07-13 15:00:00,Sell,19400,CE,8.5,-10,2.65,2023-07-13 15:03:00,19387.25,,,,,,,,,,2023-07-13,0,Thursday
83,2023-07-14,2023-07-14 09:30:00,Sell,19500,CE,89.85,-10,482.2,2023-07-20 15:25:00,19500.0,2023-07-14,2023-07-14 15:15:00,Buy,19700.0,CE,29.15,10.0,280.8,2023-07-20 15:25:00,2023-07-20,4,Friday
84,2023-07-14,2023-07-14 09:30:00,Sell,19500,PE,86.25,-10,29.95,2023-07-17 13:44:00,19500.0,2023-07-14,2023-07-14 15:15:00,Buy,19350.0,PE,22.75,10.0,13.25,2023-07-17 13:44:00,2023-07-20,4,Friday
85,2023-07-14,2023-07-14 15:15:00,Sell,19550,PE,73.7,-10,23.75,2023-07-18 09:16:00,19567.4,2023-07-14,2023-07-14 15:15:00,Buy,19350.0,PE,22.75,10.0,9.85,2023-07-18 09:16:00,2023-07-20,4,Friday
86,2023-07-17,2023-07-17 10:00:00,Sell,19600,PE,77.25,-10,26.55,2023-07-18 11:00:00,19602.25,2023-07-17,2023-07-17 15:15:00,Buy,19450.0,PE,20.65,10.0,14.15,2023-07-18 11:00:00,2023-07-20,3,Monday
87,2023-07-17,2023-07-17 13:45:00,Sell,19650,PE,74.15,-10,24.5,2023-07-19 09:15:00,19661.1,2023-07-17,2023-07-17 15:15:00,Buy,19450.0,PE,20.65,10.0,7.5,2023-07-19 09:15:00,2023-07-20,3,Monday
88,2023-07-17,2023-07-17 15:15:00,Sell,19700,PE,71.5,-10,25.0,2023-07-19 09:31:00,19730.25,2023-07-17,2023-07-17 15:15:00,Buy,19450.0,PE,20.65,10.0,5.7,2023-07-19 09:31:00,2023-07-20,3,Monday
89,2023-07-18,2023-07-18 09:30:00,Sell,19750,PE,71.5,-10,24.75,2023-07-19 15:01:00,19788.9,2023-07-18,2023-07-18 15:15:00,Buy,19600.0,PE,22.55,10.0,7.1,2023-07-19 15:01:00,2023-07-20,2,Tuesday
90,2023-07-18,2023-07-18 11:15:00,Sell,19800,PE,77.0,-10,26.5,2023-07-19 15:30:00,19807.4,2023-07-18,2023-07-18 15:15:00,Buy,19600.0,PE,22.55,10.0,5.5,2023-07-19 15:30:00,2023-07-20,2,Tuesday
91,2023-07-18,2023-07-18 11:45:00,Sell,19750,CE,58.3,-10,231.8,2023-07-20 15:25:00,19707.55,2023-07-18,2023-07-18 15:15:00,Buy,19900.0,CE,17.6,10.0,81.0,2023-07-20 15:25:00,2023-07-20,2,Tuesday
92,2023-07-19,2023-07-19 09:30:00,Sell,19800,PE,58.7,-10,20.2,2023-07-20 11:58:00,19821.65,2023-07-19,2023-07-19 15:15:00,Buy,19700.0,PE,12.65,10.0,5.6,2023-07-20 11:58:00,2023-07-20,1,Wednesday
93,2023-07-19,2023-07-19 11:15:00,Sell,19750,CE,59.05,-10,231.8,2023-07-20 15:25:00,19746.15,2023-07-19,2023-07-19 15:15:00,Buy,19900.0,CE,21.6,10.0,81.0,2023-07-20 15:25:00,2023-07-20,1,Wednesday
94,2023-07-19,2023-07-19 15:00:00,Sell,19800,PE,45.9,-10,14.35,2023-07-20 12:08:00,19801.7,2023-07-19,2023-07-19 15:15:00,Buy,19700.0,PE,12.65,10.0,4.25,2023-07-20 12:08:00,2023-07-20,1,Wednesday
95,2023-07-20,2023-07-20 12:00:00,Sell,19850,PE,39.85,-10,12.85,2023-07-20 13:19:00,19850.15,,,,,,,,,,2023-07-20,0,Thursday
96,2023-07-20,2023-07-20 13:30:00,Sell,19900,PE,29.7,-10,10.05,2023-07-20 14:15:00,19912.75,,,,,,,,,,2023-07-20,0,Thursday
97,2023-07-20,2023-07-20 14:30:00,Sell,19950,PE,12.0,-10,2.15,2023-07-20 15:02:00,19961.75,,,,,,,,,,2023-07-20,0,Thursday
98,2023-07-21,2023-07-21 09:30:00,Sell,19850,CE,122.65,-10,41.85,2023-07-24 11:52:00,19850.0,2023-07-21,2023-07-21 15:15:00,Buy,20000.0,CE,32.85,10.0,15.0,2023-07-24 11:52:00,2023-07-27,4,Friday
99,2023-07-21,2023-07-21 09:30:00,Sell,19850,PE,108.7,-10,35.8,2023-07-27 09:20:00,19850.0,2023-07-21,2023-07-21 15:15:00,Buy,19550.0,PE,32.55,10.0,1.65,2023-07-27 09:20:00,2023-07-27,4,Friday
100,2023-07-21,2023-07-21 11:15:00,Sell,19800,CE,117.05,-10,40.25,2023-07-25 09:47:00,19779.9,2023-07-21,2023-07-21 15:15:00,Buy,20000.0,CE,32.85,10.0,9.35,2023-07-25 09:47:00,2023-07-27,4,Friday
101,2023-07-21,2023-07-21 12:30:00,Sell,19750,CE,137.2,-10,47.6,2023-07-25 11:05:00,19745.4,2023-07-21,2023-07-21 15:15:00,Buy,20000.0,CE,32.85,10.0,8.0,2023-07-25 11:05:00,2023-07-27,4,Friday
102,2023-07-21,2023-07-21 13:30:00,Sell,19800,PE,89.9,-10,23.4,2023-07-27 09:16:00,19814.7,2023-07-21,2023-07-21 15:15:00,Buy,19550.0,PE,32.55,10.0,1.75,2023-07-27 09:16:00,2023-07-27,4,Friday
103,2023-07-21,2023-07-21 14:45:00,Sell,19750,CE,117.6,-10,40.3,2023-07-25 13:23:00,19739.15,2023-07-21,2023-07-21 15:15:00,Buy,20000.0,CE,32.85,10.0,6.9,2023-07-25 13:23:00,2023-07-27,4,Friday
104,2023-07-24,2023-07-24 12:00:00,Sell,19700,CE,92.6,-10,31.15,2023-07-27 13:34:00,19671.45,2023-07-24,2023-07-24 15:15:00,Buy,19900.0,CE,23.1,10.0,2.45,2023-07-27 13:34:00,2023-07-27,3,Monday
105,2023-07-24,2023-07-24 13:00:00,Sell,19750,PE,81.5,-10,28.5,2023-07-26 14:26:00,19760.95,2023-07-24,2023-07-24 15:15:00,Buy,19500.0,PE,26.65,10.0,3.05,2023-07-26 14:26:00,2023-07-27,3,Monday
106,2023-07-24,2023-07-24 15:15:00,Sell,19700,CE,82.65,-10,23.3,2023-07-27 13:50:00,19671.65,2023-07-24,2023-07-24 15:15:00,Buy,19900.0,CE,23.1,10.0,2.15,2023-07-27 13:50:00,2023-07-27,3,Monday
107,2023-07-25,2023-07-25 13:30:00,Sell,19650,CE,76.95,-10,23.65,2023-07-27 14:32:00,19636.75,2023-07-25,2023-07-25 15:15:00,Buy,19850.0,CE,18.15,10.0,0.85,2023-07-27 14:32:00,2023-07-27,2,Tuesday
108,2023-07-25,2023-07-25 15:00:00,Sell,19700,PE,60.6,-10,20.95,2023-07-26 13:22:00,19701.3,2023-07-25,2023-07-25 15:15:00,Buy,19550.0,PE,21.05,10.0,4.4,2023-07-26 13:22:00,2023-07-27,2,Tuesday
109,2023-07-26,2023-07-26 09:30:00,Sell,19750,PE,60.55,-10,11.3,2023-07-27 09:16:00,19753.9,2023-07-26,2023-07-26 15:15:00,Buy,19650.0,PE,13.0,10.0,2.9,2023-07-27 09:16:00,2023-07-27,1,Wednesday
110,2023-07-26,2023-07-26 10:15:00,Sell,19800,PE,61.0,-10,19.5,2023-07-27 09:20:00,19815.85,2023-07-26,2023-07-26 15:15:00,Buy,19650.0,PE,13.0,10.0,2.85,2023-07-27 09:20:00,2023-07-27,1,Wednesday
111,2023-07-27,2023-07-27 09:45:00,Sell,19850,PE,35.25,-10,191.2,2023-07-27 15:25:00,19856.15,2023-07-27,2023-07-27 15:15:00,Buy,19650.0,PE,1.2,10.0,0.1,2023-07-27 15:25:00,2023-07-27,0,Thursday
112,2023-07-27,2023-07-27 11:00:00,Sell,19800,CE,36.05,-10,12.5,2023-07-27 13:03:00,19796.3,,,,,,,,,,2023-07-27,0,Thursday
113,2023-07-27,2023-07-27 11:30:00,Sell,19750,CE,36.15,-10,10.3,2023-07-27 13:50:00,19737.5,,,,,,,,,,2023-07-27,0,Thursday
114,2023-07-27,2023-07-27 14:15:00,Sell,19700,CE,26.1,-10,8.8,2023-07-27 14:28:00,19696.1,,,,,,,,,,2023-07-27,0,Thursday
115,2023-07-27,2023-07-27 14:45:00,Sell,19650,CE,9.85,-10,2.25,2023-07-27 14:58:00,19629.7,,,,,,,,,,2023-07-27,0,Thursday
116,2023-07-28,2023-07-28 09:30:00,Sell,19600,CE,131.75,-10,44.1,2023-08-02 11:02:00,19600.0,2023-07-28,2023-07-28 15:15:00,Buy,19850.0,CE,32.15,10.0,36.6,2023-08-02 11:02:00,2023-08-03,4,Friday
117,2023-07-28,2023-07-28 09:30:00,Sell,19600,PE,90.8,-10,31.05,2023-07-31 14:06:00,19600.0,2023-07-28,2023-07-28 15:15:00,Buy,19500.0,PE,34.65,10.0,15.45,2023-07-31 14:06:00,2023-08-03,4,Friday
118,2023-07-28,2023-07-28 15:15:00,Sell,19650,PE,85.55,-10,28.65,2023-08-01 09:16:00,19650.75,2023-07-28,2023-07-28 15:15:00,Buy,19500.0,PE,34.65,10.0,12.2,2023-08-01 09:16:00,2023-08-03,4,Friday
119,2023-07-31,2023-07-31 11:30:00,Sell,19700,PE,68.2,-10,318.5,2023-08-03 15:25:00,19715.3,2023-07-31,2023-07-31 15:15:00,Buy,19550.0,PE,18.1,10.0,17.2,2023-08-03 15:25:00,2023-08-03,3,Monday
120,2023-07-31,2023-07-31 15:15:00,Sell,19750,PE,70.6,-10,368.15,2023-08-03 15:25:00,19760.0,2023-07-31,2023-07-31 15:15:00,Buy,19550.0,PE,18.1,10.0,17.2,2023-08-03 15:25:00,2023-08-03,3,Monday
121,2023-08-02,2023-08-02 09:30:00,Sell,19700,CE,29.55,-10,10.15,2023-08-02 13:14:00,19628.85,,,,,,,,,,2023-08-03,1,Wednesday
122,2023-08-02,2023-08-02 09:30:00,Sell,19650,CE,48.05,-10,16.6,2023-08-02 13:14:00,19628.85,,,,,,,,,,2023-08-03,1,Wednesday
123,2023-08-02,2023-08-02 10:45:00,Sell,19600,CE,50.65,-10,17.7,2023-08-02 13:39:00,19577.25,,,,,,,,,,2023-08-03,1,Wednesday
124,2023-08-02,2023-08-02 11:30:00,Sell,19550,CE,59.75,-10,20.7,2023-08-02 14:14:00,19538.85,,,,,,,,,,2023-08-03,1,Wednesday
125,2023-08-02,2023-08-02 13:30:00,Sell,19500,CE,52.2,-10,16.7,2023-08-03 12:15:00,19479.95,2023-08-02,2023-08-02 15:15:00,Buy,19650.0,CE,16.1,10.0,1.9,2023-08-03 12:15:00,2023-08-03,1,Wednesday
126,2023-08-02,2023-08-02 13:45:00,Sell,19450,CE,61.0,-10,20.75,2023-08-03 12:30:00,19442.55,2023-08-02,2023-08-02 15:15:00,Buy,19650.0,CE,16.1,10.0,1.9,2023-08-03 12:30:00,2023-08-03,1,Wednesday
127,2023-08-02,2023-08-02 15:15:00,Sell,19500,PE,41.4,-10,118.3,2023-08-03 15:25:00,19542.5,2023-08-02,2023-08-02 15:15:00,Buy,19400.0,PE,13.0,10.0,18.2,2023-08-03 15:25:00,2023-08-03,1,Wednesday
128,2023-08-03,2023-08-03 12:30:00,Sell,19450,CE,20.75,-10,6.8,2023-08-03 12:57:00,19417.15,,,,,,,,,,2023-08-03,0,Thursday
129,2023-08-03,2023-08-03 12:45:00,Sell,19400,CE,29.8,-10,10.3,2023-08-03 13:43:00,19398.9,,,,,,,,,,2023-08-03,0,Thursday
130,2023-08-03,2023-08-03 13:30:00,Sell,19350,CE,26.05,-10,8.6,2023-08-03 14:44:00,19339.0,,,,,,,,,,2023-08-03,0,Thursday
131,2023-08-04,2023-08-04 09:30:00,Sell,19500,CE,89.95,-10,29.7,2023-08-10 13:54:00,19500.0,2023-08-04,2023-08-04 15:15:00,Buy,19700.0,CE,27.8,10.0,0.8,2023-08-10 13:54:00,2023-08-10,4,Friday
132,2023-08-04,2023-08-04 09:30:00,Sell,19500,PE,109.85,-10,38.15,2023-08-07 13:10:00,19500.0,2023-08-04,2023-08-04 15:15:00,Buy,19350.0,PE,29.3,10.0,14.65,2023-08-07 13:10:00,2023-08-10,4,Friday
133,2023-08-04,2023-08-04 09:45:00,Sell,19450,CE,97.45,-10,92.65,2023-08-10 15:25:00,19443.95,2023-08-04,2023-08-04 15:15:00,Buy,19700.0,CE,27.8,10.0,0.05,2023-08-10 15:25:00,2023-08-10,4,Friday
134,2023-08-04,2023-08-04 11:30:00,Sell,19500,PE,84.75,-10,28.8,2023-08-08 14:26:00,19517.55,2023-08-04,2023-08-04 15:15:00,Buy,19350.0,PE,29.3,10.0,8.55,2023-08-08 14:26:00,2023-08-10,4,Friday
135,2023-08-07,2023-08-07 09:30:00,Sell,19550,PE,82.75,-10,25.25,2023-08-09 14:53:00,19553.55,2023-08-07,2023-08-07 15:15:00,Buy,19450.0,PE,25.55,10.0,9.1,2023-08-09 14:53:00,2023-08-10,3,Monday
136,2023-08-07,2023-08-07 13:30:00,Sell,19600,PE,66.95,-10,57.4,2023-08-10 15:25:00,19608.9,2023-08-07,2023-08-07 15:15:00,Buy,19450.0,PE,25.55,10.0,0.05,2023-08-10 15:25:00,2023-08-10,3,Monday
137,2023-08-08,2023-08-08 11:30:00,Sell,19550,CE,67.6,-10,22.1,2023-08-10 10:34:00,19542.95,2023-08-08,2023-08-08 15:15:00,Buy,19700.0,CE,16.25,10.0,3.9,2023-08-10 10:34:00,2023-08-10,2,Tuesday
138,2023-08-09,2023-08-09 10:30:00,Sell,19500,CE,46.2,-10,42.85,2023-08-10 15:25:00,19479.6,2023-08-09,2023-08-09 15:15:00,Buy,19750.0,CE,10.1,10.0,0.05,2023-08-10 15:25:00,2023-08-10,1,Wednesday
139,2023-08-09,2023-08-09 14:45:00,Sell,19550,PE,33.4,-10,10.9,2023-08-10 13:06:00,19573.6,2023-08-09,2023-08-09 15:15:00,Buy,19500.0,PE,10.7,10.0,4.65,2023-08-10 13:06:00,2023-08-10,1,Wednesday
140,2023-08-09,2023-08-09 15:15:00,Sell,19600,PE,28.4,-10,57.4,2023-08-10 15:25:00,19638.6,2023-08-09,2023-08-09 15:15:00,Buy,19500.0,PE,10.7,10.0,0.05,2023-08-10 15:25:00,2023-08-10,1,Wednesday
141,2023-08-10,2023-08-10 10:30:00,Sell,19550,CE,32.9,-10,10.95,2023-08-10 13:53:00,19538.45,,,,,,,,,,2023-08-10,0,Thursday
142,2023-08-11,2023-08-11 09:30:00,Sell,19500,CE,98.2,-10,28.65,2023-08-14 09:16:00,19500.0,2023-08-11,2023-08-11 15:15:00,Buy,19650.0,CE,26.55,10.0,8.75,2023-08-14 09:16:00,2023-08-17,4,Friday
143,2023-08-11,2023-08-11 09:30:00,Sell,19500,PE,91.2,-10,134.35,2023-08-17 15:25:00,19500.0,2023-08-11,2023-08-11 15:15:00,Buy,19300.0,PE,27.45,10.0,0.1,2023-08-17 15:25:00,2023-08-17,4,Friday
144,2023-08-11,2023-08-11 11:45:00,Sell,19450,CE,102.6,-10,35.8,2023-08-14 09:21:00,19443.2,2023-08-11,2023-08-11 15:15:00,Buy,19650.0,CE,26.55,10.0,8.65,2023-08-14 09:21:00,2023-08-17,4,Friday
145,2023-08-14,2023-08-14 09:30:00,Sell,19400,CE,44.8,-10,14.8,2023-08-17 11:32:00,19288.4,2023-08-14,2023-08-14 15:15:00,Buy,19600.0,CE,16.15,10.0,1.65,2023-08-17 11:32:00,2023-08-17,3,Monday
146,2023-08-14,2023-08-14 09:30:00,Sell,19350,CE,63.5,-10,22.2,2023-08-17 12:54:00,19288.4,2023-08-14,2023-08-14 15:15:00,Buy,19600.0,CE,16.15,10.0,0.9,2023-08-17 12:54:00,2023-08-17,3,Monday
147,2023-08-14,2023-08-14 09:30:00,Sell,19300,CE,88.3,-10,65.6,2023-08-17 15:25:00,19288.4,2023-08-14,2023-08-14 15:15:00,Buy,19600.0,CE,16.15,10.0,0.05,2023-08-17 15:25:00,2023-08-17,3,Monday
148,2023-08-14,2023-08-14 11:30:00,Sell,19350,PE,72.5,-10,25.0,2023-08-16 13:06:00,19351.0,2023-08-14,2023-08-14 15:15:00,Buy,19300.0,PE,21.95,10.0,15.15,2023-08-16 13:06:00,2023-08-17,3,Monday
149,2023-08-14,2023-08-14 14:00:00,Sell,19400,PE,64.15,-10,21.9,2023-08-16 15:04:00,19403.7,2023-08-14,2023-08-14 15:15:00,Buy,19300.0,PE,21.95,10.0,7.85,2023-08-16 15:04:00,2023-08-17,3,Monday
150,2023-08-14,2023-08-14 15:00:00,Sell,19450,PE,61.95,-10,84.3,2023-08-17 15:25:00,19460.5,2023-08-14,2023-08-14 15:15:00,Buy,19300.0,PE,21.95,10.0,0.1,2023-08-17 15:25:00,2023-08-17,3,Monday
151,2023-08-16,2023-08-16 09:30:00,Sell,19400,CE,45.95,-10,14.8,2023-08-17 11:32:00,19365.2,2023-08-16,2023-08-16 15:15:00,Buy,19550.0,CE,12.0,10.0,2.2,2023-08-17 11:32:00,2023-08-17,1,Wednesday
152,2023-08-16,2023-08-16 15:15:00,Sell,19450,PE,44.8,-10,84.3,2023-08-17 15:25:00,19462.55,2023-08-16,2023-08-16 15:15:00,Buy,19350.0,PE,15.6,10.0,0.1,2023-08-17 15:25:00,2023-08-17,1,Wednesday
153,2023-08-17,2023-08-17 10:00:00,Sell,19400,CE,34.2,-10,11.85,2023-08-17 12:12:00,19383.5,,,,,,,,,,2023-08-17,0,Thursday
154,2023-08-17,2023-08-17 12:45:00,Sell,19350,CE,22.3,-10,15.7,2023-08-17 15:25:00,19341.15,2023-08-17,2023-08-17 15:15:00,Buy,21100.0,CE,0.1,10.0,0.05,2023-08-17 15:25:00,2023-08-17,0,Thursday
155,2023-08-18,2023-08-18 09:30:00,Sell,19350,CE,77.25,-10,36.95,2023-08-24 15:25:00,19350.0,2023-08-18,2023-08-18 15:15:00,Buy,19500.0,CE,22.75,10.0,0.05,2023-08-24 15:25:00,2023-08-24,4,Friday
156,2023-08-18,2023-08-18 09:30:00,Sell,19350,PE,108.55,-10,37.9,2023-08-22 11:49:00,19350.0,2023-08-18,2023-08-18 15:15:00,Buy,19150.0,PE,30.45,10.0,5.85,2023-08-22 11:49:00,2023-08-24,4,Friday
157,2023-08-18,2023-08-18 09:45:00,Sell,19300,CE,87.4,-10,86.9,2023-08-24 15:25:00,19283.95,2023-08-18,2023-08-18 15:15:00,Buy,19500.0,CE,22.75,10.0,0.05,2023-08-24 15:25:00,2023-08-24,4,Friday
158,2023-08-18,2023-08-18 14:15:00,Sell,19350,PE,87.55,-10,30.25,2023-08-23 11:17:00,19353.8,2023-08-18,2023-08-18 15:15:00,Buy,19150.0,PE,30.45,10.0,2.85,2023-08-23 11:17:00,2023-08-24,4,Friday
159,2023-08-21,2023-08-21 13:15:00,Sell,19400,PE,82.0,-10,27.05,2023-08-23 12:49:00,19403.65,2023-08-21,2023-08-21 15:15:00,Buy,19250.0,PE,26.9,10.0,5.35,2023-08-23 12:49:00,2023-08-24,3,Monday
160,2023-08-23,2023-08-23 13:45:00,Sell,19450,PE,49.65,-10,15.0,2023-08-24 09:15:00,19452.8,2023-08-23,2023-08-23 15:15:00,Buy,19350.0,PE,15.7,10.0,5.6,2023-08-24 09:15:00,2023-08-24,1,Wednesday
161,2023-08-24,2023-08-24 09:30:00,Sell,19500,PE,15.6,-10,113.2,2023-08-24 15:25:00,19551.85,2023-08-24,2023-08-24 15:15:00,Buy,19400.0,PE,6.7,10.0,13.1,2023-08-24 15:25:00,2023-08-24,0,Thursday
162,2023-08-24,2023-08-24 09:30:00,Sell,19550,PE,33.95,-10,163.35,2023-08-24 15:25:00,19551.85,2023-08-24,2023-08-24 15:15:00,Buy,19400.0,PE,6.7,10.0,13.1,2023-08-24 15:25:00,2023-08-24,0,Thursday
163,2023-08-24,2023-08-24 11:00:00,Sell,19500,CE,25.25,-10,8.6,2023-08-24 12:13:00,19498.5,,,,,,,,,,2023-08-24,0,Thursday
164,2023-08-24,2023-08-24 12:30:00,Sell,19450,CE,23.85,-10,7.9,2023-08-24 13:39:00,19439.5,,,,,,,,,,2023-08-24,0,Thursday
165,2023-08-24,2023-08-24 15:00:00,Sell,19400,CE,12.2,-10,2.05,2023-08-24 15:03:00,19398.2,,,,,,,,,,2023-08-24,0,Thursday
166,2023-08-25,2023-08-25 09:30:00,Sell,19350,CE,80.15,-10,25.3,2023-08-31 09:28:00,19350.0,2023-08-25,2023-08-25 15:15:00,Buy,19450.0,CE,26.95,10.0,4.6,2023-08-31 09:28:00,2023-08-31,4,Friday
167,2023-08-25,2023-08-25 09:30:00,Sell,19350,PE,112.6,-10,35.0,2023-08-30 09:15:00,19350.0,2023-08-25,2023-08-25 15:15:00,Buy,19050.0,PE,27.6,10.0,2.95,2023-08-30 09:15:00,2023-08-31,4,Friday
168,2023-08-25,2023-08-25 10:30:00,Sell,19300,CE,72.25,-10,24.15,2023-08-31 11:04:00,19257.4,2023-08-25,2023-08-25 15:15:00,Buy,19450.0,CE,26.95,10.0,2.9,2023-08-31 11:04:00,2023-08-31,4,Friday
169,2023-08-25,2023-08-25 11:00:00,Sell,19250,CE,93.85,-10,32.25,2023-08-31 13:12:00,19248.35,2023-08-25,2023-08-25 15:15:00,Buy,19450.0,CE,26.95,10.0,1.2,2023-08-31 13:12:00,2023-08-31,4,Friday
170,2023-08-25,2023-08-25 11:30:00,Sell,19300,PE,92.25,-10,31.8,2023-08-29 13:10:00,19312.2,2023-08-25,2023-08-25 15:15:00,Buy,19050.0,PE,27.6,10.0,3.75,2023-08-29 13:10:00,2023-08-31,4,Friday
171,2023-08-28,2023-08-28 13:45:00,Sell,19350,PE,73.6,-10,25.45,2023-08-30 09:17:00,19350.15,2023-08-28,2023-08-28 15:15:00,Buy,19150.0,PE,21.3,10.0,3.05,2023-08-30 09:17:00,2023-08-31,3,Monday
172,2023-08-30,2023-08-30 09:30:00,Sell,19400,PE,35.0,-10,148.7,2023-08-31 15:25:00,19434.1,2023-08-30,2023-08-30 15:15:00,Buy,19250.0,PE,12.7,10.0,0.45,2023-08-31 15:25:00,2023-08-31,1,Wednesday
173,2023-08-30,2023-08-30 15:15:00,Sell,19350,CE,34.5,-10,11.9,2023-08-31 11:03:00,19344.5,2023-08-30,2023-08-30 15:15:00,Buy,19450.0,CE,9.0,10.0,3.05,2023-08-31 11:03:00,2023-08-31,1,Wednesday
174,2023-08-31,2023-08-31 13:15:00,Sell,19300,CE,12.35,-10,4.15,2023-08-31 14:30:00,19278.8,,,,,,,,,,2023-08-31,0,Thursday
175,2023-09-01,2023-09-01 09:30:00,Sell,19300,CE,103.7,-10,429.0,2023-09-07 15:25:00,19300.0,2023-09-01,2023-09-01 15:15:00,Buy,19600.0,CE,24.0,10.0,128.1,2023-09-07 15:25:00,2023-09-07,4,Friday
176,2023-09-01,2023-09-01 09:30:00,Sell,19300,PE,82.9,-10,27.65,2023-09-04 09:15:00,19300.0,2023-09-01,2023-09-01 15:15:00,Buy,19200.0,PE,21.75,10.0,18.25,2023-09-04 09:15:00,2023-09-07,4,Friday
177,2023-09-01,2023-09-01 12:45:00,Sell,19350,PE,70.5,-10,24.25,2023-09-04 09:27:00,19367.25,2023-09-01,2023-09-01 15:15:00,Buy,19200.0,PE,21.75,10.0,10.1,2023-09-04 09:27:00,2023-09-07,4,Friday
178,2023-09-01,2023-09-01 13:45:00,Sell,19400,PE,78.2,-10,27.35,2023-09-04 12:40:00,19401.2,2023-09-01,2023-09-01 15:15:00,Buy,19200.0,PE,21.75,10.0,8.3,2023-09-04 12:40:00,2023-09-07,4,Friday
179,2023-09-04,2023-09-04 09:30:00,Sell,19450,PE,47.05,-10,16.4,2023-09-05 14:19:00,19513.9,2023-09-04,2023-09-04 15:15:00,Buy,19350.0,PE,17.3,10.0,6.85,2023-09-05 14:19:00,2023-09-07,3,Monday
180,2023-09-04,2023-09-04 09:30:00,Sell,19500,PE,66.35,-10,21.65,2023-09-05 14:25:00,19513.9,2023-09-04,2023-09-04 15:15:00,Buy,19350.0,PE,17.3,10.0,5.8,2023-09-05 14:25:00,2023-09-07,3,Monday
181,2023-09-04,2023-09-04 10:45:00,Sell,19450,CE,69.35,-10,278.05,2023-09-07 15:25:00,19442.75,2023-09-04,2023-09-04 15:15:00,Buy,19650.0,CE,19.9,10.0,78.15,2023-09-07 15:25:00,2023-09-07,3,Monday
182,2023-09-04,2023-09-04 12:30:00,Sell,19500,PE,58.55,-10,19.7,2023-09-05 14:57:00,19504.15,2023-09-04,2023-09-04 15:15:00,Buy,19350.0,PE,17.3,10.0,5.2,2023-09-05 14:57:00,2023-09-07,3,Monday
183,2023-09-05,2023-09-05 09:30:00,Sell,19550,PE,59.9,-10,15.85,2023-09-06 15:08:00,19550.3,2023-09-05,2023-09-05 15:15:00,Buy,19500.0,PE,21.0,10.0,7.25,2023-09-06 15:08:00,2023-09-07,2,Tuesday
184,2023-09-06,2023-09-06 15:15:00,Sell,19600,PE,36.3,-10,12.0,2023-09-07 11:11:00,19615.0,2023-09-06,2023-09-06 15:15:00,Buy,19500.0,PE,7.75,10.0,2.3,2023-09-07 11:11:00,2023-09-07,1,Wednesday
185,2023-09-07,2023-09-07 13:45:00,Sell,19650,PE,10.45,-10,3.3,2023-09-07 14:20:00,19652.0,,,,,,,,,,2023-09-07,0,Thursday
186,2023-09-07,2023-09-07 14:45:00,Sell,19700,PE,4.9,-10,1.35,2023-09-07 15:03:00,19728.55,,,,,,,,,,2023-09-07,0,Thursday
187,2023-09-08,2023-09-08 09:30:00,Sell,19800,CE,87.95,-10,302.45,2023-09-14 15:25:00,19800.0,2023-09-08,2023-09-08 15:15:00,Buy,20000.0,CE,25.0,10.0,102.5,2023-09-14 15:25:00,2023-09-14,4,Friday
188,2023-09-08,2023-09-08 09:30:00,Sell,19800,PE,88.05,-10,29.1,2023-09-11 11:17:00,19800.0,2023-09-08,2023-09-08 15:15:00,Buy,19600.0,PE,24.0,10.0,9.6,2023-09-11 11:17:00,2023-09-14,4,Friday
189,2023-09-08,2023-09-08 10:45:00,Sell,19750,CE,86.55,-10,352.45,2023-09-14 15:25:00,19742.35,2023-09-08,2023-09-08 15:15:00,Buy,20000.0,CE,25.0,10.0,102.5,2023-09-14 15:25:00,2023-09-14,4,Friday
190,2023-09-08,2023-09-08 11:45:00,Sell,19800,PE,78.65,-10,27.5,2023-09-11 12:10:00,19808.0,2023-09-08,2023-09-08 15:15:00,Buy,19600.0,PE,24.0,10.0,9.2,2023-09-11 12:10:00,2023-09-14,4,Friday
191,2023-09-08,2023-09-08 14:30:00,Sell,19850,PE,82.95,-10,27.5,2023-09-11 15:02:00,19861.85,2023-09-08,2023-09-08 15:15:00,Buy,19600.0,PE,24.0,10.0,7.55,2023-09-11 15:02:00,2023-09-14,4,Friday
192,2023-09-11,2023-09-11 10:00:00,Sell,19900,PE,66.6,-10,22.35,2023-09-12 09:16:00,19926.8,2023-09-11,2023-09-11 15:15:00,Buy,19800.0,PE,22.6,10.0,12.5,2023-09-12 09:16:00,2023-09-14,3,Monday
193,2023-09-11,2023-09-11 12:45:00,Sell,19950,PE,69.75,-10,23.75,2023-09-13 12:10:00,19952.25,2023-09-11,2023-09-11 15:15:00,Buy,19800.0,PE,22.6,10.0,7.9,2023-09-13 12:10:00,2023-09-14,3,Monday
194,2023-09-12,2023-09-12 09:30:00,Sell,20000,PE,55.7,-10,19.25,2023-09-13 14:56:00,20055.75,2023-09-12,2023-09-12 15:15:00,Buy,19850.0,PE,23.45,10.0,6.0,2023-09-13 14:56:00,2023-09-14,2,Tuesday
195,2023-09-12,2023-09-12 09:30:00,Sell,20050,PE,77.6,-10,24.9,2023-09-14 09:15:00,20055.75,2023-09-12,2023-09-12 15:15:00,Buy,19850.0,PE,23.45,10.0,4.15,2023-09-14 09:15:00,2023-09-14,2,Tuesday
196,2023-09-12,2023-09-12 10:00:00,Sell,20000,CE,73.5,-10,102.5,2023-09-14 15:25:00,19972.85,2023-09-12,2023-09-12 15:15:00,Buy,20150.0,CE,18.05,10.0,0.1,2023-09-14 15:25:00,2023-09-14,2,Tuesday
197,2023-09-13,2023-09-13 12:30:00,Sell,20050,PE,51.6,-10,15.0,2023-09-14 09:17:00,20059.1,2023-09-13,2023-09-13 15:15:00,Buy,19950.0,PE,14.35,10.0,4.05,2023-09-14 09:17:00,2023-09-14,1,Wednesday
198,2023-09-14,2023-09-14 09:30:00,Sell,20100,PE,28.4,-10,7.35,2023-09-14 15:02:00,20149.35,,,,,,,,,,2023-09-14,0,Thursday
199,2023-09-14,2023-09-14 09:45:00,Sell,20150,PE,47.3,-10,47.55,2023-09-14 15:25:00,20157.35,2023-09-14,2023-09-14 15:15:00,Buy,20100.0,PE,3.05,10.0,0.2,2023-09-14 15:25:00,2023-09-14,0,Thursday
200,2023-09-14,2023-09-14 10:30:00,Sell,20100,CE,24.15,-10,8.35,2023-09-14 13:43:00,20088.75,,,,,,,,,,2023-09-14,0,Thursday
201,2023-09-15,2023-09-15 09:30:00,Sell,20150,CE,120.7,-10,34.0,2023-09-20 09:15:00,20150.0,2023-09-15,2023-09-15 15:15:00,Buy,20350.0,CE,31.8,10.0,6.0,2023-09-20 09:15:00,2023-09-21,4,Friday
202,2023-09-15,2023-09-15 09:30:00,Sell,20150,PE,78.3,-10,407.85,2023-09-21 15:25:00,20150.0,2023-09-15,2023-09-15 15:15:00,Buy,20050.0,PE,32.75,10.0,307.0,2023-09-21 15:25:00,2023-09-21,4,Friday
203,2023-09-20,2023-09-20 09:30:00,Sell,20100,CE,37.95,-10,13.25,2023-09-20 13:19:00,20032.0,,,,,,,,,,2023-09-21,1,Wednesday
204,2023-09-20,2023-09-20 09:30:00,Sell,20050,CE,60.4,-10,20.8,2023-09-20 13:26:00,20032.0,,,,,,,,,,2023-09-21,1,Wednesday
205,2023-09-20,2023-09-20 10:15:00,Sell,20000,CE,52.65,-10,4.35,2023-09-21 09:15:00,19968.45,2023-09-20,2023-09-20 15:15:00,Buy,20000.0,CE,18.95,10.0,4.35,2023-09-21 09:15:00,2023-09-21,1,Wednesday
206,2023-09-20,2023-09-20 11:45:00,Sell,19950,CE,70.6,-10,13.65,2023-09-21 09:15:00,19943.65,2023-09-20,2023-09-20 15:15:00,Buy,20000.0,CE,18.95,10.0,4.35,2023-09-21 09:15:00,2023-09-21,1,Wednesday
207,2023-09-20,2023-09-20 14:00:00,Sell,19900,CE,63.65,-10,13.75,2023-09-21 09:16:00,19899.55,2023-09-20,2023-09-20 15:15:00,Buy,20000.0,CE,18.95,10.0,3.35,2023-09-21 09:16:00,2023-09-21,1,Wednesday
208,2023-09-21,2023-09-21 09:30:00,Sell,19850,CE,19.2,-10,6.45,2023-09-21 10:08:00,19820.9,,,,,,,,,,2023-09-21,0,Thursday
209,2023-09-21,2023-09-21 10:00:00,Sell,19800,CE,18.1,-10,6.0,2023-09-21 11:39:00,19783.45,,,,,,,,,,2023-09-21,0,Thursday
210,2023-09-21,2023-09-21 12:15:00,Sell,19750,CE,9.5,-10,2.6,2023-09-21 14:27:00,19732.2,,,,,,,,,,2023-09-21,0,Thursday
211,2023-09-22,2023-09-22 09:30:00,Sell,19750,CE,114.2,-10,39.2,2023-09-25 11:14:00,19750.0,2023-09-22,2023-09-22 15:15:00,Buy,19850.0,CE,31.75,10.0,17.2,2023-09-25 11:14:00,2023-09-28,4,Friday
212,2023-09-22,2023-09-22 09:30:00,Sell,19750,PE,88.4,-10,223.75,2023-09-28 15:25:00,19750.0,2023-09-22,2023-09-22 15:15:00,Buy,19500.0,PE,28.95,10.0,0.05,2023-09-28 15:25:00,2023-09-28,4,Friday
213,2023-09-22,2023-09-22 10:00:00,Sell,19700,CE,104.25,-10,26.35,2023-09-27 09:16:00,19677.75,2023-09-22,2023-09-22 15:15:00,Buy,19850.0,CE,31.75,10.0,5.3,2023-09-27 09:16:00,2023-09-28,4,Friday
214,2023-09-22,2023-09-22 11:00:00,Sell,19750,PE,74.15,-10,223.75,2023-09-28 15:25:00,19766.6,2023-09-22,2023-09-22 15:15:00,Buy,19500.0,PE,28.95,10.0,0.05,2023-09-28 15:25:00,2023-09-28,4,Friday
215,2023-09-22,2023-09-22 15:00:00,Sell,19700,CE,102.15,-10,26.35,2023-09-27 09:16:00,19680.2,2023-09-22,2023-09-22 15:15:00,Buy,19850.0,CE,31.75,10.0,5.3,2023-09-27 09:16:00,2023-09-28,4,Friday
216,2023-09-25,2023-09-25 10:15:00,Sell,19650,CE,82.2,-10,27.95,2023-09-27 10:02:00,19618.9,2023-09-25,2023-09-25 15:15:00,Buy,19850.0,CE,23.0,10.0,4.05,2023-09-27 10:02:00,2023-09-28,3,Monday
217,2023-09-25,2023-09-25 12:45:00,Sell,19700,PE,56.6,-10,173.8,2023-09-28 15:25:00,19713.7,2023-09-25,2023-09-25 15:15:00,Buy,19500.0,PE,16.95,10.0,0.05,2023-09-28 15:25:00,2023-09-28,3,Monday
218,2023-09-25,2023-09-25 14:15:00,Sell,19650,CE,69.1,-10,23.9,2023-09-27 10:12:00,19637.9,2023-09-25,2023-09-25 15:15:00,Buy,19850.0,CE,23.0,10.0,4.35,2023-09-27 10:12:00,2023-09-28,3,Monday
219,2023-09-25,2023-09-25 15:00:00,Sell,19700,PE,62.05,-10,173.8,2023-09-28 15:25:00,19701.4,2023-09-25,2023-09-25 15:15:00,Buy,19500.0,PE,16.95,10.0,0.05,2023-09-28 15:25:00,2023-09-28,3,Monday
220,2023-09-26,2023-09-26 13:00:00,Sell,19650,CE,66.95,-10,23.15,2023-09-27 10:15:00,19642.6,2023-09-26,2023-09-26 15:15:00,Buy,19800.0,CE,18.5,10.0,5.75,2023-09-27 10:15:00,2023-09-28,2,Tuesday
221,2023-09-27,2023-09-27 10:15:00,Sell,19600,CE,37.7,-10,11.8,2023-09-28 13:25:00,19561.95,2023-09-27,2023-09-27 15:15:00,Buy,19800.0,CE,12.4,10.0,1.85,2023-09-28 13:25:00,2023-09-28,1,Wednesday
222,2023-09-27,2023-09-27 11:45:00,Sell,19650,PE,48.2,-10,16.75,2023-09-27 14:58:00,19650.1,,,,,,,,,,2023-09-28,1,Wednesday
223,2023-09-27,2023-09-27 14:00:00,Sell,19700,PE,50.2,-10,173.8,2023-09-28 15:25:00,19700.75,2023-09-27,2023-09-27 15:15:00,Buy,19600.0,PE,13.8,10.0,73.4,2023-09-28 15:25:00,2023-09-28,1,Wednesday
224,2023-09-28,2023-09-28 11:30:00,Sell,19650,CE,21.55,-10,7.3,2023-09-28 13:11:00,19639.35,,,,,,,,,,2023-09-28,0,Thursday
225,2023-09-28,2023-09-28 13:15:00,Sell,19600,CE,17.75,-10,5.3,2023-09-28 13:55:00,19591.05,,,,,,,,,,2023-09-28,0,Thursday
226,2023-09-28,2023-09-28 14:30:00,Sell,19550,CE,13.05,-10,4.05,2023-09-28 14:58:00,19546.95,,,,,,,,,,2023-09-28,0,Thursday
227,2023-09-28,2023-09-28 15:15:00,Sell,19500,CE,12.95,-10,26.75,2023-09-28 15:25:00,19499.85,2023-09-28,2023-09-28 15:15:00,Buy,19700.0,CE,0.2,10.0,0.15,2023-09-28 15:25:00,2023-09-28,0,Thursday
0,2023-01-20,2023-01-20 09:30:00,Sell,18100,CE,101.8,-10,31.4,2023-01-25 09:16:00,18100.0,2023-01-20,2023-01-20 15:15:00,Buy,18250.0,CE,24.4,10.0,3.0,2023-01-25 09:16:00,2023-01-25,3,Friday
1,2023-01-20,2023-01-20 09:30:00,Sell,18100,PE,98.6,-10,28.0,2023-01-24 09:15:00,18100.0,2023-01-20,2023-01-20 15:15:00,Buy,17850.0,PE,25.25,10.0,3.75,2023-01-24 09:15:00,2023-01-25,3,Friday
2,2023-01-20,2023-01-20 14:45:00,Sell,18050,CE,91.55,-10,31.1,2023-01-25 09:33:00,18023.3,2023-01-20,2023-01-20 15:15:00,Buy,18250.0,CE,24.4,10.0,2.1,2023-01-25 09:33:00,2023-01-25,3,Friday
3,2023-01-23,2023-01-23 09:45:00,Sell,18100,PE,51.0,-10,17.75,2023-01-24 09:52:00,18126.2,2023-01-23,2023-01-23 15:15:00,Buy,18000.0,PE,17.65,10.0,7.5,2023-01-24 09:52:00,2023-01-25,2,Monday
4,2023-01-23,2023-01-23 10:00:00,Sell,18150,PE,59.3,-10,255.35,2023-01-25 15:25:00,18153.75,2023-01-23,2023-01-23 15:15:00,Buy,18000.0,PE,17.65,10.0,105.7,2023-01-25 15:25:00,2023-01-25,2,Monday
5,2023-01-23,2023-01-23 12:45:00,Sell,18100,CE,85.6,-10,29.2,2023-01-25 09:17:00,18098.65,2023-01-23,2023-01-23 15:15:00,Buy,18250.0,CE,22.85,10.0,2.7,2023-01-25 09:17:00,2023-01-25,2,Monday
6,2023-01-24,2023-01-24 09:30:00,Sell,18150,PE,35.7,-10,255.35,2023-01-25 15:25:00,18175.55,2023-01-24,2023-01-24 15:15:00,Buy,18050.0,PE,16.45,10.0,156.0,2023-01-25 15:25:00,2023-01-25,1,Tuesday
7,2023-01-24,2023-01-24 13:45:00,Sell,18100,CE,59.35,-10,20.7,2023-01-25 09:22:00,18097.45,2023-01-24,2023-01-24 15:15:00,Buy,18200.0,CE,18.9,10.0,4.6,2023-01-25 09:22:00,2023-01-25,1,Tuesday
8,2023-01-25,2023-01-25 09:30:00,Sell,18050,CE,37.0,-10,12.75,2023-01-25 10:13:00,18044.15,,,,,,,,,,2023-01-25,0,Wednesday
9,2023-01-25,2023-01-25 10:15:00,Sell,18000,CE,23.1,-10,7.45,2023-01-25 11:23:00,17944.7,,,,,,,,,,2023-01-25,0,Wednesday
10,2023-01-25,2023-01-25 10:15:00,Sell,17950,CE,42.0,-10,14.05,2023-01-25 11:24:00,17944.7,,,,,,,,,,2023-01-25,0,Wednesday
11,2023-01-25,2023-01-25 11:30:00,Sell,17900,CE,25.55,-10,8.7,2023-01-25 14:47:00,17863.0,,,,,,,,,,2023-01-25,0,Wednesday
12,2023-01-27,2023-01-27 09:30:00,Sell,17750,CE,206.25,-10,72.15,2023-01-30 13:15:00,17750.0,2023-01-27,2023-01-27 15:15:00,Buy,17950.0,CE,58.8,10.0,32.05,2023-01-30 13:15:00,2023-02-02,4,Friday
13,2023-01-27,2023-01-27 09:30:00,Sell,17750,PE,193.1,-10,66.5,2023-02-01 12:23:00,17750.0,2023-01-27,2023-01-27 15:15:00,Buy,17250.0,PE,58.8,10.0,7.3,2023-02-01 12:23:00,2023-02-02,4,Friday
14,2023-01-27,2023-01-27 10:15:00,Sell,17700,CE,196.6,-10,68.7,2023-02-01 14:18:00,17685.4,2023-01-27,2023-01-27 15:15:00,Buy,17950.0,CE,58.8,10.0,15.0,2023-02-01 14:18:00,2023-02-02,4,Friday
15,2023-01-27,2023-01-27 12:15:00,Sell,17650,CE,186.0,-10,63.25,2023-02-01 14:28:00,17630.55,2023-01-27,2023-01-27 15:15:00,Buy,17950.0,CE,58.8,10.0,10.65,2023-02-01 14:28:00,2023-02-02,4,Friday
16,2023-01-27,2023-01-27 12:45:00,Sell,17600,CE,207.1,-10,71.2,2023-02-01 14:43:00,17567.95,2023-01-27,2023-01-27 15:15:00,Buy,17950.0,CE,58.8,10.0,9.4,2023-02-01 14:43:00,2023-02-02,4,Friday
17,2023-01-27,2023-01-27 14:00:00,Sell,17550,CE,199.7,-10,65.05,2023-02-01 14:46:00,17541.6,2023-01-27,2023-01-27 15:15:00,Buy,17950.0,CE,58.8,10.0,7.55,2023-02-01 14:46:00,2023-02-02,4,Friday
18,2023-01-27,2023-01-27 15:15:00,Sell,17600,PE,164.75,-10,56.5,2023-02-01 09:52:00,17613.15,2023-01-27,2023-01-27 15:15:00,Buy,17250.0,PE,58.8,10.0,13.1,2023-02-01 09:52:00,2023-02-02,4,Friday
19,2023-01-30,2023-01-30 09:30:00,Sell,17650,PE,148.55,-10,51.2,2023-02-01 11:05:00,17676.9,2023-01-30,2023-01-30 15:15:00,Buy,17300.0,PE,45.25,10.0,12.0,2023-02-01 11:05:00,2023-02-02,3,Monday
20,2023-01-30,2023-01-30 10:30:00,Sell,17600,CE,195.25,-10,65.2,2023-02-01 14:44:00,17595.8,2023-01-30,2023-01-30 15:15:00,Buy,18000.0,CE,45.75,10.0,6.65,2023-02-01 14:44:00,2023-02-02,3,Monday
21,2023-01-30,2023-01-30 11:45:00,Sell,17550,CE,190.4,-10,65.05,2023-02-01 14:46:00,17549.6,2023-01-30,2023-01-30 15:15:00,Buy,18000.0,CE,45.75,10.0,6.45,2023-02-01 14:46:00,2023-02-02,3,Monday
22,2023-01-30,2023-01-30 12:00:00,Sell,17600,PE,145.2,-10,48.5,2023-02-01 10:25:00,17611.45,2023-01-30,2023-01-30 15:15:00,Buy,17300.0,PE,45.25,10.0,12.05,2023-02-01 10:25:00,2023-02-02,3,Monday
23,2023-01-30,2023-01-30 12:45:00,Sell,17550,CE,181.6,-10,53.65,2023-02-01 14:47:00,17526.25,2023-01-30,2023-01-30 15:15:00,Buy,18000.0,CE,45.75,10.0,6.2,2023-02-01 14:47:00,2023-02-02,3,Monday
24,2023-01-30,2023-01-30 13:15:00,Sell,17500,CE,174.1,-10,59.4,2023-02-02 09:22:00,17459.15,2023-01-30,2023-01-30 15:15:00,Buy,18000.0,CE,45.75,10.0,2.7,2023-02-02 09:22:00,2023-02-02,3,Monday
25,2023-01-30,2023-01-30 14:00:00,Sell,17450,CE,188.25,-10,65.8,2023-02-02 13:57:00,17441.3,2023-01-30,2023-01-30 15:15:00,Buy,18000.0,CE,45.75,10.0,0.55,2023-02-02 13:57:00,2023-02-02,3,Monday
26,2023-01-30,2023-01-30 14:15:00,Sell,17500,PE,132.85,-10,42.0,2023-02-01 09:15:00,17534.3,2023-01-30,2023-01-30 15:15:00,Buy,17300.0,PE,45.25,10.0,24.85,2023-02-01 09:15:00,2023-02-02,3,Monday
27,2023-01-30,2023-01-30 14:45:00,Sell,17550,PE,140.25,-10,48.9,2023-02-01 09:23:00,17557.85,2023-01-30,2023-01-30 15:15:00,Buy,17300.0,PE,45.25,10.0,17.0,2023-02-01 09:23:00,2023-02-02,3,Monday
28,2023-01-30,2023-01-30 15:15:00,Sell,17600,PE,129.2,-10,45.1,2023-02-01 10:48:00,17655.95,2023-01-30,2023-01-30 15:15:00,Buy,17300.0,PE,45.25,10.0,12.0,2023-02-01 10:48:00,2023-02-02,3,Monday
29,2023-01-30,2023-01-30 15:15:00,Sell,17650,PE,150.4,-10,51.2,2023-02-01 11:05:00,17655.95,2023-01-30,2023-01-30 15:15:00,Buy,17300.0,PE,45.25,10.0,12.0,2023-02-01 11:05:00,2023-02-02,3,Monday
30,2023-01-31,2023-01-31 09:45:00,Sell,17600,CE,165.05,-10,50.4,2023-02-01 14:45:00,17579.85,2023-01-31,2023-01-31 15:15:00,Buy,18050.0,CE,42.2,10.0,5.55,2023-02-01 14:45:00,2023-02-02,2,Tuesday
31,2023-01-31,2023-01-31 13:30:00,Sell,17650,PE,124.0,-10,39.4,2023-02-01 12:23:00,17658.3,2023-01-31,2023-01-31 15:15:00,Buy,17450.0,PE,47.15,10.0,14.8,2023-02-01 12:23:00,2023-02-02,2,Tuesday
32,2023-02-01,2023-02-01 09:30:00,Sell,17700,PE,93.55,-10,29.75,2023-02-01 12:31:00,17783.7,,,,,,,,,,2023-02-02,1,Wednesday
33,2023-02-01,2023-02-01 09:30:00,Sell,17750,PE,113.7,-10,34.85,2023-02-01 12:32:00,17783.7,,,,,,,,,,2023-02-02,1,Wednesday
34,2023-02-01,2023-02-01 10:30:00,Sell,17800,PE,113.4,-10,35.2,2023-02-01 12:34:00,17806.3,,,,,,,,,,2023-02-02,1,Wednesday
35,2023-02-01,2023-02-01 12:30:00,Sell,17850,PE,84.05,-10,238.75,2023-02-02 15:25:00,17858.75,2023-02-01,2023-02-01 15:15:00,Buy,17450.0,PE,24.35,10.0,0.1,2023-02-02 15:25:00,2023-02-02,1,Wednesday
36,2023-02-01,2023-02-01 12:45:00,Sell,17900,PE,75.15,-10,289.0,2023-02-02 15:25:00,17905.15,2023-02-01,2023-02-01 15:15:00,Buy,17450.0,PE,24.35,10.0,0.1,2023-02-02 15:25:00,2023-02-02,1,Wednesday
37,2023-02-01,2023-02-01 13:00:00,Sell,17950,PE,73.55,-10,339.3,2023-02-02 15:25:00,17968.5,2023-02-01,2023-02-01 15:15:00,Buy,17450.0,PE,24.35,10.0,0.1,2023-02-02 15:25:00,2023-02-02,1,Wednesday
38,2023-02-01,2023-02-01 13:30:00,Sell,17900,CE,54.15,-10,18.7,2023-02-01 14:19:00,17806.4,,,,,,,,,,2023-02-02,1,Wednesday
39,2023-02-01,2023-02-01 13:30:00,Sell,17850,CE,73.45,-10,25.2,2023-02-01 14:19:00,17806.4,,,,,,,,,,2023-02-02,1,Wednesday
40,2023-02-01,2023-02-01 13:45:00,Sell,17800,CE,62.0,-10,20.15,2023-02-01 14:43:00,17730.35,,,,,,,,,,2023-02-02,1,Wednesday
41,2023-02-01,2023-02-01 13:45:00,Sell,17750,CE,84.4,-10,27.0,2023-02-01 14:43:00,17730.35,,,,,,,,,,2023-02-02,1,Wednesday
42,2023-02-01,2023-02-01 14:00:00,Sell,17700,CE,77.15,-10,24.45,2023-02-01 14:45:00,17663.95,,,,,,,,,,2023-02-02,1,Wednesday
43,2023-02-01,2023-02-01 14:30:00,Sell,17650,CE,74.1,-10,24.05,2023-02-01 14:51:00,17601.65,,,,,,,,,,2023-02-02,1,Wednesday
44,2023-02-01,2023-02-01 14:45:00,Sell,17600,CE,50.4,-10,14.35,2023-02-02 13:04:00,17495.6,2023-02-01,2023-02-01 15:15:00,Buy,17850.0,CE,20.2,10.0,1.25,2023-02-02 13:04:00,2023-02-02,1,Wednesday
45,2023-02-01,2023-02-01 14:45:00,Sell,17550,CE,71.0,-10,21.2,2023-02-02 13:39:00,17495.6,2023-02-01,2023-02-01 15:15:00,Buy,17850.0,CE,20.2,10.0,0.75,2023-02-02 13:39:00,2023-02-02,1,Wednesday
46,2023-02-01,2023-02-01 14:45:00,Sell,17500,CE,96.2,-10,111.4,2023-02-02 15:25:00,17495.6,2023-02-01,2023-02-01 15:15:00,Buy,17850.0,CE,20.2,10.0,0.05,2023-02-02 15:25:00,2023-02-02,1,Wednesday
47,2023-02-01,2023-02-01 15:00:00,Sell,17450,CE,114.0,-10,160.95,2023-02-02 15:25:00,17447.25,2023-02-01,2023-02-01 15:15:00,Buy,17850.0,CE,20.2,10.0,0.05,2023-02-02 15:25:00,2023-02-02,1,Wednesday
48,2023-02-01,2023-02-01 15:15:00,Sell,17500,PE,34.1,-10,11.8,2023-02-02 12:03:00,17637.1,2023-02-01,2023-02-01 15:15:00,Buy,17450.0,PE,24.35,10.0,7.45,2023-02-02 12:03:00,2023-02-02,1,Wednesday
49,2023-02-01,2023-02-01 15:15:00,Sell,17550,PE,47.7,-10,15.45,2023-02-02 14:20:00,17637.1,2023-02-01,2023-02-01 15:15:00,Buy,17450.0,PE,24.35,10.0,2.65,2023-02-02 14:20:00,2023-02-02,1,Wednesday
50,2023-02-01,2023-02-01 15:15:00,Sell,17600,PE,66.2,-10,17.55,2023-02-02 14:37:00,17637.1,2023-02-01,2023-02-01 15:15:00,Buy,17450.0,PE,24.35,10.0,1.2,2023-02-02 14:37:00,2023-02-02,1,Wednesday
51,2023-02-02,2023-02-02 10:30:00,Sell,17550,CE,52.5,-10,15.8,2023-02-02 13:57:00,17525.35,,,,,,,,,,2023-02-02,0,Thursday
52,2023-02-02,2023-02-02 11:30:00,Sell,17600,PE,50.4,-10,17.55,2023-02-02 14:37:00,17604.8,,,,,,,,,,2023-02-02,0,Thursday
53,2023-02-02,2023-02-02 13:30:00,Sell,17550,CE,34.45,-10,61.3,2023-02-02 15:25:00,17548.4,2023-02-02,2023-02-02 15:15:00,Buy,17600.0,CE,7.45,10.0,11.2,2023-02-02 15:25:00,2023-02-02,0,Thursday
54,2023-02-02,2023-02-02 14:45:00,Sell,17600,PE,19.5,-10,4.1,2023-02-02 15:04:00,17602.75,,,,,,,,,,2023-02-02,0,Thursday
55,2023-02-03,2023-02-03 09:30:00,Sell,17700,CE,136.5,-10,192.5,2023-02-09 15:25:00,17700.0,2023-02-03,2023-02-03 15:15:00,Buy,18050.0,CE,38.65,10.0,0.05,2023-02-09 15:25:00,2023-02-09,4,Friday
56,2023-02-03,2023-02-03 09:30:00,Sell,17700,PE,135.55,-10,47.4,2023-02-07 14:56:00,17700.0,2023-02-03,2023-02-03 15:15:00,Buy,17550.0,PE,34.95,10.0,16.3,2023-02-07 14:56:00,2023-02-09,4,Friday
57,2023-02-03,2023-02-03 10:30:00,Sell,17650,CE,130.9,-10,242.4,2023-02-09 15:25:00,17640.0,2023-02-03,2023-02-03 15:15:00,Buy,18050.0,CE,38.65,10.0,0.05,2023-02-09 15:25:00,2023-02-09,4,Friday
58,2023-02-03,2023-02-03 10:45:00,Sell,17600,CE,138.3,-10,292.35,2023-02-09 15:25:00,17584.4,2023-02-03,2023-02-03 15:15:00,Buy,18050.0,CE,38.65,10.0,0.05,2023-02-09 15:25:00,2023-02-09,4,Friday
59,2023-02-03,2023-02-03 12:00:00,Sell,17650,PE,122.35,-10,42.75,2023-02-07 09:20:00,17654.2,2023-02-03,2023-02-03 15:15:00,Buy,17550.0,PE,34.95,10.0,23.7,2023-02-07 09:20:00,2023-02-09,4,Friday
60,2023-02-03,2023-02-03 13:15:00,Sell,17700,PE,115.2,-10,39.6,2023-02-08 09:21:00,17708.1,2023-02-03,2023-02-03 15:15:00,Buy,17550.0,PE,34.95,10.0,13.1,2023-02-08 09:21:00,2023-02-09,4,Friday
61,2023-02-03,2023-02-03 14:30:00,Sell,17750,PE,100.45,-10,32.9,2023-02-08 10:07:00,17797.6,2023-02-03,2023-02-03 15:15:00,Buy,17550.0,PE,34.95,10.0,9.15,2023-02-08 10:07:00,2023-02-09,4,Friday
62,2023-02-03,2023-02-03 14:45:00,Sell,17800,PE,104.45,-10,36.5,2023-02-08 13:25:00,17830.55,2023-02-03,2023-02-03 15:15:00,Buy,17550.0,PE,34.95,10.0,5.5,2023-02-08 13:25:00,2023-02-09,4,Friday
63,2023-02-03,2023-02-03 15:15:00,Sell,17850,PE,115.7,-10,39.55,2023-02-09 10:00:00,17855.05,2023-02-03,2023-02-03 15:15:00,Buy,17550.0,PE,34.95,10.0,2.15,2023-02-09 10:00:00,2023-02-09,4,Friday
64,2023-02-06,2023-02-06 09:30:00,Sell,17800,CE,85.8,-10,92.85,2023-02-09 15:25:00,17746.85,2023-02-06,2023-02-06 15:15:00,Buy,17950.0,CE,32.7,10.0,0.05,2023-02-09 15:25:00,2023-02-09,3,Monday
65,2023-02-06,2023-02-06 09:30:00,Sell,17750,CE,110.25,-10,142.95,2023-02-09 15:25:00,17746.85,2023-02-06,2023-02-06 15:15:00,Buy,17950.0,CE,32.7,10.0,0.05,2023-02-09 15:25:00,2023-02-09,3,Monday
66,2023-02-07,2023-02-07 12:45:00,Sell,17700,CE,93.45,-10,192.5,2023-02-09 15:25:00,17690.85,2023-02-07,2023-02-07 15:15:00,Buy,17900.0,CE,26.6,10.0,0.1,2023-02-09 15:25:00,2023-02-09,2,Tuesday
67,2023-02-07,2023-02-07 14:45:00,Sell,17750,PE,78.1,-10,27.15,2023-02-08 11:45:00,17753.45,2023-02-07,2023-02-07 15:15:00,Buy,17550.0,PE,22.0,10.0,6.0,2023-02-08 11:45:00,2023-02-09,2,Tuesday
68,2023-02-08,2023-02-08 09:30:00,Sell,17800,PE,68.0,-10,23.3,2023-02-09 09:57:00,17808.9,2023-02-08,2023-02-08 15:15:00,Buy,17750.0,PE,20.75,10.0,12.6,2023-02-09 09:57:00,2023-02-09,1,Wednesday
69,2023-02-08,2023-02-08 10:00:00,Sell,17850,PE,72.0,-10,25.15,2023-02-09 10:35:00,17851.2,2023-02-08,2023-02-08 15:15:00,Buy,17750.0,PE,20.75,10.0,6.55,2023-02-09 10:35:00,2023-02-09,1,Wednesday
70,2023-02-09,2023-02-09 09:45:00,Sell,17800,CE,37.0,-10,92.85,2023-02-09 15:25:00,17789.8,2023-02-09,2023-02-09 15:15:00,Buy,17900.0,CE,0.55,10.0,0.1,2023-02-09 15:25:00,2023-02-09,0,Thursday
71,2023-02-09,2023-02-09 10:15:00,Sell,17850,PE,33.55,-10,11.4,2023-02-09 13:49:00,17856.75,,,,,,,,,,2023-02-09,0,Thursday
72,2023-02-09,2023-02-09 14:15:00,Sell,17900,PE,18.4,-10,7.15,2023-02-09 15:25:00,17900.0,2023-02-09,2023-02-09 15:15:00,Buy,17900.0,PE,12.5,10.0,7.15,2023-02-09 15:25:00,2023-02-09,0,Thursday
73,2023-02-10,2023-02-10 09:30:00,Sell,17850,CE,106.2,-10,189.9,2023-02-16 15:25:00,17850.0,2023-02-10,2023-02-10 15:15:00,Buy,18050.0,CE,26.2,10.0,0.05,2023-02-16 15:25:00,2023-02-16,4,Friday
74,2023-02-10,2023-02-10 09:30:00,Sell,17850,PE,98.8,-10,34.35,2023-02-15 10:04:00,17850.0,2023-02-10,2023-02-10 15:15:00,Buy,17700.0,PE,35.25,10.0,8.25,2023-02-15 10:04:00,2023-02-16,4,Friday
75,2023-02-13,2023-02-13 10:00:00,Sell,17800,CE,81.5,-10,239.45,2023-02-16 15:25:00,17771.05,2023-02-13,2023-02-13 15:15:00,Buy,17950.0,CE,26.15,10.0,90.1,2023-02-16 15:25:00,2023-02-16,3,Monday
76,2023-02-13,2023-02-13 10:15:00,Sell,17750,CE,97.95,-10,290.0,2023-02-16 15:25:00,17745.45,2023-02-13,2023-02-13 15:15:00,Buy,17950.0,CE,26.15,10.0,90.1,2023-02-16 15:25:00,2023-02-16,3,Monday
77,2023-02-13,2023-02-13 15:00:00,Sell,17800,PE,83.15,-10,28.95,2023-02-14 13:58:00,17801.25,2023-02-13,2023-02-13 15:15:00,Buy,17600.0,PE,26.5,10.0,6.5,2023-02-14 13:58:00,2023-02-16,3,Monday
78,2023-02-14,2023-02-14 11:15:00,Sell,17850,PE,73.8,-10,25.45,2023-02-15 11:11:00,17853.25,2023-02-14,2023-02-14 15:15:00,Buy,17750.0,PE,21.2,10.0,9.8,2023-02-15 11:11:00,2023-02-16,2,Tuesday
79,2023-02-14,2023-02-14 12:45:00,Sell,17900,PE,67.05,-10,23.25,2023-02-15 14:41:00,17917.6,2023-02-14,2023-02-14 15:15:00,Buy,17750.0,PE,21.2,10.0,5.2,2023-02-15 14:41:00,2023-02-16,2,Tuesday
80,2023-02-15,2023-02-15 14:45:00,Sell,17950,PE,40.95,-10,8.8,2023-02-16 09:15:00,17956.6,2023-02-15,2023-02-15 15:15:00,Buy,17850.0,PE,10.15,10.0,4.15,2023-02-16 09:15:00,2023-02-16,1,Wednesday
81,2023-02-15,2023-02-15 15:15:00,Sell,18000,PE,41.0,-10,13.85,2023-02-16 09:16:00,18016.3,2023-02-15,2023-02-15 15:15:00,Buy,17850.0,PE,10.15,10.0,3.55,2023-02-16 09:16:00,2023-02-16,1,Wednesday
82,2023-02-16,2023-02-16 09:30:00,Sell,18050,PE,14.5,-10,4.7,2023-02-16 13:43:00,18120.35,,,,,,,,,,2023-02-16,0,Thursday
83,2023-02-16,2023-02-16 09:30:00,Sell,18100,PE,28.45,-10,60.0,2023-02-16 15:25:00,18120.35,2023-02-16,2023-02-16 15:15:00,Buy,18050.0,PE,8.05,10.0,10.05,2023-02-16 15:25:00,2023-02-16,0,Thursday
84,2023-02-16,2023-02-16 14:30:00,Sell,18050,CE,16.7,-10,4.35,2023-02-16 15:09:00,18047.35,,,,,,,,,,2023-02-16,0,Thursday
85,2023-02-17,2023-02-17 09:30:00,Sell,18000,CE,96.3,-10,31.05,2023-02-21 09:37:00,18000.0,2023-02-17,2023-02-17 15:15:00,Buy,18150.0,CE,28.1,10.0,10.05,2023-02-21 09:37:00,2023-02-23,4,Friday
86,2023-02-17,2023-02-17 09:30:00,Sell,18000,PE,99.25,-10,489.0,2023-02-23 15:25:00,18000.0,2023-02-17,2023-02-17 15:15:00,Buy,17750.0,PE,28.8,10.0,238.0,2023-02-23 15:25:00,2023-02-23,4,Friday
87,2023-02-17,2023-02-17 12:45:00,Sell,17950,CE,105.0,-10,35.6,2023-02-21 12:21:00,17944.75,2023-02-17,2023-02-17 15:15:00,Buy,18150.0,CE,28.1,10.0,7.1,2023-02-21 12:21:00,2023-02-23,4,Friday
88,2023-02-17,2023-02-17 13:45:00,Sell,17900,CE,108.8,-10,30.0,2023-02-22 09:15:00,17890.05,2023-02-17,2023-02-17 15:15:00,Buy,18150.0,CE,28.1,10.0,2.25,2023-02-22 09:15:00,2023-02-23,4,Friday
89,2023-02-17,2023-02-17 15:15:00,Sell,17950,PE,91.7,-10,438.95,2023-02-23 15:25:00,17950.25,2023-02-17,2023-02-17 15:15:00,Buy,17750.0,PE,28.8,10.0,238.0,2023-02-23 15:25:00,2023-02-23,4,Friday
90,2023-02-20,2023-02-20 12:45:00,Sell,17900,CE,90.5,-10,30.0,2023-02-22 09:15:00,17892.65,2023-02-20,2023-02-20 15:15:00,Buy,18050.0,CE,26.9,10.0,5.6,2023-02-22 09:15:00,2023-02-23,3,Monday
91,2023-02-20,2023-02-20 14:15:00,Sell,17850,CE,92.35,-10,29.6,2023-02-22 09:16:00,17841.55,2023-02-20,2023-02-20 15:15:00,Buy,18050.0,CE,26.9,10.0,5.3,2023-02-22 09:16:00,2023-02-23,3,Monday
92,2023-02-21,2023-02-21 10:15:00,Sell,17900,PE,72.6,-10,388.45,2023-02-23 15:25:00,17904.8,2023-02-21,2023-02-21 15:15:00,Buy,17700.0,PE,22.25,10.0,188.6,2023-02-23 15:25:00,2023-02-23,2,Tuesday
93,2023-02-21,2023-02-21 12:30:00,Sell,17850,CE,67.15,-10,22.2,2023-02-22 09:27:00,17829.8,2023-02-21,2023-02-21 15:15:00,Buy,18000.0,CE,17.3,10.0,6.7,2023-02-22 09:27:00,2023-02-23,2,Tuesday
94,2023-02-22,2023-02-22 09:30:00,Sell,17800,CE,40.25,-10,13.95,2023-02-22 12:38:00,17748.8,,,,,,,,,,2023-02-23,1,Wednesday
95,2023-02-22,2023-02-22 09:30:00,Sell,17750,CE,61.65,-10,21.1,2023-02-22 12:40:00,17748.8,,,,,,,,,,2023-02-23,1,Wednesday
96,2023-02-22,2023-02-22 10:00:00,Sell,17700,CE,56.9,-10,17.6,2023-02-22 14:08:00,17677.4,,,,,,,,,,2023-02-23,1,Wednesday
97,2023-02-22,2023-02-22 12:00:00,Sell,17650,CE,63.5,-10,21.9,2023-02-22 15:06:00,17644.35,,,,,,,,,,2023-02-23,1,Wednesday
98,2023-02-22,2023-02-22 13:30:00,Sell,17600,CE,60.5,-10,21.15,2023-02-23 09:27:00,17586.25,2023-02-22,2023-02-22 15:15:00,Buy,17700.0,CE,13.95,10.0,6.25,2023-02-23 09:27:00,2023-02-23,1,Wednesday
99,2023-02-22,2023-02-22 14:15:00,Sell,17550,CE,60.85,-10,19.95,2023-02-23 09:44:00,17537.8,2023-02-22,2023-02-22 15:15:00,Buy,17700.0,CE,13.95,10.0,3.8,2023-02-23 09:44:00,2023-02-23,1,Wednesday
100,2023-02-23,2023-02-23 09:45:00,Sell,17500,CE,35.0,-10,8.45,2023-02-23 15:05:00,17471.85,,,,,,,,,,2023-02-23,0,Thursday
101,2023-02-23,2023-02-23 10:00:00,Sell,17550,PE,36.5,-10,12.6,2023-02-23 13:11:00,17560.6,,,,,,,,,,2023-02-23,0,Thursday
102,2023-02-23,2023-02-23 10:30:00,Sell,17600,PE,30.2,-10,88.35,2023-02-23 15:25:00,17610.75,2023-02-23,2023-02-23 15:15:00,Buy,17500.0,PE,1.85,10.0,0.1,2023-02-23 15:25:00,2023-02-23,0,Thursday
103,2023-02-23,2023-02-23 12:45:00,Sell,17550,CE,19.05,-10,3.25,2023-02-23 15:01:00,17527.7,,,,,,,,,,2023-02-23,0,Thursday
104,2023-02-24,2023-02-24 09:30:00,Sell,17550,CE,125.3,-10,43.7,2023-02-27 09:17:00,17550.0,2023-02-24,2023-02-24 15:15:00,Buy,17700.0,CE,29.1,10.0,15.5,2023-02-27 09:17:00,2023-03-02,4,Friday
105,2023-02-24,2023-02-24 09:30:00,Sell,17550,PE,95.3,-10,228.45,2023-03-02 15:25:00,17550.0,2023-02-24,2023-02-24 15:15:00,Buy,17300.0,PE,34.8,10.0,57.5,2023-03-02 15:25:00,2023-03-02,4,Friday
106,2023-02-24,2023-02-24 11:45:00,Sell,17500,CE,115.55,-10,38.65,2023-02-27 10:07:00,17499.0,2023-02-24,2023-02-24 15:15:00,Buy,17700.0,CE,29.1,10.0,10.95,2023-02-27 10:07:00,2023-03-02,4,Friday
107,2023-02-24,2023-02-24 13:00:00,Sell,17450,CE,110.6,-10,38.7,2023-02-28 12:52:00,17431.8,2023-02-24,2023-02-24 15:15:00,Buy,17700.0,CE,29.1,10.0,5.45,2023-02-28 12:52:00,2023-03-02,4,Friday
108,2023-02-27,2023-02-27 10:00:00,Sell,17400,CE,78.1,-10,26.85,2023-03-02 09:47:00,17331.35,2023-02-27,2023-02-27 15:15:00,Buy,17600.0,CE,25.75,10.0,6.7,2023-03-02 09:47:00,2023-03-02,3,Monday
109,2023-02-27,2023-02-27 10:00:00,Sell,17350,CE,101.4,-10,31.25,2023-03-02 13:04:00,17331.35,2023-02-27,2023-02-27 15:15:00,Buy,17600.0,CE,25.75,10.0,6.7,2023-03-02 13:04:00,2023-03-02,3,Monday
110,2023-02-27,2023-02-27 15:15:00,Sell,17400,PE,69.85,-10,24.4,2023-03-01 14:38:00,17402.2,2023-02-27,2023-02-27 15:15:00,Buy,17250.0,PE,25.6,10.0,39.0,2023-03-01 14:38:00,2023-03-02,3,Monday
111,2023-02-28,2023-02-28 11:45:00,Sell,17350,CE,83.35,-10,28.3,2023-03-02 13:05:00,17345.9,2023-02-28,2023-02-28 15:15:00,Buy,17500.0,CE,18.3,10.0,16.55,2023-03-02 13:05:00,2023-03-02,2,Tuesday
112,2023-02-28,2023-02-28 14:15:00,Sell,17300,CE,65.25,-10,22.4,2023-03-02 15:22:00,17260.95,2023-02-28,2023-02-28 15:15:00,Buy,17500.0,CE,18.3,10.0,16.55,2023-03-02 15:22:00,2023-03-02,2,Tuesday
113,2023-03-01,2023-03-01 09:30:00,Sell,17350,PE,52.7,-10,18.35,2023-03-01 13:53:00,17368.35,,,,,,,,,,2023-03-02,1,Wednesday
114,2023-03-01,2023-03-01 09:45:00,Sell,17400,PE,57.2,-10,78.35,2023-03-02 15:25:00,17404.95,2023-03-01,2023-03-01 15:15:00,Buy,17350.0,PE,13.35,10.0,28.1,2023-03-02 15:25:00,2023-03-02,1,Wednesday
115,2023-03-01,2023-03-01 14:45:00,Sell,17450,PE,37.65,-10,128.05,2023-03-02 15:25:00,17466.55,2023-03-01,2023-03-01 15:15:00,Buy,17350.0,PE,13.35,10.0,28.1,2023-03-02 15:25:00,2023-03-02,1,Wednesday
116,2023-03-02,2023-03-02 09:30:00,Sell,17400,CE,31.3,-10,9.6,2023-03-02 13:04:00,17373.6,,,,,,,,,,2023-03-02,0,Thursday
117,2023-03-02,2023-03-02 10:00:00,Sell,17350,CE,37.95,-10,12.35,2023-03-02 13:36:00,17346.7,,,,,,,,,,2023-03-02,0,Thursday
118,2023-03-03,2023-03-03 09:30:00,Sell,17450,CE,103.95,-10,140.9,2023-03-09 15:25:00,17450.0,2023-03-03,2023-03-03 15:15:00,Buy,17750.0,CE,22.8,10.0,0.1,2023-03-09 15:25:00,2023-03-09,4,Friday
119,2023-03-03,2023-03-03 09:30:00,Sell,17450,PE,72.7,-10,19.85,2023-03-06 09:15:00,17450.0,2023-03-03,2023-03-03 15:15:00,Buy,17400.0,PE,23.7,10.0,19.65,2023-03-06 09:15:00,2023-03-09,4,Friday
120,2023-03-03,2023-03-03 10:15:00,Sell,17500,PE,74.2,-10,25.0,2023-03-06 09:15:00,17513.9,2023-03-03,2023-03-03 15:15:00,Buy,17400.0,PE,23.7,10.0,19.65,2023-03-06 09:15:00,2023-03-09,4,Friday
121,2023-03-03,2023-03-03 11:30:00,Sell,17550,PE,78.4,-10,26.3,2023-03-06 09:15:00,17562.15,2023-03-03,2023-03-03 15:15:00,Buy,17400.0,PE,23.7,10.0,19.65,2023-03-06 09:15:00,2023-03-09,4,Friday
122,2023-03-03,2023-03-03 13:45:00,Sell,17600,PE,80.05,-10,27.4,2023-03-06 09:18:00,17603.5,2023-03-03,2023-03-03 15:15:00,Buy,17400.0,PE,23.7,10.0,8.35,2023-03-06 09:18:00,2023-03-09,4,Friday
123,2023-03-06,2023-03-06 09:30:00,Sell,17650,PE,31.65,-10,9.35,2023-03-09 09:16:00,17751.25,2023-03-06,2023-03-06 15:15:00,Buy,17550.0,PE,15.0,10.0,3.05,2023-03-09 09:16:00,2023-03-09,3,Monday
124,2023-03-06,2023-03-06 09:30:00,Sell,17700,PE,46.0,-10,14.05,2023-03-09 09:20:00,17751.25,2023-03-06,2023-03-06 15:15:00,Buy,17550.0,PE,15.0,10.0,2.3,2023-03-09 09:20:00,2023-03-09,3,Monday
125,2023-03-06,2023-03-06 09:30:00,Sell,17750,PE,66.0,-10,159.25,2023-03-09 15:25:00,17751.25,2023-03-06,2023-03-06 15:15:00,Buy,17550.0,PE,15.0,10.0,0.05,2023-03-09 15:25:00,2023-03-09,3,Monday
126,2023-03-08,2023-03-08 09:30:00,Sell,17700,CE,24.3,-10,7.75,2023-03-09 12:31:00,17633.05,2023-03-08,2023-03-08 15:15:00,Buy,17850.0,CE,9.25,10.0,0.75,2023-03-09 12:31:00,2023-03-09,1,Wednesday
127,2023-03-08,2023-03-08 09:30:00,Sell,17650,CE,42.05,-10,12.6,2023-03-09 13:39:00,17633.05,2023-03-08,2023-03-08 15:15:00,Buy,17850.0,CE,9.25,10.0,0.55,2023-03-09 13:39:00,2023-03-09,1,Wednesday
128,2023-03-08,2023-03-08 14:15:00,Sell,17700,PE,45.3,-10,14.05,2023-03-09 09:20:00,17708.3,2023-03-08,2023-03-08 15:15:00,Buy,17600.0,PE,9.05,10.0,3.75,2023-03-09 09:20:00,2023-03-09,1,Wednesday
129,2023-03-08,2023-03-08 15:15:00,Sell,17750,PE,42.8,-10,159.25,2023-03-09 15:25:00,17756.15,2023-03-08,2023-03-08 15:15:00,Buy,17600.0,PE,9.05,10.0,9.25,2023-03-09 15:25:00,2023-03-09,1,Wednesday
130,2023-03-09,2023-03-09 10:00:00,Sell,17700,CE,27.45,-10,8.9,2023-03-09 12:28:00,17693.7,,,,,,,,,,2023-03-09,0,Thursday
131,2023-03-09,2023-03-09 13:45:00,Sell,17650,CE,8.05,-10,2.7,2023-03-09 14:32:00,17626.0,,,,,,,,,,2023-03-09,0,Thursday
132,2023-03-09,2023-03-09 15:15:00,Sell,17600,CE,0.75,-10,0.2,2023-03-09 15:17:00,17587.25,2023-03-09,2023-03-09 15:15:00,Buy,17750.0,CE,0.15,10.0,0.1,2023-03-09 15:17:00,2023-03-09,0,Thursday
133,2023-03-10,2023-03-10 09:30:00,Sell,17400,CE,111.6,-10,35.45,2023-03-13 14:09:00,17400.0,2023-03-10,2023-03-10 15:15:00,Buy,17600.0,CE,31.8,10.0,11.5,2023-03-13 14:09:00,2023-03-16,4,Friday
134,2023-03-10,2023-03-10 09:30:00,Sell,17400,PE,109.95,-10,414.8,2023-03-16 15:25:00,17400.0,2023-03-10,2023-03-10 15:15:00,Buy,17200.0,PE,32.3,10.0,213.9,2023-03-16 15:25:00,2023-03-16,4,Friday
135,2023-03-10,2023-03-10 09:45:00,Sell,17350,CE,106.15,-10,36.65,2023-03-13 15:03:00,17334.15,2023-03-10,2023-03-10 15:15:00,Buy,17600.0,CE,31.8,10.0,9.75,2023-03-13 15:03:00,2023-03-16,4,Friday
136,2023-03-10,2023-03-10 10:30:00,Sell,17400,PE,104.15,-10,414.8,2023-03-16 15:25:00,17407.0,2023-03-10,2023-03-10 15:15:00,Buy,17200.0,PE,32.3,10.0,213.9,2023-03-16 15:25:00,2023-03-16,4,Friday
137,2023-03-13,2023-03-13 09:30:00,Sell,17450,PE,67.35,-10,464.8,2023-03-16 15:25:00,17500.25,2023-03-13,2023-03-13 15:15:00,Buy,16850.0,PE,28.75,10.0,0.1,2023-03-16 15:25:00,2023-03-16,3,Monday
138,2023-03-13,2023-03-13 09:30:00,Sell,17500,PE,88.2,-10,514.35,2023-03-16 15:25:00,17500.25,2023-03-13,2023-03-13 15:15:00,Buy,16850.0,PE,28.75,10.0,0.1,2023-03-16 15:25:00,2023-03-16,3,Monday
139,2023-03-13,2023-03-13 10:30:00,Sell,17450,CE,83.25,-10,26.6,2023-03-13 14:09:00,17436.7,,,,,,,,,,2023-03-16,3,Monday
140,2023-03-13,2023-03-13 11:15:00,Sell,17400,CE,91.65,-10,31.35,2023-03-13 14:33:00,17393.15,,,,,,,,,,2023-03-16,3,Monday
141,2023-03-13,2023-03-13 12:15:00,Sell,17350,CE,93.65,-10,32.6,2023-03-13 15:08:00,17343.45,,,,,,,,,,2023-03-16,3,Monday
142,2023-03-13,2023-03-13 12:45:00,Sell,17300,CE,93.55,-10,31.3,2023-03-14 10:23:00,17285.85,2023-03-13,2023-03-13 15:15:00,Buy,17450.0,CE,25.05,10.0,11.2,2023-03-14 10:23:00,2023-03-16,3,Monday
143,2023-03-13,2023-03-13 13:45:00,Sell,17250,CE,98.6,-10,34.1,2023-03-14 11:13:00,17225.35,2023-03-13,2023-03-13 15:15:00,Buy,17450.0,CE,25.05,10.0,8.8,2023-03-14 11:13:00,2023-03-16,3,Monday
144,2023-03-13,2023-03-13 14:15:00,Sell,17200,CE,108.55,-10,37.65,2023-03-14 13:16:00,17190.45,2023-03-13,2023-03-13 15:15:00,Buy,17450.0,CE,25.05,10.0,8.6,2023-03-14 13:16:00,2023-03-16,3,Monday
145,2023-03-13,2023-03-13 14:45:00,Sell,17150,CE,119.1,-10,40.6,2023-03-15 12:53:00,17148.45,2023-03-13,2023-03-13 15:15:00,Buy,17450.0,CE,25.05,10.0,3.45,2023-03-15 12:53:00,2023-03-16,3,Monday
146,2023-03-14,2023-03-14 10:30:00,Sell,17100,CE,109.2,-10,37.2,2023-03-15 14:37:00,17087.5,2023-03-14,2023-03-14 15:15:00,Buy,17300.0,CE,24.4,10.0,5.65,2023-03-15 14:37:00,2023-03-16,2,Tuesday
147,2023-03-14,2023-03-14 12:30:00,Sell,17150,PE,85.65,-10,164.4,2023-03-16 15:25:00,17150.45,2023-03-14,2023-03-14 15:15:00,Buy,16900.0,PE,30.15,10.0,0.1,2023-03-16 15:25:00,2023-03-16,2,Tuesday
148,2023-03-14,2023-03-14 13:00:00,Sell,17100,CE,82.5,-10,27.6,2023-03-15 14:57:00,17055.25,2023-03-14,2023-03-14 15:15:00,Buy,17300.0,CE,24.4,10.0,5.0,2023-03-15 14:57:00,2023-03-16,2,Tuesday
149,2023-03-14,2023-03-14 13:15:00,Sell,17050,CE,100.7,-10,34.1,2023-03-15 15:08:00,17034.8,2023-03-14,2023-03-14 15:15:00,Buy,17300.0,CE,24.4,10.0,4.35,2023-03-15 15:08:00,2023-03-16,2,Tuesday
150,2023-03-15,2023-03-15 09:30:00,Sell,17100,PE,39.7,-10,113.9,2023-03-16 15:25:00,17189.9,2023-03-15,2023-03-15 15:15:00,Buy,16800.0,PE,13.0,10.0,0.05,2023-03-16 15:25:00,2023-03-16,1,Wednesday
151,2023-03-15,2023-03-15 09:30:00,Sell,17150,PE,56.75,-10,164.4,2023-03-16 15:25:00,17189.9,2023-03-15,2023-03-15 15:15:00,Buy,16800.0,PE,13.0,10.0,0.05,2023-03-16 15:25:00,2023-03-16,1,Wednesday
152,2023-03-15,2023-03-15 12:15:00,Sell,17100,CE,72.1,-10,25.15,2023-03-15 15:06:00,17097.7,,,,,,,,,,2023-03-16,1,Wednesday
153,2023-03-15,2023-03-15 13:15:00,Sell,17050,CE,75.65,-10,19.45,2023-03-16 09:16:00,17049.65,2023-03-15,2023-03-15 15:15:00,Buy,17150.0,CE,13.75,10.0,6.0,2023-03-16 09:16:00,2023-03-16,1,Wednesday
154,2023-03-15,2023-03-15 15:15:00,Sell,17000,CE,50.45,-10,16.9,2023-03-16 09:36:00,16965.85,2023-03-15,2023-03-15 15:15:00,Buy,17150.0,CE,13.75,10.0,3.75,2023-03-16 09:36:00,2023-03-16,1,Wednesday
155,2023-03-16,2023-03-16 09:30:00,Sell,16950,CE,40.6,-10,12.2,2023-03-16 15:04:00,16910.5,,,,,,,,,,2023-03-16,0,Thursday
156,2023-03-16,2023-03-16 09:45:00,Sell,16900,CE,39.5,-10,85.95,2023-03-16 15:25:00,16866.05,2023-03-16,2023-03-16 15:15:00,Buy,17000.0,CE,0.25,10.0,0.1,2023-03-16 15:25:00,2023-03-16,0,Thursday
157,2023-03-16,2023-03-16 10:45:00,Sell,16950,PE,31.85,-10,9.65,2023-03-16 14:08:00,16991.15,,,,,,,,,,2023-03-16,0,Thursday
158,2023-03-16,2023-03-16 11:00:00,Sell,17000,PE,37.85,-10,12.7,2023-03-16 14:15:00,17014.65,,,,,,,,,,2023-03-16,0,Thursday
159,2023-03-16,2023-03-16 12:15:00,Sell,16950,CE,29.15,-10,35.85,2023-03-16 15:25:00,16929.65,2023-03-16,2023-03-16 15:15:00,Buy,17000.0,CE,0.25,10.0,0.1,2023-03-16 15:25:00,2023-03-16,0,Thursday
160,2023-03-16,2023-03-16 14:15:00,Sell,17000,PE,12.7,-10,14.15,2023-03-16 15:25:00,17037.2,2023-03-16,2023-03-16 15:15:00,Buy,16950.0,PE,0.3,10.0,0.05,2023-03-16 15:25:00,2023-03-16,0,Thursday
161,2023-03-16,2023-03-16 14:30:00,Sell,17050,PE,20.5,-10,64.1,2023-03-16 15:25:00,17054.15,2023-03-16,2023-03-16 15:15:00,Buy,16950.0,PE,0.3,10.0,0.05,2023-03-16 15:25:00,2023-03-16,0,Thursday
162,2023-03-16,2023-03-16 15:00:00,Sell,17000,CE,7.4,-10,2.5,2023-03-16 15:02:00,16976.45,,,,,,,,,,2023-03-16,0,Thursday
163,2023-03-17,2023-03-17 09:30:00,Sell,17100,CE,148.4,-10,51.5,2023-03-20 09:56:00,17100.0,2023-03-17,2023-03-17 15:15:00,Buy,17350.0,CE,35.35,10.0,10.25,2023-03-20 09:56:00,2023-03-23,4,Friday
164,2023-03-17,2023-03-17 09:30:00,Sell,17100,PE,119.35,-10,40.75,2023-03-22 09:18:00,17100.0,2023-03-17,2023-03-17 15:15:00,Buy,16900.0,PE,38.8,10.0,10.3,2023-03-22 09:18:00,2023-03-23,4,Friday
165,2023-03-17,2023-03-17 11:15:00,Sell,17050,CE,133.25,-10,42.85,2023-03-23 14:42:00,17028.4,2023-03-17,2023-03-17 15:15:00,Buy,17350.0,CE,35.35,10.0,0.25,2023-03-23 14:42:00,2023-03-23,4,Friday
166,2023-03-17,2023-03-17 12:15:00,Sell,17000,CE,140.35,-10,76.1,2023-03-23 15:25:00,16984.95,2023-03-17,2023-03-17 15:15:00,Buy,17350.0,CE,35.35,10.0,0.05,2023-03-23 15:25:00,2023-03-23,4,Friday
167,2023-03-17,2023-03-17 14:00:00,Sell,17050,PE,102.85,-10,31.9,2023-03-22 09:16:00,17069.65,2023-03-17,2023-03-17 15:15:00,Buy,16900.0,PE,38.8,10.0,11.8,2023-03-22 09:16:00,2023-03-23,4,Friday
168,2023-03-17,2023-03-17 15:15:00,Sell,17100,PE,93.75,-10,31.85,2023-03-23 09:50:00,17112.95,2023-03-17,2023-03-17 15:15:00,Buy,16900.0,PE,38.8,10.0,2.95,2023-03-23 09:50:00,2023-03-23,4,Friday
169,2023-03-20,2023-03-20 09:30:00,Sell,17050,CE,80.85,-10,27.2,2023-03-23 15:08:00,16957.15,2023-03-20,2023-03-20 15:15:00,Buy,17200.0,CE,32.95,10.0,0.15,2023-03-23 15:08:00,2023-03-23,3,Monday
170,2023-03-20,2023-03-20 09:30:00,Sell,17000,CE,103.35,-10,76.1,2023-03-23 15:25:00,16957.15,2023-03-20,2023-03-20 15:15:00,Buy,17200.0,CE,32.95,10.0,0.1,2023-03-23 15:25:00,2023-03-23,3,Monday
171,2023-03-20,2023-03-20 10:00:00,Sell,16950,CE,102.4,-10,126.35,2023-03-23 15:25:00,16909.65,2023-03-20,2023-03-20 15:15:00,Buy,17200.0,CE,32.95,10.0,0.1,2023-03-23 15:25:00,2023-03-23,3,Monday
172,2023-03-20,2023-03-20 10:30:00,Sell,16900,CE,122.55,-10,176.7,2023-03-23 15:25:00,16894.1,2023-03-20,2023-03-20 15:15:00,Buy,17200.0,CE,32.95,10.0,0.1,2023-03-23 15:25:00,2023-03-23,3,Monday
173,2023-03-20,2023-03-20 11:00:00,Sell,16950,PE,113.9,-10,39.2,2023-03-21 13:01:00,16952.85,2023-03-20,2023-03-20 15:15:00,Buy,16750.0,PE,31.0,10.0,12.85,2023-03-21 13:01:00,2023-03-23,3,Monday
174,2023-03-20,2023-03-20 12:00:00,Sell,16900,CE,109.55,-10,176.7,2023-03-23 15:25:00,16880.65,2023-03-20,2023-03-20 15:15:00,Buy,17200.0,CE,32.95,10.0,0.1,2023-03-23 15:25:00,2023-03-23,3,Monday
175,2023-03-20,2023-03-20 13:00:00,Sell,16850,CE,130.25,-10,226.7,2023-03-23 15:25:00,16844.25,2023-03-20,2023-03-20 15:15:00,Buy,17200.0,CE,32.95,10.0,0.1,2023-03-23 15:25:00,2023-03-23,3,Monday
176,2023-03-20,2023-03-20 14:30:00,Sell,16900,PE,101.3,-10,34.85,2023-03-21 12:50:00,16927.8,2023-03-20,2023-03-20 15:15:00,Buy,16750.0,PE,31.0,10.0,14.7,2023-03-21 12:50:00,2023-03-23,3,Monday
177,2023-03-20,2023-03-20 15:15:00,Sell,16950,PE,85.95,-10,29.85,2023-03-21 14:38:00,16987.35,2023-03-20,2023-03-20 15:15:00,Buy,16750.0,PE,31.0,10.0,9.5,2023-03-21 14:38:00,2023-03-23,3,Monday
178,2023-03-21,2023-03-21 09:30:00,Sell,17000,PE,63.35,-10,22.15,2023-03-22 09:17:00,17078.45,2023-03-21,2023-03-21 15:15:00,Buy,16900.0,PE,23.75,10.0,11.05,2023-03-22 09:17:00,2023-03-23,2,Tuesday
179,2023-03-21,2023-03-21 09:30:00,Sell,17050,PE,80.6,-10,26.9,2023-03-22 09:19:00,17078.45,2023-03-21,2023-03-21 15:15:00,Buy,16900.0,PE,23.75,10.0,10.35,2023-03-22 09:19:00,2023-03-23,2,Tuesday
180,2023-03-21,2023-03-21 14:00:00,Sell,17100,PE,79.5,-10,26.55,2023-03-23 10:01:00,17102.85,2023-03-21,2023-03-21 15:15:00,Buy,16900.0,PE,23.75,10.0,2.5,2023-03-23 10:01:00,2023-03-23,2,Tuesday
181,2023-03-22,2023-03-22 09:30:00,Sell,17150,PE,63.7,-10,21.85,2023-03-23 12:18:00,17171.45,2023-03-22,2023-03-22 15:15:00,Buy,17000.0,PE,21.5,10.0,2.85,2023-03-23 12:18:00,2023-03-23,1,Wednesday
182,2023-03-23,2023-03-23 09:30:00,Sell,17100,CE,28.0,-10,8.75,2023-03-23 14:44:00,17058.75,,,,,,,,,,2023-03-23,0,Thursday
183,2023-03-23,2023-03-23 10:30:00,Sell,17150,PE,28.55,-10,9.85,2023-03-23 13:31:00,17169.0,,,,,,,,,,2023-03-23,0,Thursday
184,2023-03-23,2023-03-23 14:45:00,Sell,17100,CE,11.55,-10,2.2,2023-03-23 15:06:00,17091.9,,,,,,,,,,2023-03-23,0,Thursday
185,2023-03-24,2023-03-24 09:30:00,Sell,17000,CE,131.2,-10,41.85,2023-03-28 13:55:00,17000.0,2023-03-24,2023-03-24 15:15:00,Buy,17200.0,CE,27.7,10.0,5.0,2023-03-28 13:55:00,2023-03-29,3,Friday
186,2023-03-24,2023-03-24 09:30:00,Sell,17000,PE,103.15,-10,35.05,2023-03-29 09:40:00,17000.0,2023-03-24,2023-03-24 15:15:00,Buy,16700.0,PE,30.7,10.0,1.2,2023-03-29 09:40:00,2023-03-29,3,Friday
187,2023-03-24,2023-03-24 10:00:00,Sell,17050,PE,99.3,-10,33.3,2023-03-29 14:01:00,17068.6,2023-03-24,2023-03-24 15:15:00,Buy,16700.0,PE,30.7,10.0,0.3,2023-03-29 14:01:00,2023-03-29,3,Friday
188,2023-03-24,2023-03-24 14:30:00,Sell,17000,CE,106.6,-10,34.05,2023-03-28 14:13:00,16984.1,2023-03-24,2023-03-24 15:15:00,Buy,17200.0,CE,27.7,10.0,4.65,2023-03-28 14:13:00,2023-03-29,3,Friday
189,2023-03-27,2023-03-27 12:45:00,Sell,17050,PE,79.25,-10,27.15,2023-03-29 14:03:00,17051.95,2023-03-27,2023-03-27 15:15:00,Buy,16800.0,PE,21.1,10.0,0.65,2023-03-29 14:03:00,2023-03-29,2,Monday
190,2023-03-27,2023-03-27 13:30:00,Sell,17000,CE,94.8,-10,32.9,2023-03-28 15:04:00,16988.45,2023-03-27,2023-03-27 15:15:00,Buy,17150.0,CE,29.7,10.0,5.55,2023-03-28 15:04:00,2023-03-29,2,Monday
191,2023-03-27,2023-03-27 14:30:00,Sell,17050,PE,58.85,-10,19.95,2023-03-29 14:16:00,17083.7,2023-03-27,2023-03-27 15:15:00,Buy,16800.0,PE,21.1,10.0,0.65,2023-03-29 14:16:00,2023-03-29,2,Monday
192,2023-03-27,2023-03-27 15:15:00,Sell,17000,CE,93.95,-10,31.55,2023-03-29 11:09:00,16983.95,2023-03-27,2023-03-27 15:15:00,Buy,17150.0,CE,29.7,10.0,2.45,2023-03-29 11:09:00,2023-03-29,2,Monday
193,2023-03-28,2023-03-28 10:45:00,Sell,16950,CE,91.5,-10,31.1,2023-03-29 12:20:00,16946.1,2023-03-28,2023-03-28 15:15:00,Buy,17050.0,CE,21.8,10.0,5.15,2023-03-29 12:20:00,2023-03-29,1,Tuesday
194,2023-03-29,2023-03-29 09:30:00,Sell,17000,PE,41.5,-10,12.25,2023-03-29 13:57:00,17000.65,,,,,,,,,,2023-03-29,0,Wednesday
195,2023-03-29,2023-03-29 15:15:00,Sell,17050,PE,0.35,-10,0.1,2023-03-29 15:22:00,17092.3,2023-03-29,2023-03-29 15:15:00,Buy,15600.0,PE,0.1,10.0,0.05,2023-03-29 15:22:00,2023-03-29,0,Wednesday
196,2023-03-31,2023-03-31 09:30:00,Sell,17250,CE,121.9,-10,351.0,2023-04-06 15:25:00,17250.0,2023-03-31,2023-03-31 15:15:00,Buy,17550.0,CE,25.65,10.0,22.4,2023-04-06 15:25:00,2023-04-06,4,Friday
197,2023-03-31,2023-03-31 09:30:00,Sell,17250,PE,91.0,-10,31.75,2023-04-03 14:23:00,17250.0,2023-03-31,2023-03-31 15:15:00,Buy,17100.0,PE,30.6,10.0,27.0,2023-04-03 14:23:00,2023-04-06,4,Friday
198,2023-03-31,2023-03-31 12:45:00,Sell,17300,PE,89.65,-10,30.8,2023-04-03 15:14:00,17322.95,2023-03-31,2023-03-31 15:15:00,Buy,17100.0,PE,30.6,10.0,27.0,2023-04-03 15:14:00,2023-04-06,4,Friday
199,2023-03-31,2023-03-31 14:00:00,Sell,17350,PE,102.75,-10,32.55,2023-04-05 09:17:00,17355.7,2023-03-31,2023-03-31 15:15:00,Buy,17100.0,PE,30.6,10.0,27.0,2023-04-05 09:17:00,2023-04-06,4,Friday
200,2023-04-03,2023-04-03 15:15:00,Sell,17400,PE,62.4,-10,21.8,2023-04-05 12:28:00,17403.95,2023-04-03,2023-04-03 15:15:00,Buy,17250.0,PE,20.65,10.0,5.95,2023-04-05 12:28:00,2023-04-06,3,Monday
201,2023-04-05,2023-04-05 09:30:00,Sell,17450,PE,56.05,-10,18.75,2023-04-05 14:31:00,17464.8,,,,,,,,,,2023-04-06,1,Wednesday
202,2023-04-05,2023-04-05 10:30:00,Sell,17500,PE,63.85,-10,22.25,2023-04-05 15:21:00,17500.1,2023-04-05,2023-04-05 15:15:00,Buy,17450.0,PE,15.1,10.0,12.6,2023-04-05 15:21:00,2023-04-06,1,Wednesday
203,2023-04-05,2023-04-05 15:15:00,Sell,17550,PE,46.1,-10,15.35,2023-04-06 10:41:00,17554.15,2023-04-05,2023-04-05 15:15:00,Buy,17450.0,PE,15.1,10.0,2.4,2023-04-06 10:41:00,2023-04-06,1,Wednesday
204,2023-04-06,2023-04-06 11:00:00,Sell,17600,PE,25.0,-10,6.4,2023-04-06 14:52:00,17612.5,,,,,,,,,,2023-04-06,0,Thursday
205,2023-04-10,2023-04-10 09:45:00,Sell,17650,PE,74.95,-10,26.0,2023-04-11 10:13:00,17651.05,2023-04-10,2023-04-10 15:15:00,Buy,17500.0,PE,24.75,10.0,8.1,2023-04-11 10:13:00,2023-04-13,3,Monday
206,2023-04-11,2023-04-11 09:45:00,Sell,17700,PE,53.95,-10,18.7,2023-04-12 13:09:00,17702.95,2023-04-11,2023-04-11 15:15:00,Buy,17600.0,PE,13.6,10.0,6.55,2023-04-12 13:09:00,2023-04-13,2,Tuesday
207,2023-04-12,2023-04-12 09:30:00,Sell,17750,PE,42.5,-10,14.0,2023-04-13 09:30:00,17764.35,2023-04-12,2023-04-12 15:15:00,Buy,17700.0,PE,13.45,10.0,6.45,2023-04-13 09:30:00,2023-04-13,1,Wednesday
208,2023-04-12,2023-04-12 13:30:00,Sell,17800,PE,48.25,-10,16.8,2023-04-13 14:19:00,17800.6,2023-04-12,2023-04-12 15:15:00,Buy,17700.0,PE,13.45,10.0,0.85,2023-04-13 14:19:00,2023-04-13,1,Wednesday
209,2023-04-13,2023-04-13 11:15:00,Sell,17750,CE,27.55,-10,79.3,2023-04-13 15:25:00,17746.45,2023-04-13,2023-04-13 15:15:00,Buy,17850.0,CE,0.2,10.0,0.05,2023-04-13 15:25:00,2023-04-13,0,Thursday
210,2023-04-13,2023-04-13 14:30:00,Sell,17800,PE,10.45,-10,3.35,2023-04-13 14:56:00,17801.9,,,,,,,,,,2023-04-13,0,Thursday
211,2023-04-17,2023-04-17 09:30:00,Sell,17750,CE,50.4,-10,16.9,2023-04-19 09:16:00,17633.4,2023-04-17,2023-04-17 15:15:00,Buy,17850.0,CE,22.5,10.0,4.85,2023-04-19 09:16:00,2023-04-20,3,Monday
212,2023-04-17,2023-04-17 09:30:00,Sell,17700,CE,70.0,-10,24.25,2023-04-19 09:23:00,17633.4,2023-04-17,2023-04-17 15:15:00,Buy,17850.0,CE,22.5,10.0,4.25,2023-04-19 09:23:00,2023-04-20,3,Monday
213,2023-04-17,2023-04-17 09:30:00,Sell,17650,CE,94.5,-10,29.85,2023-04-19 13:43:00,17633.4,2023-04-17,2023-04-17 15:15:00,Buy,17850.0,CE,22.5,10.0,2.7,2023-04-19 13:43:00,2023-04-20,3,Monday
214,2023-04-17,2023-04-17 10:00:00,Sell,17600,CE,96.9,-10,33.6,2023-04-20 10:32:00,17584.2,2023-04-17,2023-04-17 15:15:00,Buy,17850.0,CE,22.5,10.0,1.35,2023-04-20 10:32:00,2023-04-20,3,Monday
215,2023-04-17,2023-04-17 11:00:00,Sell,17650,PE,63.15,-10,21.85,2023-04-20 09:25:00,17655.0,2023-04-17,2023-04-17 15:15:00,Buy,17550.0,PE,19.75,10.0,4.9,2023-04-20 09:25:00,2023-04-20,3,Monday
216,2023-04-17,2023-04-17 15:15:00,Sell,17700,PE,59.2,-10,74.7,2023-04-20 15:25:00,17711.5,2023-04-17,2023-04-17 15:15:00,Buy,17550.0,PE,19.75,10.0,0.05,2023-04-20 15:25:00,2023-04-20,3,Monday
217,2023-04-18,2023-04-18 13:45:00,Sell,17650,CE,56.0,-10,16.15,2023-04-20 10:27:00,17620.2,2023-04-18,2023-04-18 15:15:00,Buy,17800.0,CE,15.2,10.0,1.35,2023-04-20 10:27:00,2023-04-20,2,Tuesday
218,2023-04-19,2023-04-19 13:45:00,Sell,17600,CE,49.25,-10,17.2,2023-04-20 13:44:00,17596.3,2023-04-19,2023-04-19 15:15:00,Buy,17700.0,CE,14.95,10.0,1.4,2023-04-20 13:44:00,2023-04-20,1,Wednesday
219,2023-04-20,2023-04-20 09:30:00,Sell,17650,PE,21.05,-10,24.85,2023-04-20 15:25:00,17673.95,2023-04-20,2023-04-20 15:15:00,Buy,17600.0,PE,0.1,10.0,0.05,2023-04-20 15:25:00,2023-04-20,0,Thursday
220,2023-04-20,2023-04-20 10:45:00,Sell,17600,CE,31.45,-10,10.8,2023-04-20 14:57:00,17594.1,,,,,,,,,,2023-04-20,0,Thursday
221,2023-04-21,2023-04-21 09:30:00,Sell,17650,CE,104.6,-10,266.4,2023-04-27 15:25:00,17650.0,2023-04-21,2023-04-21 15:15:00,Buy,17800.0,CE,24.1,10.0,117.3,2023-04-27 15:25:00,2023-04-27,4,Friday
222,2023-04-21,2023-04-21 09:30:00,Sell,17650,PE,70.95,-10,24.55,2023-04-24 15:14:00,17650.0,2023-04-21,2023-04-21 15:15:00,Buy,17500.0,PE,26.15,10.0,8.65,2023-04-24 15:14:00,2023-04-27,4,Friday
223,2023-04-21,2023-04-21 10:30:00,Sell,17600,CE,98.9,-10,317.0,2023-04-27 15:25:00,17598.95,2023-04-21,2023-04-21 15:15:00,Buy,17800.0,CE,24.1,10.0,117.3,2023-04-27 15:25:00,2023-04-27,4,Friday
224,2023-04-24,2023-04-24 09:30:00,Sell,17650,PE,63.9,-10,21.6,2023-04-25 09:50:00,17655.25,2023-04-24,2023-04-24 15:15:00,Buy,17600.0,PE,16.9,10.0,14.1,2023-04-25 09:50:00,2023-04-27,3,Monday
225,2023-04-24,2023-04-24 13:45:00,Sell,17700,PE,52.7,-10,18.1,2023-04-25 14:13:00,17711.1,2023-04-24,2023-04-24 15:15:00,Buy,17600.0,PE,16.9,10.0,7.35,2023-04-25 14:13:00,2023-04-27,3,Monday
226,2023-04-25,2023-04-25 10:15:00,Sell,17750,PE,48.1,-10,15.85,2023-04-26 15:07:00,17754.4,2023-04-25,2023-04-25 15:15:00,Buy,17650.0,PE,12.4,10.0,4.65,2023-04-26 15:07:00,2023-04-27,2,Tuesday
227,2023-04-26,2023-04-26 12:45:00,Sell,17800,PE,40.15,-10,12.9,2023-04-27 10:34:00,17803.6,2023-04-26,2023-04-26 15:15:00,Buy,17750.0,PE,14.45,10.0,5.25,2023-04-27 10:34:00,2023-04-27,1,Wednesday
228,2023-04-27,2023-04-27 12:00:00,Sell,17850,PE,22.45,-10,7.8,2023-04-27 13:32:00,17855.65,,,,,,,,,,2023-04-27,0,Thursday
229,2023-04-27,2023-04-27 15:15:00,Sell,17900,PE,0.4,-10,0.1,2023-04-27 15:18:00,17920.2,2023-04-27,2023-04-27 15:15:00,Buy,16050.0,PE,0.1,10.0,0.05,2023-04-27 15:18:00,2023-04-27,0,Thursday
230,2023-04-28,2023-04-28 09:30:00,Sell,17900,CE,102.35,-10,353.75,2023-05-04 15:25:00,17900.0,2023-04-28,2023-04-28 15:15:00,Buy,18200.0,CE,17.5,10.0,18.0,2023-05-04 15:25:00,2023-05-04,4,Friday
231,2023-04-28,2023-04-28 09:30:00,Sell,17900,PE,72.6,-10,24.55,2023-04-28 15:02:00,17900.0,,,,,,,,,,2023-05-04,4,Friday
232,2023-04-28,2023-04-28 11:45:00,Sell,17950,PE,62.65,-10,13.8,2023-05-02 09:16:00,17953.65,2023-04-28,2023-04-28 15:15:00,Buy,17900.0,PE,21.05,10.0,20.3,2023-05-02 09:16:00,2023-05-04,4,Friday
233,2023-04-28,2023-04-28 14:45:00,Sell,18000,PE,64.9,-10,19.9,2023-05-02 09:15:00,18002.8,2023-04-28,2023-04-28 15:15:00,Buy,17900.0,PE,21.05,10.0,20.3,2023-05-02 09:15:00,2023-05-04,4,Friday
234,2023-04-28,2023-04-28 15:15:00,Sell,18050,PE,59.0,-10,20.6,2023-05-02 12:12:00,18063.7,2023-04-28,2023-04-28 15:15:00,Buy,17900.0,PE,21.05,10.0,20.3,2023-05-02 12:12:00,2023-05-04,4,Friday
235,2023-05-02,2023-05-02 09:30:00,Sell,18100,PE,35.65,-10,11.85,2023-05-04 10:43:00,18159.3,2023-05-02,2023-05-02 15:15:00,Buy,18000.0,PE,13.4,10.0,2.25,2023-05-04 10:43:00,2023-05-04,2,Tuesday
236,2023-05-02,2023-05-02 09:30:00,Sell,18150,PE,52.75,-10,18.1,2023-05-04 12:00:00,18159.3,2023-05-02,2023-05-02 15:15:00,Buy,18000.0,PE,13.4,10.0,1.6,2023-05-04 12:00:00,2023-05-04,2,Tuesday
237,2023-05-03,2023-05-03 09:30:00,Sell,18100,CE,43.7,-10,154.15,2023-05-04 15:25:00,18070.2,2023-05-03,2023-05-03 15:15:00,Buy,18200.0,CE,13.65,10.0,54.35,2023-05-04 15:25:00,2023-05-04,1,Wednesday
238,2023-05-04,2023-05-04 11:15:00,Sell,18150,PE,22.75,-10,7.9,2023-05-04 13:06:00,18152.55,,,,,,,,,,2023-05-04,0,Thursday
239,2023-05-04,2023-05-04 14:45:00,Sell,18200,PE,4.95,-10,1.4,2023-05-04 14:59:00,18214.6,,,,,,,,,,2023-05-04,0,Thursday
240,2023-05-04,2023-05-04 15:15:00,Sell,18250,PE,0.9,-10,0.25,2023-05-04 15:20:00,18262.75,2023-05-04,2023-05-04 15:15:00,Buy,18200.0,PE,0.15,10.0,0.1,2023-05-04 15:20:00,2023-05-04,0,Thursday
241,2023-05-05,2023-05-05 09:30:00,Sell,18150,CE,105.9,-10,146.8,2023-05-11 15:25:00,18150.0,2023-05-05,2023-05-05 15:15:00,Buy,18300.0,CE,22.05,10.0,0.2,2023-05-11 15:25:00,2023-05-11,4,Friday
242,2023-05-05,2023-05-05 09:30:00,Sell,18150,PE,65.8,-10,18.75,2023-05-09 09:16:00,18150.0,2023-05-05,2023-05-05 15:15:00,Buy,17900.0,PE,26.95,10.0,4.05,2023-05-09 09:16:00,2023-05-11,4,Friday
243,2023-05-05,2023-05-05 10:30:00,Sell,18200,PE,71.5,-10,24.15,2023-05-09 09:43:00,18203.5,2023-05-05,2023-05-05 15:15:00,Buy,17900.0,PE,26.95,10.0,4.25,2023-05-09 09:43:00,2023-05-11,4,Friday
244,2023-05-05,2023-05-05 11:30:00,Sell,18150,CE,89.0,-10,146.8,2023-05-11 15:25:00,18133.3,2023-05-05,2023-05-05 15:15:00,Buy,18300.0,CE,22.05,10.0,0.2,2023-05-11 15:25:00,2023-05-11,4,Friday
245,2023-05-05,2023-05-05 12:00:00,Sell,18100,CE,98.05,-10,196.3,2023-05-11 15:25:00,18097.85,2023-05-05,2023-05-05 15:15:00,Buy,18300.0,CE,22.05,10.0,0.2,2023-05-11 15:25:00,2023-05-11,4,Friday
246,2023-05-05,2023-05-05 12:30:00,Sell,18150,PE,82.0,-10,27.65,2023-05-08 12:13:00,18150.5,2023-05-05,2023-05-05 15:15:00,Buy,17900.0,PE,26.95,10.0,6.25,2023-05-08 12:13:00,2023-05-11,4,Friday
247,2023-05-05,2023-05-05 15:00:00,Sell,18100,CE,97.05,-10,196.3,2023-05-11 15:25:00,18090.9,2023-05-05,2023-05-05 15:15:00,Buy,18300.0,CE,22.05,10.0,0.2,2023-05-11 15:25:00,2023-05-11,4,Friday
248,2023-05-08,2023-05-08 09:30:00,Sell,18150,PE,59.85,-10,18.75,2023-05-09 09:16:00,18179.1,2023-05-08,2023-05-08 15:15:00,Buy,18100.0,PE,20.4,10.0,12.35,2023-05-09 09:16:00,2023-05-11,3,Monday
249,2023-05-08,2023-05-08 10:00:00,Sell,18200,PE,64.45,-10,22.2,2023-05-09 09:47:00,18210.95,2023-05-08,2023-05-08 15:15:00,Buy,18100.0,PE,20.4,10.0,10.65,2023-05-09 09:47:00,2023-05-11,3,Monday
250,2023-05-08,2023-05-08 12:00:00,Sell,18250,PE,62.0,-10,19.85,2023-05-10 15:05:00,18258.55,2023-05-08,2023-05-08 15:15:00,Buy,18100.0,PE,20.4,10.0,5.05,2023-05-10 15:05:00,2023-05-11,3,Monday
251,2023-05-09,2023-05-09 09:45:00,Sell,18300,PE,50.95,-10,17.55,2023-05-11 10:34:00,18316.35,2023-05-09,2023-05-09 15:15:00,Buy,18150.0,PE,18.7,10.0,2.2,2023-05-11 10:34:00,2023-05-11,2,Tuesday
252,2023-05-10,2023-05-10 09:45:00,Sell,18250,CE,56.65,-10,46.55,2023-05-11 15:25:00,18238.3,2023-05-10,2023-05-10 15:15:00,Buy,18400.0,CE,16.95,10.0,0.05,2023-05-11 15:25:00,2023-05-11,1,Wednesday
253,2023-05-10,2023-05-10 15:15:00,Sell,18300,PE,37.45,-10,12.85,2023-05-11 13:08:00,18319.65,2023-05-10,2023-05-10 15:15:00,Buy,18200.0,PE,12.25,10.0,1.65,2023-05-11 13:08:00,2023-05-11,1,Wednesday
254,2023-05-12,2023-05-12 09:30:00,Sell,18250,CE,91.3,-10,30.45,2023-05-17 11:44:00,18250.0,2023-05-12,2023-05-12 15:15:00,Buy,18450.0,CE,32.75,10.0,4.8,2023-05-17 11:44:00,2023-05-18,4,Friday
255,2023-05-12,2023-05-12 09:30:00,Sell,18250,PE,104.5,-10,34.6,2023-05-15 10:01:00,18250.0,2023-05-12,2023-05-12 15:15:00,Buy,18100.0,PE,27.05,10.0,14.3,2023-05-15 10:01:00,2023-05-18,4,Friday
256,2023-05-12,2023-05-12 13:00:00,Sell,18300,PE,81.6,-10,28.35,2023-05-15 13:44:00,18308.15,2023-05-12,2023-05-12 15:15:00,Buy,18100.0,PE,27.05,10.0,9.5,2023-05-15 13:44:00,2023-05-18,4,Friday
257,2023-05-15,2023-05-15 09:30:00,Sell,18350,PE,85.65,-10,219.75,2023-05-18 15:25:00,18350.2,2023-05-15,2023-05-15 15:15:00,Buy,18200.0,PE,22.8,10.0,69.8,2023-05-18 15:25:00,2023-05-18,3,Monday
258,2023-05-15,2023-05-15 11:30:00,Sell,18400,PE,67.0,-10,269.25,2023-05-18 15:25:00,18413.3,2023-05-15,2023-05-15 15:15:00,Buy,18200.0,PE,22.8,10.0,69.8,2023-05-18 15:25:00,2023-05-18,3,Monday
259,2023-05-15,2023-05-15 14:15:00,Sell,18450,PE,70.8,-10,318.85,2023-05-18 15:25:00,18452.15,2023-05-15,2023-05-15 15:15:00,Buy,18200.0,PE,22.8,10.0,69.8,2023-05-18 15:25:00,2023-05-18,3,Monday
260,2023-05-15,2023-05-15 15:15:00,Sell,18400,CE,67.4,-10,22.6,2023-05-16 15:23:00,18389.85,2023-05-15,2023-05-15 15:15:00,Buy,18500.0,CE,27.7,10.0,8.1,2023-05-16 15:23:00,2023-05-18,3,Monday
261,2023-05-16,2023-05-16 14:15:00,Sell,18350,CE,63.95,-10,21.25,2023-05-17 10:24:00,18340.85,2023-05-16,2023-05-16 15:15:00,Buy,18450.0,CE,14.65,10.0,6.6,2023-05-17 10:24:00,2023-05-18,2,Tuesday
262,2023-05-16,2023-05-16 15:15:00,Sell,18300,CE,63.2,-10,21.2,2023-05-17 11:33:00,18283.25,2023-05-16,2023-05-16 15:15:00,Buy,18450.0,CE,14.65,10.0,4.45,2023-05-17 11:33:00,2023-05-18,2,Tuesday
263,2023-05-17,2023-05-17 10:30:00,Sell,18250,CE,54.65,-10,19.1,2023-05-17 12:56:00,18241.45,,,,,,,,,,2023-05-18,1,Wednesday
264,2023-05-17,2023-05-17 11:45:00,Sell,18200,CE,50.15,-10,10.75,2023-05-18 13:46:00,18181.95,2023-05-17,2023-05-17 15:15:00,Buy,18250.0,CE,19.55,10.0,3.3,2023-05-18 13:46:00,2023-05-18,1,Wednesday
265,2023-05-17,2023-05-17 12:15:00,Sell,18150,CE,61.3,-10,21.3,2023-05-18 14:21:00,18148.05,2023-05-17,2023-05-17 15:15:00,Buy,18250.0,CE,19.55,10.0,1.1,2023-05-18 14:21:00,2023-05-18,1,Wednesday
266,2023-05-18,2023-05-18 09:30:00,Sell,18200,PE,7.6,-10,69.8,2023-05-18 15:25:00,18272.95,2023-05-18,2023-05-18 15:15:00,Buy,18100.0,PE,0.15,10.0,0.05,2023-05-18 15:25:00,2023-05-18,0,Thursday
267,2023-05-18,2023-05-18 09:30:00,Sell,18250,PE,18.55,-10,119.45,2023-05-18 15:25:00,18272.95,2023-05-18,2023-05-18 15:15:00,Buy,18100.0,PE,0.15,10.0,0.05,2023-05-18 15:25:00,2023-05-18,0,Thursday
268,2023-05-18,2023-05-18 13:00:00,Sell,18200,CE,20.6,-10,7.2,2023-05-18 14:09:00,18186.85,,,,,,,,,,2023-05-18,0,Thursday
269,2023-05-18,2023-05-18 15:15:00,Sell,18150,CE,0.45,-10,0.15,2023-05-18 15:20:00,18135.25,2023-05-18,2023-05-18 15:15:00,Buy,18150.0,CE,0.45,10.0,0.15,2023-05-18 15:20:00,2023-05-18,0,Thursday
270,2023-05-19,2023-05-19 09:30:00,Sell,18150,CE,105.3,-10,171.2,2023-05-25 15:25:00,18150.0,2023-05-19,2023-05-19 15:15:00,Buy,18400.0,CE,21.05,10.0,0.1,2023-05-25 15:25:00,2023-05-25,4,Friday
271,2023-05-19,2023-05-19 09:30:00,Sell,18150,PE,84.9,-10,29.6,2023-05-22 09:43:00,18150.0,2023-05-19,2023-05-19 15:15:00,Buy,18050.0,PE,25.75,10.0,16.45,2023-05-22 09:43:00,2023-05-25,4,Friday
272,2023-05-19,2023-05-19 10:00:00,Sell,18100,CE,102.1,-10,220.95,2023-05-25 15:25:00,18090.8,2023-05-19,2023-05-19 15:15:00,Buy,18400.0,CE,21.05,10.0,0.1,2023-05-25 15:25:00,2023-05-25,4,Friday
273,2023-05-19,2023-05-19 12:00:00,Sell,18150,PE,75.55,-10,25.6,2023-05-22 10:47:00,18152.65,2023-05-19,2023-05-19 15:15:00,Buy,18050.0,PE,25.75,10.0,14.4,2023-05-22 10:47:00,2023-05-25,4,Friday
274,2023-05-19,2023-05-19 15:15:00,Sell,18200,PE,66.05,-10,16.4,2023-05-23 09:16:00,18205.25,2023-05-19,2023-05-19 15:15:00,Buy,18050.0,PE,25.75,10.0,6.85,2023-05-23 09:16:00,2023-05-25,4,Friday
275,2023-05-22,2023-05-22 09:30:00,Sell,18250,PE,69.3,-10,23.65,2023-05-23 09:16:00,18250.6,2023-05-22,2023-05-22 15:15:00,Buy,18150.0,PE,20.15,10.0,12.05,2023-05-23 09:16:00,2023-05-25,3,Monday
276,2023-05-22,2023-05-22 11:00:00,Sell,18300,PE,65.45,-10,22.9,2023-05-23 12:55:00,18302.95,2023-05-22,2023-05-22 15:15:00,Buy,18150.0,PE,20.15,10.0,7.95,2023-05-23 12:55:00,2023-05-25,3,Monday
277,2023-05-23,2023-05-23 09:30:00,Sell,18350,PE,46.8,-10,28.85,2023-05-25 15:25:00,18379.75,2023-05-23,2023-05-23 15:15:00,Buy,18200.0,PE,14.1,10.0,0.05,2023-05-25 15:25:00,2023-05-25,2,Tuesday
278,2023-05-23,2023-05-23 09:45:00,Sell,18400,PE,58.65,-10,78.85,2023-05-25 15:25:00,18405.7,2023-05-23,2023-05-23 15:15:00,Buy,18200.0,PE,14.1,10.0,0.05,2023-05-25 15:25:00,2023-05-25,2,Tuesday
279,2023-05-23,2023-05-23 15:15:00,Sell,18350,CE,61.95,-10,19.55,2023-05-24 14:42:00,18343.2,2023-05-23,2023-05-23 15:15:00,Buy,18450.0,CE,20.6,10.0,4.5,2023-05-24 14:42:00,2023-05-25,2,Tuesday
280,2023-05-24,2023-05-24 14:45:00,Sell,18300,CE,35.55,-10,12.35,2023-05-25 10:31:00,18278.7,2023-05-24,2023-05-24 15:15:00,Buy,18400.0,CE,8.85,10.0,2.15,2023-05-25 10:31:00,2023-05-25,1,Wednesday
281,2023-05-25,2023-05-25 10:45:00,Sell,18250,CE,31.65,-10,10.9,2023-05-25 13:05:00,18249.2,,,,,,,,,,2023-05-25,0,Thursday
282,2023-05-25,2023-05-25 15:15:00,Sell,18300,PE,0.2,-10,0.05,2023-05-25 15:24:00,18328.2,2023-05-25,2023-05-25 15:15:00,Buy,18150.0,PE,0.05,10.0,0.05,2023-05-25 15:24:00,2023-05-25,0,Thursday
0,2022-09-30,2022-09-30 09:30:00,Sell,16800,CE,175.95,-10,534.15,2022-10-06 15:25:00,16800.0,2022-09-30,2022-09-30 15:15:00,Buy,17350.0,CE,40.2,10.0,0.1,2022-10-06 15:25:00,2022-10-06,4,Friday
1,2022-09-30,2022-09-30 09:30:00,Sell,16800,PE,196.2,-10,67.45,2022-09-30 12:55:00,16800.0,,,,,,,,,,2022-10-06,4,Friday
2,2022-09-30,2022-09-30 10:15:00,Sell,16850,PE,170.55,-10,59.45,2022-09-30 14:18:00,16852.15,,,,,,,,,,2022-10-06,4,Friday
3,2022-09-30,2022-09-30 10:45:00,Sell,16900,PE,150.95,-10,41.0,2022-10-04 09:15:00,16943.0,2022-09-30,2022-09-30 15:15:00,Buy,16650.0,PE,42.5,10.0,10.15,2022-10-04 09:15:00,2022-10-06,4,Friday
4,2022-09-30,2022-09-30 11:45:00,Sell,16950,PE,153.75,-10,33.05,2022-10-04 09:16:00,16970.05,2022-09-30,2022-09-30 15:15:00,Buy,16650.0,PE,42.5,10.0,7.05,2022-10-04 09:16:00,2022-10-06,4,Friday
5,2022-09-30,2022-09-30 12:30:00,Sell,17000,PE,150.7,-10,45.15,2022-10-04 09:16:00,17030.15,2022-09-30,2022-09-30 15:15:00,Buy,16650.0,PE,42.5,10.0,7.05,2022-10-04 09:16:00,2022-10-06,4,Friday
6,2022-09-30,2022-09-30 12:45:00,Sell,17050,PE,153.05,-10,51.15,2022-10-04 09:19:00,17087.0,2022-09-30,2022-09-30 15:15:00,Buy,16650.0,PE,42.5,10.0,6.35,2022-10-04 09:19:00,2022-10-06,4,Friday
7,2022-09-30,2022-09-30 13:45:00,Sell,17100,PE,154.65,-10,53.9,2022-10-04 09:58:00,17125.6,2022-09-30,2022-09-30 15:15:00,Buy,16650.0,PE,42.5,10.0,6.55,2022-10-04 09:58:00,2022-10-06,4,Friday
8,2022-09-30,2022-09-30 14:15:00,Sell,17150,PE,152.45,-10,52.85,2022-10-04 10:45:00,17163.55,2022-09-30,2022-09-30 15:15:00,Buy,16650.0,PE,42.5,10.0,5.4,2022-10-04 10:45:00,2022-10-06,4,Friday
9,2022-09-30,2022-09-30 15:15:00,Sell,17100,CE,131.0,-10,45.15,2022-10-03 14:51:00,17066.1,2022-09-30,2022-09-30 15:15:00,Buy,17350.0,CE,40.2,10.0,10.05,2022-10-03 14:51:00,2022-10-06,4,Friday
10,2022-10-03,2022-10-03 09:30:00,Sell,17050,CE,131.1,-10,283.3,2022-10-06 15:25:00,17033.65,2022-10-03,2022-10-03 15:15:00,Buy,17150.0,CE,36.55,10.0,183.35,2022-10-06 15:25:00,2022-10-06,3,Monday
11,2022-10-03,2022-10-03 09:45:00,Sell,17000,CE,132.4,-10,333.2,2022-10-06 15:25:00,16991.45,2022-10-03,2022-10-03 15:15:00,Buy,17150.0,CE,36.55,10.0,183.35,2022-10-06 15:25:00,2022-10-06,3,Monday
12,2022-10-03,2022-10-03 11:45:00,Sell,17050,PE,135.1,-10,46.05,2022-10-04 09:24:00,17056.15,2022-10-03,2022-10-03 15:15:00,Buy,16600.0,PE,36.7,10.0,5.5,2022-10-04 09:24:00,2022-10-06,3,Monday
13,2022-10-03,2022-10-03 13:45:00,Sell,17000,CE,125.55,-10,333.2,2022-10-06 15:25:00,16995.35,2022-10-03,2022-10-03 15:15:00,Buy,17150.0,CE,36.55,10.0,183.35,2022-10-06 15:25:00,2022-10-06,3,Monday
14,2022-10-03,2022-10-03 14:15:00,Sell,16950,CE,125.0,-10,383.1,2022-10-06 15:25:00,16937.0,2022-10-03,2022-10-03 15:15:00,Buy,17150.0,CE,36.55,10.0,183.35,2022-10-06 15:25:00,2022-10-06,3,Monday
15,2022-10-03,2022-10-03 14:45:00,Sell,16900,CE,131.05,-10,433.9,2022-10-06 15:25:00,16896.05,2022-10-03,2022-10-03 15:15:00,Buy,17150.0,CE,36.55,10.0,183.35,2022-10-06 15:25:00,2022-10-06,3,Monday
16,2022-10-04,2022-10-04 09:30:00,Sell,16950,PE,25.95,-10,4.0,2022-10-06 09:15:00,17216.15,2022-10-04,2022-10-04 15:15:00,Buy,17000.0,PE,19.95,10.0,6.0,2022-10-06 09:15:00,2022-10-06,2,Tuesday
17,2022-10-04,2022-10-04 09:30:00,Sell,17000,PE,33.55,-10,6.0,2022-10-06 09:15:00,17216.15,2022-10-04,2022-10-04 15:15:00,Buy,17000.0,PE,19.95,10.0,6.0,2022-10-06 09:15:00,2022-10-06,2,Tuesday
18,2022-10-04,2022-10-04 09:30:00,Sell,17050,PE,43.85,-10,6.4,2022-10-06 09:15:00,17216.15,2022-10-04,2022-10-04 15:15:00,Buy,17000.0,PE,19.95,10.0,6.0,2022-10-06 09:15:00,2022-10-06,2,Tuesday
19,2022-10-04,2022-10-04 09:30:00,Sell,17100,PE,56.95,-10,5.8,2022-10-06 09:15:00,17216.15,2022-10-04,2022-10-04 15:15:00,Buy,17000.0,PE,19.95,10.0,6.0,2022-10-06 09:15:00,2022-10-06,2,Tuesday
20,2022-10-04,2022-10-04 09:30:00,Sell,17150,PE,73.85,-10,9.55,2022-10-06 09:15:00,17216.15,2022-10-04,2022-10-04 15:15:00,Buy,17000.0,PE,19.95,10.0,6.0,2022-10-06 09:15:00,2022-10-06,2,Tuesday
21,2022-10-04,2022-10-04 09:30:00,Sell,17200,PE,94.4,-10,19.45,2022-10-06 09:15:00,17216.15,2022-10-04,2022-10-04 15:15:00,Buy,17000.0,PE,19.95,10.0,6.0,2022-10-06 09:15:00,2022-10-06,2,Tuesday
22,2022-10-04,2022-10-04 10:45:00,Sell,17250,PE,89.05,-10,12.55,2022-10-06 09:16:00,17253.05,2022-10-04,2022-10-04 15:15:00,Buy,17000.0,PE,19.95,10.0,1.85,2022-10-06 09:16:00,2022-10-06,2,Tuesday
23,2022-10-06,2022-10-06 09:30:00,Sell,17300,PE,22.85,-10,7.65,2022-10-06 12:51:00,17393.9,,,,,,,,,,2022-10-06,0,Thursday
24,2022-10-06,2022-10-06 09:30:00,Sell,17350,PE,36.5,-10,10.75,2022-10-06 13:25:00,17393.9,,,,,,,,,,2022-10-06,0,Thursday
25,2022-10-06,2022-10-06 10:15:00,Sell,17400,PE,44.2,-10,66.8,2022-10-06 15:25:00,17401.4,2022-10-06,2022-10-06 15:15:00,Buy,17350.0,PE,13.8,10.0,16.75,2022-10-06 15:25:00,2022-10-06,0,Thursday
26,2022-10-06,2022-10-06 14:45:00,Sell,17350,CE,11.45,-10,3.05,2022-10-06 15:06:00,17341.75,,,,,,,,,,2022-10-06,0,Thursday
27,2022-10-07,2022-10-07 09:30:00,Sell,17250,CE,154.3,-10,52.55,2022-10-10 09:36:00,17250.0,2022-10-07,2022-10-07 15:15:00,Buy,17550.0,CE,44.4,10.0,8.7,2022-10-10 09:36:00,2022-10-13,4,Friday
28,2022-10-07,2022-10-07 09:30:00,Sell,17250,PE,140.75,-10,234.2,2022-10-13 15:25:00,17250.0,2022-10-07,2022-10-07 15:15:00,Buy,17000.0,PE,42.75,10.0,0.15,2022-10-13 15:25:00,2022-10-13,4,Friday
29,2022-10-07,2022-10-07 10:00:00,Sell,17300,PE,135.75,-10,283.95,2022-10-13 15:25:00,17325.35,2022-10-07,2022-10-07 15:15:00,Buy,17000.0,PE,42.75,10.0,0.15,2022-10-13 15:25:00,2022-10-13,4,Friday
30,2022-10-07,2022-10-07 12:00:00,Sell,17250,CE,146.1,-10,50.75,2022-10-10 09:55:00,17247.1,2022-10-07,2022-10-07 15:15:00,Buy,17550.0,CE,44.4,10.0,8.2,2022-10-10 09:55:00,2022-10-13,4,Friday
31,2022-10-07,2022-10-07 14:45:00,Sell,17300,PE,139.4,-10,283.95,2022-10-13 15:25:00,17305.2,2022-10-07,2022-10-07 15:15:00,Buy,17000.0,PE,42.75,10.0,0.15,2022-10-13 15:25:00,2022-10-13,4,Friday
32,2022-10-10,2022-10-10 09:30:00,Sell,17250,CE,63.4,-10,21.3,2022-10-12 09:22:00,17122.35,2022-10-10,2022-10-10 15:15:00,Buy,17500.0,CE,30.05,10.0,4.7,2022-10-12 09:22:00,2022-10-13,3,Monday
33,2022-10-10,2022-10-10 09:30:00,Sell,17200,CE,82.35,-10,28.8,2022-10-12 10:37:00,17122.35,2022-10-10,2022-10-10 15:15:00,Buy,17500.0,CE,30.05,10.0,3.3,2022-10-12 10:37:00,2022-10-13,3,Monday
34,2022-10-10,2022-10-10 09:30:00,Sell,17150,CE,104.55,-10,34.65,2022-10-12 10:49:00,17122.35,2022-10-10,2022-10-10 15:15:00,Buy,17500.0,CE,30.05,10.0,3.3,2022-10-12 10:49:00,2022-10-13,3,Monday
35,2022-10-10,2022-10-10 10:00:00,Sell,17100,CE,106.0,-10,34.45,2022-10-13 09:40:00,17073.6,2022-10-10,2022-10-10 15:15:00,Buy,17500.0,CE,30.05,10.0,0.85,2022-10-13 09:40:00,2022-10-13,3,Monday
36,2022-10-10,2022-10-10 11:45:00,Sell,17150,PE,116.7,-10,134.3,2022-10-13 15:25:00,17168.65,2022-10-10,2022-10-10 15:15:00,Buy,16950.0,PE,33.9,10.0,0.05,2022-10-13 15:25:00,2022-10-13,3,Monday
37,2022-10-10,2022-10-10 12:15:00,Sell,17200,PE,123.45,-10,184.0,2022-10-13 15:25:00,17213.15,2022-10-10,2022-10-10 15:15:00,Buy,16950.0,PE,33.9,10.0,0.05,2022-10-13 15:25:00,2022-10-13,3,Monday
38,2022-10-10,2022-10-10 12:45:00,Sell,17250,PE,123.05,-10,234.2,2022-10-13 15:25:00,17266.5,2022-10-10,2022-10-10 15:15:00,Buy,16950.0,PE,33.9,10.0,0.05,2022-10-13 15:25:00,2022-10-13,3,Monday
39,2022-10-10,2022-10-10 14:00:00,Sell,17200,CE,97.5,-10,33.15,2022-10-11 15:23:00,17172.2,2022-10-10,2022-10-10 15:15:00,Buy,17500.0,CE,30.05,10.0,6.0,2022-10-11 15:23:00,2022-10-13,3,Monday
40,2022-10-10,2022-10-10 15:15:00,Sell,17250,PE,125.8,-10,234.2,2022-10-13 15:25:00,17253.45,2022-10-10,2022-10-10 15:15:00,Buy,16950.0,PE,33.9,10.0,0.05,2022-10-13 15:25:00,2022-10-13,3,Monday
41,2022-10-11,2022-10-11 09:30:00,Sell,17200,CE,108.6,-10,37.1,2022-10-11 15:15:00,17191.6,,,,,,,,,,2022-10-13,2,Tuesday
42,2022-10-11,2022-10-11 10:30:00,Sell,17150,CE,104.8,-10,34.65,2022-10-12 10:49:00,17133.35,2022-10-11,2022-10-11 15:15:00,Buy,17250.0,CE,27.8,10.0,17.2,2022-10-12 10:49:00,2022-10-13,2,Tuesday
43,2022-10-11,2022-10-11 12:15:00,Sell,17200,PE,112.65,-10,184.0,2022-10-13 15:25:00,17202.55,2022-10-11,2022-10-11 15:15:00,Buy,16750.0,PE,28.3,10.0,0.05,2022-10-13 15:25:00,2022-10-13,2,Tuesday
44,2022-10-11,2022-10-11 12:45:00,Sell,17150,CE,93.4,-10,31.2,2022-10-12 10:53:00,17112.35,2022-10-11,2022-10-11 15:15:00,Buy,17250.0,CE,27.8,10.0,15.6,2022-10-12 10:53:00,2022-10-13,2,Tuesday
45,2022-10-11,2022-10-11 14:30:00,Sell,17100,CE,103.7,-10,34.45,2022-10-13 09:40:00,17087.85,2022-10-11,2022-10-11 15:15:00,Buy,17250.0,CE,27.8,10.0,4.2,2022-10-13 09:40:00,2022-10-13,2,Tuesday
46,2022-10-11,2022-10-11 15:00:00,Sell,17050,CE,98.5,-10,32.5,2022-10-13 10:26:00,17021.65,2022-10-11,2022-10-11 15:15:00,Buy,17250.0,CE,27.8,10.0,2.65,2022-10-13 10:26:00,2022-10-13,2,Tuesday
47,2022-10-11,2022-10-11 15:15:00,Sell,17000,CE,102.45,-10,33.0,2022-10-13 11:44:00,16982.6,2022-10-11,2022-10-11 15:15:00,Buy,17250.0,CE,27.8,10.0,1.6,2022-10-13 11:44:00,2022-10-13,2,Tuesday
48,2022-10-12,2022-10-12 09:30:00,Sell,17050,PE,99.65,-10,34.2,2022-10-13 14:23:00,17053.45,2022-10-12,2022-10-12 15:15:00,Buy,16950.0,PE,28.6,10.0,3.5,2022-10-13 14:23:00,2022-10-13,1,Wednesday
49,2022-10-12,2022-10-12 11:00:00,Sell,17000,CE,80.85,-10,28.25,2022-10-13 11:54:00,16972.65,2022-10-12,2022-10-12 15:15:00,Buy,17250.0,CE,31.85,10.0,1.7,2022-10-13 11:54:00,2022-10-13,1,Wednesday
50,2022-10-12,2022-10-12 11:45:00,Sell,17050,PE,92.2,-10,26.0,2022-10-13 14:25:00,17053.0,2022-10-12,2022-10-12 15:15:00,Buy,16950.0,PE,28.6,10.0,2.8,2022-10-13 14:25:00,2022-10-13,1,Wednesday
51,2022-10-12,2022-10-12 12:30:00,Sell,17100,PE,91.05,-10,27.45,2022-10-13 14:45:00,17104.55,2022-10-12,2022-10-12 15:15:00,Buy,16950.0,PE,28.6,10.0,0.7,2022-10-13 14:45:00,2022-10-13,1,Wednesday
52,2022-10-12,2022-10-12 13:15:00,Sell,17050,CE,83.35,-10,28.3,2022-10-13 11:15:00,17048.0,2022-10-12,2022-10-12 15:15:00,Buy,17250.0,CE,31.85,10.0,2.0,2022-10-13 11:15:00,2022-10-13,1,Wednesday
53,2022-10-12,2022-10-12 14:45:00,Sell,17100,PE,78.95,-10,27.45,2022-10-13 14:45:00,17119.6,2022-10-12,2022-10-12 15:15:00,Buy,16950.0,PE,28.6,10.0,0.7,2022-10-13 14:45:00,2022-10-13,1,Wednesday
54,2022-10-13,2022-10-13 10:15:00,Sell,17050,CE,37.5,-10,12.15,2022-10-13 11:57:00,17029.85,,,,,,,,,,2022-10-13,0,Thursday
55,2022-10-13,2022-10-13 11:45:00,Sell,17000,CE,34.4,-10,11.9,2022-10-13 15:05:00,16988.95,,,,,,,,,,2022-10-13,0,Thursday
56,2022-10-13,2022-10-13 14:30:00,Sell,17050,PE,18.05,-10,6.0,2022-10-13 14:45:00,17054.2,,,,,,,,,,2022-10-13,0,Thursday
57,2022-10-14,2022-10-14 09:30:00,Sell,17300,CE,149.7,-10,51.15,2022-10-17 09:32:00,17300.0,2022-10-14,2022-10-14 15:15:00,Buy,17450.0,CE,41.7,10.0,20.05,2022-10-17 09:32:00,2022-10-20,4,Friday
58,2022-10-14,2022-10-14 09:30:00,Sell,17300,PE,150.8,-10,46.9,2022-10-18 09:16:00,17300.0,2022-10-14,2022-10-14 15:15:00,Buy,16850.0,PE,40.75,10.0,5.25,2022-10-18 09:16:00,2022-10-20,4,Friday
59,2022-10-14,2022-10-14 14:00:00,Sell,17250,CE,139.2,-10,313.75,2022-10-20 15:25:00,17243.0,2022-10-14,2022-10-14 15:15:00,Buy,17450.0,CE,41.7,10.0,114.05,2022-10-20 15:25:00,2022-10-20,4,Friday
60,2022-10-14,2022-10-14 15:15:00,Sell,17200,CE,136.55,-10,364.5,2022-10-20 15:25:00,17180.1,2022-10-14,2022-10-14 15:15:00,Buy,17450.0,CE,41.7,10.0,114.05,2022-10-20 15:25:00,2022-10-20,4,Friday
61,2022-10-17,2022-10-17 09:30:00,Sell,17150,CE,114.75,-10,413.6,2022-10-20 15:25:00,17124.5,2022-10-17,2022-10-17 15:15:00,Buy,17500.0,CE,37.2,10.0,64.05,2022-10-20 15:25:00,2022-10-20,3,Monday
62,2022-10-17,2022-10-17 10:15:00,Sell,17200,PE,116.55,-10,39.85,2022-10-18 09:15:00,17218.95,2022-10-17,2022-10-17 15:15:00,Buy,16950.0,PE,31.2,10.0,10.0,2022-10-18 09:15:00,2022-10-20,3,Monday
63,2022-10-17,2022-10-17 10:45:00,Sell,17250,PE,115.0,-10,36.35,2022-10-18 09:16:00,17275.95,2022-10-17,2022-10-17 15:15:00,Buy,16950.0,PE,31.2,10.0,8.4,2022-10-18 09:16:00,2022-10-20,3,Monday
64,2022-10-17,2022-10-17 13:30:00,Sell,17300,PE,117.0,-10,40.6,2022-10-18 09:33:00,17319.95,2022-10-17,2022-10-17 15:15:00,Buy,16950.0,PE,31.2,10.0,9.85,2022-10-18 09:33:00,2022-10-20,3,Monday
65,2022-10-18,2022-10-18 09:30:00,Sell,17350,PE,54.15,-10,18.6,2022-10-19 09:25:00,17478.8,2022-10-18,2022-10-18 15:15:00,Buy,17250.0,PE,25.6,10.0,10.0,2022-10-19 09:25:00,2022-10-20,2,Tuesday
66,2022-10-18,2022-10-18 09:30:00,Sell,17400,PE,68.3,-10,23.8,2022-10-19 09:41:00,17478.8,2022-10-18,2022-10-18 15:15:00,Buy,17250.0,PE,25.6,10.0,9.55,2022-10-19 09:41:00,2022-10-20,2,Tuesday
67,2022-10-18,2022-10-18 09:30:00,Sell,17450,PE,87.2,-10,29.95,2022-10-19 10:05:00,17478.8,2022-10-18,2022-10-18 15:15:00,Buy,17250.0,PE,25.6,10.0,8.5,2022-10-19 10:05:00,2022-10-20,2,Tuesday
68,2022-10-18,2022-10-18 10:00:00,Sell,17500,PE,92.65,-10,31.7,2022-10-20 12:46:00,17514.05,2022-10-18,2022-10-18 15:15:00,Buy,17250.0,PE,25.6,10.0,1.35,2022-10-20 12:46:00,2022-10-20,2,Tuesday
69,2022-10-19,2022-10-19 09:30:00,Sell,17550,PE,71.25,-10,19.55,2022-10-20 14:40:00,17559.3,2022-10-19,2022-10-19 15:15:00,Buy,17350.0,PE,18.7,10.0,0.55,2022-10-20 14:40:00,2022-10-20,1,Wednesday
70,2022-10-19,2022-10-19 10:45:00,Sell,17600,PE,74.9,-10,36.05,2022-10-20 15:25:00,17601.0,2022-10-19,2022-10-19 15:15:00,Buy,17350.0,PE,18.7,10.0,0.05,2022-10-20 15:25:00,2022-10-20,1,Wednesday
71,2022-10-19,2022-10-19 12:00:00,Sell,17550,CE,67.5,-10,7.2,2022-10-20 09:16:00,17549.7,2022-10-19,2022-10-19 15:15:00,Buy,17600.0,CE,22.4,10.0,3.35,2022-10-20 09:16:00,2022-10-20,1,Wednesday
72,2022-10-19,2022-10-19 15:00:00,Sell,17500,CE,58.6,-10,15.65,2022-10-20 09:16:00,17497.0,2022-10-19,2022-10-19 15:15:00,Buy,17600.0,CE,22.4,10.0,3.35,2022-10-20 09:16:00,2022-10-20,1,Wednesday
73,2022-10-20,2022-10-20 09:30:00,Sell,17450,CE,33.65,-10,114.05,2022-10-20 15:25:00,17445.85,2022-10-20,2022-10-20 15:15:00,Buy,17550.0,CE,8.2,10.0,13.95,2022-10-20 15:25:00,2022-10-20,0,Thursday
74,2022-10-20,2022-10-20 12:30:00,Sell,17500,PE,35.15,-10,12.05,2022-10-20 14:32:00,17503.75,,,,,,,,,,2022-10-20,0,Thursday
75,2022-10-20,2022-10-20 15:15:00,Sell,17550,PE,0.95,-10,0.2,2022-10-20 15:17:00,17567.35,2022-10-20,2022-10-20 15:15:00,Buy,17550.0,PE,0.95,10.0,0.2,2022-10-20 15:17:00,2022-10-20,0,Thursday
76,2022-10-21,2022-10-21 09:30:00,Sell,17650,CE,108.85,-10,37.0,2022-10-27 14:28:00,17650.0,2022-10-21,2022-10-21 15:15:00,Buy,17750.0,CE,37.6,10.0,1.8,2022-10-27 14:28:00,2022-10-27,4,Friday
77,2022-10-21,2022-10-21 09:30:00,Sell,17650,PE,127.5,-10,37.75,2022-10-25 09:15:00,17650.0,2022-10-21,2022-10-21 15:15:00,Buy,17300.0,PE,34.45,10.0,3.95,2022-10-25 09:15:00,2022-10-27,4,Friday
78,2022-10-21,2022-10-21 13:45:00,Sell,17600,CE,105.0,-10,136.5,2022-10-27 15:25:00,17599.1,2022-10-21,2022-10-21 15:15:00,Buy,17750.0,CE,37.6,10.0,0.2,2022-10-27 15:25:00,2022-10-27,4,Friday
79,2022-10-21,2022-10-21 14:30:00,Sell,17550,CE,103.15,-10,186.4,2022-10-27 15:25:00,17531.15,2022-10-21,2022-10-21 15:15:00,Buy,17750.0,CE,37.6,10.0,0.2,2022-10-27 15:25:00,2022-10-27,4,Friday
80,2022-10-25,2022-10-25 09:30:00,Sell,17600,PE,29.2,-10,5.65,2022-10-27 09:16:00,17740.1,2022-10-25,2022-10-25 15:15:00,Buy,17450.0,PE,12.85,10.0,1.5,2022-10-27 09:16:00,2022-10-27,2,Tuesday
81,2022-10-25,2022-10-25 09:30:00,Sell,17650,PE,41.3,-10,9.8,2022-10-27 09:15:00,17740.1,2022-10-25,2022-10-25 15:15:00,Buy,17450.0,PE,12.85,10.0,7.9,2022-10-27 09:15:00,2022-10-27,2,Tuesday
82,2022-10-25,2022-10-25 09:30:00,Sell,17700,PE,58.85,-10,20.45,2022-10-27 09:17:00,17740.1,2022-10-25,2022-10-25 15:15:00,Buy,17450.0,PE,12.85,10.0,1.5,2022-10-27 09:17:00,2022-10-27,2,Tuesday
83,2022-10-25,2022-10-25 09:45:00,Sell,17750,PE,70.75,-10,23.55,2022-10-27 15:11:00,17751.9,2022-10-25,2022-10-25 15:15:00,Buy,17450.0,PE,12.85,10.0,0.1,2022-10-27 15:11:00,2022-10-27,2,Tuesday
84,2022-10-25,2022-10-25 11:00:00,Sell,17700,CE,71.1,-10,23.85,2022-10-27 12:45:00,17696.5,2022-10-25,2022-10-25 15:15:00,Buy,17800.0,CE,20.2,10.0,3.05,2022-10-27 12:45:00,2022-10-27,2,Tuesday
85,2022-10-27,2022-10-27 09:30:00,Sell,17750,PE,32.05,-10,13.9,2022-10-27 15:25:00,17764.85,2022-10-27,2022-10-27 15:15:00,Buy,17700.0,PE,0.2,10.0,0.05,2022-10-27 15:25:00,2022-10-27,0,Thursday
86,2022-10-27,2022-10-27 12:30:00,Sell,17700,CE,27.7,-10,8.7,2022-10-27 14:32:00,17688.4,,,,,,,,,,2022-10-27,0,Thursday
87,2022-10-28,2022-10-28 09:30:00,Sell,17800,CE,132.95,-10,254.65,2022-11-03 15:25:00,17800.0,2022-10-28,2022-10-28 15:15:00,Buy,18000.0,CE,44.0,10.0,110.05,2022-11-03 15:25:00,2022-11-03,4,Friday
88,2022-10-28,2022-10-28 09:30:00,Sell,17800,PE,128.2,-10,44.8,2022-10-31 09:38:00,17800.0,2022-10-28,2022-10-28 15:15:00,Buy,17500.0,PE,36.1,10.0,10.55,2022-10-31 09:38:00,2022-11-03,4,Friday
89,2022-10-28,2022-10-28 13:00:00,Sell,17750,CE,129.1,-10,304.8,2022-11-03 15:25:00,17743.65,2022-10-28,2022-10-28 15:15:00,Buy,18000.0,CE,44.0,10.0,110.05,2022-11-03 15:25:00,2022-11-03,4,Friday
90,2022-10-31,2022-10-31 09:30:00,Sell,17800,PE,49.15,-10,17.15,2022-11-01 09:16:00,17953.2,2022-10-31,2022-10-31 15:15:00,Buy,17700.0,PE,23.2,10.0,22.25,2022-11-01 09:16:00,2022-11-03,3,Monday
91,2022-10-31,2022-10-31 09:30:00,Sell,17850,PE,62.5,-10,21.4,2022-11-01 09:40:00,17953.2,2022-10-31,2022-10-31 15:15:00,Buy,17700.0,PE,23.2,10.0,22.25,2022-11-01 09:40:00,2022-11-03,3,Monday
92,2022-10-31,2022-10-31 09:30:00,Sell,17900,PE,79.55,-10,26.0,2022-11-01 09:15:00,17953.2,2022-10-31,2022-10-31 15:15:00,Buy,17700.0,PE,23.2,10.0,22.25,2022-11-01 09:15:00,2022-11-03,3,Monday
93,2022-10-31,2022-10-31 09:30:00,Sell,17950,PE,100.0,-10,34.75,2022-11-01 09:53:00,17953.2,2022-10-31,2022-10-31 15:15:00,Buy,17700.0,PE,23.2,10.0,22.25,2022-11-01 09:53:00,2022-11-03,3,Monday
94,2022-10-31,2022-10-31 15:15:00,Sell,18000,PE,98.8,-10,34.05,2022-11-01 14:49:00,18017.85,2022-10-31,2022-10-31 15:15:00,Buy,17700.0,PE,23.2,10.0,22.25,2022-11-01 14:49:00,2022-11-03,3,Monday
95,2022-11-01,2022-11-01 09:30:00,Sell,18050,PE,61.6,-10,19.65,2022-11-03 11:16:00,18121.4,2022-11-01,2022-11-01 15:15:00,Buy,17900.0,PE,21.15,10.0,2.65,2022-11-03 11:16:00,2022-11-03,2,Tuesday
96,2022-11-01,2022-11-01 09:30:00,Sell,18100,PE,80.65,-10,45.05,2022-11-03 15:25:00,18121.4,2022-11-01,2022-11-01 15:15:00,Buy,17900.0,PE,21.15,10.0,0.05,2022-11-03 15:25:00,2022-11-03,2,Tuesday
97,2022-11-01,2022-11-01 10:15:00,Sell,18150,PE,92.7,-10,95.3,2022-11-03 15:25:00,18160.65,2022-11-01,2022-11-01 15:15:00,Buy,17900.0,PE,21.15,10.0,0.05,2022-11-03 15:25:00,2022-11-03,2,Tuesday
98,2022-11-01,2022-11-01 13:15:00,Sell,18100,CE,82.0,-10,13.3,2022-11-03 09:16:00,18067.4,2022-11-01,2022-11-01 15:15:00,Buy,18300.0,CE,29.15,10.0,1.0,2022-11-03 09:16:00,2022-11-03,2,Tuesday
99,2022-11-03,2022-11-03 09:30:00,Sell,18050,CE,40.15,-10,13.5,2022-11-03 13:04:00,18038.2,,,,,,,,,,2022-11-03,0,Thursday
100,2022-11-04,2022-11-04 09:30:00,Sell,18100,CE,121.4,-10,30.6,2022-11-10 09:16:00,18100.0,2022-11-04,2022-11-04 15:15:00,Buy,18350.0,CE,38.2,10.0,1.5,2022-11-10 09:16:00,2022-11-10,4,Friday
101,2022-11-04,2022-11-04 09:30:00,Sell,18100,PE,128.85,-10,42.0,2022-11-07 09:16:00,18100.0,2022-11-04,2022-11-04 15:15:00,Buy,17900.0,PE,38.25,10.0,13.55,2022-11-07 09:16:00,2022-11-10,4,Friday
102,2022-11-04,2022-11-04 10:00:00,Sell,18050,CE,123.55,-10,42.3,2022-11-10 09:32:00,18035.25,2022-11-04,2022-11-04 15:15:00,Buy,18350.0,CE,38.2,10.0,1.55,2022-11-10 09:32:00,2022-11-10,4,Friday
103,2022-11-04,2022-11-04 15:15:00,Sell,18100,PE,98.25,-10,19.9,2022-11-09 09:15:00,18123.9,2022-11-04,2022-11-04 15:15:00,Buy,17900.0,PE,38.25,10.0,5.9,2022-11-09 09:15:00,2022-11-10,4,Friday
104,2022-11-07,2022-11-07 09:30:00,Sell,18150,PE,63.1,-10,121.5,2022-11-10 15:25:00,18200.15,2022-11-07,2022-11-07 15:15:00,Buy,18050.0,PE,28.1,10.0,21.45,2022-11-10 15:25:00,2022-11-10,3,Monday
105,2022-11-07,2022-11-07 09:30:00,Sell,18200,PE,83.7,-10,171.45,2022-11-10 15:25:00,18200.15,2022-11-07,2022-11-07 15:15:00,Buy,18050.0,PE,28.1,10.0,21.45,2022-11-10 15:25:00,2022-11-10,3,Monday
106,2022-11-07,2022-11-07 10:15:00,Sell,18150,CE,96.8,-10,11.1,2022-11-10 09:15:00,18141.85,2022-11-07,2022-11-07 15:15:00,Buy,18400.0,CE,19.1,10.0,0.9,2022-11-10 09:15:00,2022-11-10,3,Monday
107,2022-11-07,2022-11-07 13:30:00,Sell,18100,CE,94.15,-10,30.6,2022-11-10 09:16:00,18074.65,2022-11-07,2022-11-07 15:15:00,Buy,18400.0,CE,19.1,10.0,1.1,2022-11-10 09:16:00,2022-11-10,3,Monday
108,2022-11-07,2022-11-07 14:30:00,Sell,18150,PE,68.9,-10,121.5,2022-11-10 15:25:00,18157.35,2022-11-07,2022-11-07 15:15:00,Buy,18050.0,PE,28.1,10.0,21.45,2022-11-10 15:25:00,2022-11-10,3,Monday
109,2022-11-07,2022-11-07 15:15:00,Sell,18200,PE,77.1,-10,171.45,2022-11-10 15:25:00,18202.05,2022-11-07,2022-11-07 15:15:00,Buy,18050.0,PE,28.1,10.0,21.45,2022-11-10 15:25:00,2022-11-10,3,Monday
110,2022-11-09,2022-11-09 14:45:00,Sell,18150,CE,66.25,-10,11.1,2022-11-10 09:15:00,18144.3,2022-11-09,2022-11-09 15:15:00,Buy,18300.0,CE,16.8,10.0,4.95,2022-11-10 09:15:00,2022-11-10,1,Wednesday
111,2022-11-10,2022-11-10 09:30:00,Sell,18100,CE,24.0,-10,7.65,2022-11-10 11:12:00,18060.3,,,,,,,,,,2022-11-10,0,Thursday
112,2022-11-10,2022-11-10 09:45:00,Sell,18050,CE,29.1,-10,9.8,2022-11-10 12:30:00,18027.1,,,,,,,,,,2022-11-10,0,Thursday
113,2022-11-10,2022-11-10 12:30:00,Sell,18000,CE,26.3,-10,9.15,2022-11-10 14:24:00,17993.45,,,,,,,,,,2022-11-10,0,Thursday
114,2022-11-11,2022-11-11 09:30:00,Sell,18300,CE,131.25,-10,42.85,2022-11-17 15:15:00,18300.0,2022-11-11,2022-11-11 15:15:00,Buy,18550.0,CE,35.55,10.0,0.1,2022-11-17 15:15:00,2022-11-17,4,Friday
115,2022-11-11,2022-11-11 09:30:00,Sell,18300,PE,101.05,-10,33.5,2022-11-15 15:09:00,18300.0,2022-11-11,2022-11-11 15:15:00,Buy,18150.0,PE,38.1,10.0,11.55,2022-11-15 15:09:00,2022-11-17,4,Friday
116,2022-11-14,2022-11-14 09:30:00,Sell,18350,PE,75.15,-10,25.3,2022-11-17 09:20:00,18384.35,2022-11-14,2022-11-14 15:15:00,Buy,18100.0,PE,20.5,10.0,1.35,2022-11-17 09:20:00,2022-11-17,3,Monday
117,2022-11-15,2022-11-15 10:30:00,Sell,18300,CE,86.35,-10,44.2,2022-11-17 15:25:00,18299.0,2022-11-15,2022-11-15 15:15:00,Buy,18550.0,CE,21.0,10.0,0.05,2022-11-17 15:25:00,2022-11-17,2,Tuesday
118,2022-11-15,2022-11-15 15:00:00,Sell,18350,PE,56.25,-10,19.3,2022-11-17 09:53:00,18359.25,2022-11-15,2022-11-15 15:15:00,Buy,18250.0,PE,22.0,10.0,3.15,2022-11-17 09:53:00,2022-11-17,2,Tuesday
119,2022-11-15,2022-11-15 15:15:00,Sell,18400,PE,63.1,-10,19.65,2022-11-17 13:22:00,18406.4,2022-11-15,2022-11-15 15:15:00,Buy,18250.0,PE,22.0,10.0,0.9,2022-11-17 13:22:00,2022-11-17,2,Tuesday
120,2022-11-17,2022-11-17 15:15:00,Sell,18350,CE,1.35,-10,0.3,2022-11-17 15:16:00,18323.75,2022-11-17,2022-11-17 15:15:00,Buy,18400.0,CE,0.15,10.0,0.15,2022-11-17 15:16:00,2022-11-17,0,Thursday
121,2022-11-18,2022-11-18 09:30:00,Sell,18350,CE,116.5,-10,40.7,2022-11-21 09:22:00,18350.0,2022-11-18,2022-11-18 15:15:00,Buy,18550.0,CE,33.45,10.0,9.4,2022-11-21 09:22:00,2022-11-24,4,Friday
122,2022-11-18,2022-11-18 09:30:00,Sell,18350,PE,105.05,-10,35.25,2022-11-24 09:39:00,18350.0,2022-11-18,2022-11-18 15:15:00,Buy,18150.0,PE,32.7,10.0,1.75,2022-11-24 09:39:00,2022-11-24,4,Friday
123,2022-11-18,2022-11-18 10:00:00,Sell,18300,CE,133.5,-10,45.85,2022-11-21 09:31:00,18296.65,2022-11-18,2022-11-18 15:15:00,Buy,18550.0,CE,33.45,10.0,7.8,2022-11-21 09:31:00,2022-11-24,4,Friday
124,2022-11-18,2022-11-18 11:15:00,Sell,18250,CE,132.75,-10,45.25,2022-11-22 09:22:00,18226.85,2022-11-18,2022-11-18 15:15:00,Buy,18550.0,CE,33.45,10.0,4.5,2022-11-22 09:22:00,2022-11-24,4,Friday
125,2022-11-18,2022-11-18 15:15:00,Sell,18300,PE,71.85,-10,19.0,2022-11-24 09:15:00,18323.75,2022-11-18,2022-11-18 15:15:00,Buy,18150.0,PE,32.7,10.0,2.7,2022-11-24 09:15:00,2022-11-24,4,Friday
126,2022-11-21,2022-11-21 09:30:00,Sell,18250,CE,67.1,-10,234.55,2022-11-24 15:25:00,18174.45,2022-11-21,2022-11-21 15:15:00,Buy,18350.0,CE,30.4,10.0,134.25,2022-11-24 15:25:00,2022-11-24,3,Monday
127,2022-11-21,2022-11-21 09:30:00,Sell,18200,CE,90.95,-10,284.65,2022-11-24 15:25:00,18174.45,2022-11-21,2022-11-21 15:15:00,Buy,18350.0,CE,30.4,10.0,134.25,2022-11-24 15:25:00,2022-11-24,3,Monday
128,2022-11-21,2022-11-21 14:30:00,Sell,18150,CE,99.95,-10,334.6,2022-11-24 15:25:00,18141.15,2022-11-21,2022-11-21 15:15:00,Buy,18350.0,CE,30.4,10.0,134.25,2022-11-24 15:25:00,2022-11-24,3,Monday
129,2022-11-22,2022-11-22 10:15:00,Sell,18200,PE,55.3,-10,14.95,2022-11-23 09:15:00,18206.75,2022-11-22,2022-11-22 15:15:00,Buy,18100.0,PE,15.3,10.0,11.0,2022-11-23 09:15:00,2022-11-24,2,Tuesday
130,2022-11-23,2022-11-23 09:30:00,Sell,18250,PE,22.25,-10,7.35,2022-11-24 09:32:00,18299.5,2022-11-23,2022-11-23 15:15:00,Buy,18100.0,PE,6.85,10.0,1.35,2022-11-24 09:32:00,2022-11-24,1,Wednesday
131,2022-11-23,2022-11-23 14:45:00,Sell,18300,PE,32.5,-10,11.35,2022-11-24 09:57:00,18302.4,2022-11-23,2022-11-23 15:15:00,Buy,18100.0,PE,6.85,10.0,1.65,2022-11-24 09:57:00,2022-11-24,1,Wednesday
132,2022-11-24,2022-11-24 10:15:00,Sell,18350,PE,24.7,-10,8.45,2022-11-24 13:41:00,18352.45,,,,,,,,,,2022-11-24,0,Thursday
133,2022-11-24,2022-11-24 14:15:00,Sell,18400,PE,16.05,-10,3.8,2022-11-24 15:01:00,18401.8,,,,,,,,,,2022-11-24,0,Thursday
134,2022-11-24,2022-11-24 15:15:00,Sell,18450,PE,0.55,-10,0.15,2022-11-24 15:24:00,18482.25,2022-11-24,2022-11-24 15:15:00,Buy,18100.0,PE,0.15,10.0,0.1,2022-11-24 15:24:00,2022-11-24,0,Thursday
135,2022-11-25,2022-11-25 09:30:00,Sell,18450,CE,131.7,-10,362.6,2022-12-01 15:25:00,18450.0,2022-11-25,2022-11-25 15:15:00,Buy,18700.0,CE,28.75,10.0,112.15,2022-12-01 15:25:00,2022-12-01,4,Friday
136,2022-11-25,2022-11-25 09:30:00,Sell,18450,PE,70.55,-10,24.2,2022-11-29 09:25:00,18450.0,2022-11-25,2022-11-25 15:15:00,Buy,18300.0,PE,25.2,10.0,10.35,2022-11-29 09:25:00,2022-12-01,4,Friday
137,2022-11-25,2022-11-25 14:00:00,Sell,18500,PE,79.75,-10,27.45,2022-11-29 10:16:00,18501.55,2022-11-25,2022-11-25 15:15:00,Buy,18300.0,PE,25.2,10.0,8.8,2022-11-29 10:16:00,2022-12-01,4,Friday
138,2022-11-28,2022-11-28 10:30:00,Sell,18550,PE,74.25,-10,25.9,2022-11-29 13:51:00,18550.55,2022-11-28,2022-11-28 15:15:00,Buy,18350.0,PE,20.15,10.0,9.1,2022-11-29 13:51:00,2022-12-01,3,Monday
139,2022-11-28,2022-11-28 13:00:00,Sell,18600,PE,80.0,-10,27.6,2022-11-30 09:22:00,18602.05,2022-11-28,2022-11-28 15:15:00,Buy,18350.0,PE,20.15,10.0,4.8,2022-11-30 09:22:00,2022-12-01,3,Monday
140,2022-11-29,2022-11-29 11:15:00,Sell,18650,PE,63.1,-10,21.25,2022-11-30 15:08:00,18657.25,2022-11-29,2022-11-29 15:15:00,Buy,18450.0,PE,17.85,10.0,5.3,2022-11-30 15:08:00,2022-12-01,2,Tuesday
141,2022-11-30,2022-11-30 15:15:00,Sell,18700,PE,28.5,-10,6.1,2022-12-01 09:15:00,18765.95,2022-11-30,2022-11-30 15:15:00,Buy,18600.0,PE,11.95,10.0,4.95,2022-12-01 09:15:00,2022-12-01,1,Wednesday
142,2022-11-30,2022-11-30 15:15:00,Sell,18750,PE,45.7,-10,13.0,2022-12-01 09:15:00,18765.95,2022-11-30,2022-11-30 15:15:00,Buy,18600.0,PE,11.95,10.0,4.95,2022-12-01 09:15:00,2022-12-01,1,Wednesday
143,2022-12-01,2022-12-01 09:30:00,Sell,18800,PE,14.15,-10,4.1,2022-12-01 14:33:00,18855.4,,,,,,,,,,2022-12-01,0,Thursday
144,2022-12-01,2022-12-01 09:30:00,Sell,18850,PE,30.25,-10,38.25,2022-12-01 15:25:00,18855.4,2022-12-01,2022-12-01 15:15:00,Buy,18800.0,PE,1.95,10.0,0.25,2022-12-01 15:25:00,2022-12-01,0,Thursday
145,2022-12-01,2022-12-01 14:00:00,Sell,18800,CE,24.8,-10,12.05,2022-12-01 15:25:00,18792.5,2022-12-01,2022-12-01 15:15:00,Buy,18800.0,CE,12.8,10.0,12.05,2022-12-01 15:25:00,2022-12-01,0,Thursday
146,2022-12-02,2022-12-02 09:30:00,Sell,18750,CE,116.8,-10,39.55,2022-12-06 09:22:00,18750.0,2022-12-02,2022-12-02 15:15:00,Buy,18950.0,CE,29.05,10.0,10.9,2022-12-06 09:22:00,2022-12-08,4,Friday
147,2022-12-02,2022-12-02 09:30:00,Sell,18750,PE,102.75,-10,140.9,2022-12-08 15:25:00,18750.0,2022-12-02,2022-12-02 15:15:00,Buy,18500.0,PE,30.7,10.0,0.1,2022-12-08 15:25:00,2022-12-08,4,Friday
148,2022-12-02,2022-12-02 10:30:00,Sell,18700,CE,126.4,-10,42.75,2022-12-07 09:30:00,18698.7,2022-12-02,2022-12-02 15:15:00,Buy,18950.0,CE,29.05,10.0,5.7,2022-12-07 09:30:00,2022-12-08,4,Friday
149,2022-12-02,2022-12-02 12:00:00,Sell,18650,CE,130.6,-10,45.3,2022-12-07 10:54:00,18649.95,2022-12-02,2022-12-02 15:15:00,Buy,18950.0,CE,29.05,10.0,4.25,2022-12-07 10:54:00,2022-12-08,4,Friday
150,2022-12-02,2022-12-02 14:30:00,Sell,18700,PE,89.2,-10,90.85,2022-12-08 15:25:00,18704.45,2022-12-02,2022-12-02 15:15:00,Buy,18500.0,PE,30.7,10.0,0.1,2022-12-08 15:25:00,2022-12-08,4,Friday
151,2022-12-05,2022-12-05 10:00:00,Sell,18650,CE,90.4,-10,29.8,2022-12-07 15:14:00,18603.15,2022-12-05,2022-12-05 15:15:00,Buy,18950.0,CE,24.5,10.0,2.45,2022-12-07 15:14:00,2022-12-08,3,Monday
152,2022-12-05,2022-12-05 10:15:00,Sell,18600,CE,111.45,-10,30.45,2022-12-08 09:16:00,18597.1,2022-12-05,2022-12-05 15:15:00,Buy,18950.0,CE,24.5,10.0,1.2,2022-12-08 09:16:00,2022-12-08,3,Monday
153,2022-12-05,2022-12-05 11:45:00,Sell,18650,PE,76.8,-10,41.0,2022-12-08 15:25:00,18650.7,2022-12-05,2022-12-05 15:15:00,Buy,18550.0,PE,26.15,10.0,0.1,2022-12-08 15:25:00,2022-12-08,3,Monday
154,2022-12-05,2022-12-05 12:30:00,Sell,18700,PE,68.85,-10,90.85,2022-12-08 15:25:00,18711.85,2022-12-05,2022-12-05 15:15:00,Buy,18550.0,PE,26.15,10.0,0.1,2022-12-08 15:25:00,2022-12-08,3,Monday
155,2022-12-05,2022-12-05 13:45:00,Sell,18650,CE,102.15,-10,35.75,2022-12-07 12:45:00,18641.0,2022-12-05,2022-12-05 15:15:00,Buy,18950.0,CE,24.5,10.0,3.5,2022-12-07 12:45:00,2022-12-08,3,Monday
156,2022-12-05,2022-12-05 15:15:00,Sell,18700,PE,69.05,-10,90.85,2022-12-08 15:25:00,18715.9,2022-12-05,2022-12-05 15:15:00,Buy,18550.0,PE,26.15,10.0,0.1,2022-12-08 15:25:00,2022-12-08,3,Monday
157,2022-12-06,2022-12-06 09:30:00,Sell,18650,CE,78.55,-10,26.65,2022-12-07 15:19:00,18611.05,2022-12-06,2022-12-06 15:15:00,Buy,18850.0,CE,26.3,10.0,4.0,2022-12-07 15:19:00,2022-12-08,2,Tuesday
158,2022-12-06,2022-12-06 09:45:00,Sell,18600,CE,93.5,-10,30.45,2022-12-08 09:16:00,18593.25,2022-12-06,2022-12-06 15:15:00,Buy,18850.0,CE,26.3,10.0,1.65,2022-12-08 09:16:00,2022-12-08,2,Tuesday
159,2022-12-06,2022-12-06 15:15:00,Sell,18650,PE,58.25,-10,41.0,2022-12-08 15:25:00,18651.45,2022-12-06,2022-12-06 15:15:00,Buy,18550.0,PE,27.05,10.0,0.1,2022-12-08 15:25:00,2022-12-08,2,Tuesday
160,2022-12-07,2022-12-07 11:00:00,Sell,18600,CE,61.4,-10,21.45,2022-12-08 09:23:00,18580.45,2022-12-07,2022-12-07 15:15:00,Buy,18700.0,CE,19.9,10.0,4.85,2022-12-08 09:23:00,2022-12-08,1,Wednesday
161,2022-12-09,2022-12-09 09:30:00,Sell,18600,CE,143.35,-10,49.7,2022-12-09 14:20:00,18600.0,,,,,,,,,,2022-12-15,4,Friday
162,2022-12-09,2022-12-09 09:30:00,Sell,18600,PE,63.0,-10,21.7,2022-12-15 09:17:00,18600.0,2022-12-09,2022-12-09 15:15:00,Buy,18350.0,PE,32.15,10.0,1.35,2022-12-15 09:17:00,2022-12-15,4,Friday
163,2022-12-09,2022-12-09 11:30:00,Sell,18550,CE,136.5,-10,43.3,2022-12-12 09:16:00,18549.5,2022-12-09,2022-12-09 15:15:00,Buy,18700.0,CE,35.45,10.0,15.0,2022-12-12 09:16:00,2022-12-15,4,Friday
164,2022-12-09,2022-12-09 12:45:00,Sell,18500,CE,121.75,-10,41.3,2022-12-15 12:55:00,18488.65,2022-12-09,2022-12-09 15:15:00,Buy,18700.0,CE,35.45,10.0,2.1,2022-12-15 12:55:00,2022-12-15,4,Friday
165,2022-12-09,2022-12-09 14:15:00,Sell,18450,CE,130.05,-10,43.6,2022-12-15 14:32:00,18449.05,2022-12-09,2022-12-09 15:15:00,Buy,18700.0,CE,35.45,10.0,0.65,2022-12-15 14:32:00,2022-12-15,4,Friday
166,2022-12-09,2022-12-09 15:15:00,Sell,18500,PE,78.75,-10,18.0,2022-12-14 09:15:00,18509.45,2022-12-09,2022-12-09 15:15:00,Buy,18350.0,PE,32.15,10.0,7.5,2022-12-14 09:15:00,2022-12-15,4,Friday
167,2022-12-12,2022-12-12 09:30:00,Sell,18450,CE,67.0,-10,23.0,2022-12-15 14:42:00,18354.55,2022-12-12,2022-12-12 15:15:00,Buy,18700.0,CE,26.35,10.0,0.65,2022-12-15 14:42:00,2022-12-15,3,Monday
168,2022-12-12,2022-12-12 09:30:00,Sell,18400,CE,89.7,-10,28.8,2022-12-15 14:53:00,18354.55,2022-12-12,2022-12-12 15:15:00,Buy,18700.0,CE,26.35,10.0,0.5,2022-12-15 14:53:00,2022-12-15,3,Monday
169,2022-12-12,2022-12-12 09:45:00,Sell,18450,PE,64.6,-10,22.3,2022-12-13 15:01:00,18467.05,2022-12-12,2022-12-12 15:15:00,Buy,18350.0,PE,23.55,10.0,12.25,2022-12-13 15:01:00,2022-12-15,3,Monday
170,2022-12-12,2022-12-12 10:30:00,Sell,18500,PE,68.65,-10,18.0,2022-12-14 09:15:00,18502.85,2022-12-12,2022-12-12 15:15:00,Buy,18350.0,PE,23.55,10.0,7.5,2022-12-14 09:15:00,2022-12-15,3,Monday
171,2022-12-12,2022-12-12 14:30:00,Sell,18450,CE,98.6,-10,31.3,2022-12-15 14:37:00,18439.25,2022-12-12,2022-12-12 15:15:00,Buy,18700.0,CE,26.35,10.0,0.8,2022-12-15 14:37:00,2022-12-15,3,Monday
172,2022-12-13,2022-12-13 09:30:00,Sell,18500,PE,53.75,-10,18.0,2022-12-14 09:15:00,18534.05,2022-12-13,2022-12-13 15:15:00,Buy,18400.0,PE,19.6,10.0,12.0,2022-12-14 09:15:00,2022-12-15,2,Tuesday
173,2022-12-13,2022-12-13 11:15:00,Sell,18550,PE,69.15,-10,23.75,2022-12-14 09:20:00,18553.0,2022-12-13,2022-12-13 15:15:00,Buy,18400.0,PE,19.6,10.0,8.15,2022-12-14 09:20:00,2022-12-15,2,Tuesday
174,2022-12-13,2022-12-13 15:15:00,Sell,18600,PE,67.9,-10,22.95,2022-12-14 11:31:00,18605.8,2022-12-13,2022-12-13 15:15:00,Buy,18400.0,PE,19.6,10.0,6.0,2022-12-14 11:31:00,2022-12-15,2,Tuesday
175,2022-12-14,2022-12-14 09:30:00,Sell,18650,PE,42.2,-10,236.4,2022-12-15 15:25:00,18674.75,2022-12-14,2022-12-14 15:15:00,Buy,18500.0,PE,11.85,10.0,86.05,2022-12-15 15:25:00,2022-12-15,1,Wednesday
176,2022-12-15,2022-12-15 09:45:00,Sell,18600,CE,28.1,-10,8.7,2022-12-15 12:11:00,18586.65,,,,,,,,,,2022-12-15,0,Thursday
177,2022-12-15,2022-12-15 12:15:00,Sell,18550,CE,28.75,-10,9.7,2022-12-15 13:49:00,18548.9,,,,,,,,,,2022-12-15,0,Thursday
178,2022-12-15,2022-12-15 14:30:00,Sell,18500,CE,14.6,-10,4.7,2022-12-15 14:42:00,18496.2,,,,,,,,,,2022-12-15,0,Thursday
179,2022-12-15,2022-12-15 14:45:00,Sell,18450,CE,10.85,-10,2.05,2022-12-15 15:06:00,18429.15,,,,,,,,,,2022-12-15,0,Thursday
180,2022-12-16,2022-12-16 09:30:00,Sell,18400,CE,117.15,-10,40.25,2022-12-20 09:31:00,18400.0,2022-12-16,2022-12-16 15:15:00,Buy,18500.0,CE,31.6,10.0,18.9,2022-12-20 09:31:00,2022-12-22,4,Friday
181,2022-12-16,2022-12-16 09:30:00,Sell,18400,PE,104.5,-10,35.4,2022-12-21 09:16:00,18400.0,2022-12-16,2022-12-16 15:15:00,Buy,18050.0,PE,30.25,10.0,3.85,2022-12-21 09:16:00,2022-12-22,4,Friday
182,2022-12-16,2022-12-16 10:15:00,Sell,18350,CE,105.65,-10,36.5,2022-12-20 11:06:00,18329.0,2022-12-16,2022-12-16 15:15:00,Buy,18500.0,CE,31.6,10.0,13.5,2022-12-20 11:06:00,2022-12-22,4,Friday
183,2022-12-16,2022-12-16 11:00:00,Sell,18300,CE,109.2,-10,32.65,2022-12-21 15:06:00,18287.95,2022-12-16,2022-12-16 15:15:00,Buy,18500.0,CE,31.6,10.0,8.3,2022-12-21 15:06:00,2022-12-22,4,Friday
184,2022-12-16,2022-12-16 12:30:00,Sell,18350,PE,79.0,-10,21.8,2022-12-21 09:16:00,18375.4,2022-12-16,2022-12-16 15:15:00,Buy,18050.0,PE,30.25,10.0,3.85,2022-12-21 09:16:00,2022-12-22,4,Friday
185,2022-12-16,2022-12-16 12:45:00,Sell,18400,PE,92.6,-10,28.9,2022-12-21 09:21:00,18401.15,2022-12-16,2022-12-16 15:15:00,Buy,18050.0,PE,30.25,10.0,3.8,2022-12-21 09:21:00,2022-12-22,4,Friday
186,2022-12-16,2022-12-16 13:45:00,Sell,18350,CE,106.3,-10,37.05,2022-12-20 11:05:00,18344.2,2022-12-16,2022-12-16 15:15:00,Buy,18500.0,CE,31.6,10.0,13.6,2022-12-20 11:05:00,2022-12-22,4,Friday
187,2022-12-16,2022-12-16 14:30:00,Sell,18300,CE,107.3,-10,32.65,2022-12-21 15:06:00,18290.5,2022-12-16,2022-12-16 15:15:00,Buy,18500.0,CE,31.6,10.0,8.3,2022-12-21 15:06:00,2022-12-22,4,Friday
188,2022-12-19,2022-12-19 10:45:00,Sell,18350,PE,82.7,-10,21.8,2022-12-21 09:16:00,18350.55,2022-12-19,2022-12-19 15:15:00,Buy,18200.0,PE,19.05,10.0,7.35,2022-12-21 09:16:00,2022-12-22,3,Monday
189,2022-12-19,2022-12-19 15:00:00,Sell,18400,PE,61.6,-10,272.25,2022-12-22 15:25:00,18407.3,2022-12-19,2022-12-19 15:15:00,Buy,18200.0,PE,19.05,10.0,72.45,2022-12-22 15:25:00,2022-12-22,3,Monday
190,2022-12-20,2022-12-20 09:30:00,Sell,18350,CE,60.1,-10,20.85,2022-12-21 15:07:00,18295.0,2022-12-20,2022-12-20 15:15:00,Buy,18550.0,CE,20.1,10.0,6.25,2022-12-21 15:07:00,2022-12-22,2,Tuesday
191,2022-12-20,2022-12-20 09:30:00,Sell,18300,CE,82.4,-10,25.05,2022-12-22 09:28:00,18295.0,2022-12-20,2022-12-20 15:15:00,Buy,18550.0,CE,20.1,10.0,2.7,2022-12-22 09:28:00,2022-12-22,2,Tuesday
192,2022-12-20,2022-12-20 10:00:00,Sell,18250,CE,74.85,-10,24.3,2022-12-22 10:15:00,18217.95,2022-12-20,2022-12-20 15:15:00,Buy,18550.0,CE,20.1,10.0,2.9,2022-12-22 10:15:00,2022-12-22,2,Tuesday
193,2022-12-20,2022-12-20 14:30:00,Sell,18300,PE,53.65,-10,13.75,2022-12-21 09:16:00,18328.95,2022-12-20,2022-12-20 15:15:00,Buy,18250.0,PE,19.25,10.0,9.8,2022-12-21 09:16:00,2022-12-22,2,Tuesday
194,2022-12-20,2022-12-20 15:15:00,Sell,18350,PE,41.95,-10,223.0,2022-12-22 15:25:00,18399.5,2022-12-20,2022-12-20 15:15:00,Buy,18250.0,PE,19.25,10.0,122.5,2022-12-22 15:25:00,2022-12-22,2,Tuesday
195,2022-12-21,2022-12-21 09:30:00,Sell,18400,PE,32.45,-10,272.25,2022-12-22 15:25:00,18453.3,2022-12-21,2022-12-21 15:15:00,Buy,18050.0,PE,15.6,10.0,0.05,2022-12-22 15:25:00,2022-12-22,1,Wednesday
196,2022-12-21,2022-12-21 09:30:00,Sell,18450,PE,49.6,-10,323.1,2022-12-22 15:25:00,18453.3,2022-12-21,2022-12-21 15:15:00,Buy,18050.0,PE,15.6,10.0,0.05,2022-12-22 15:25:00,2022-12-22,1,Wednesday
197,2022-12-21,2022-12-21 09:45:00,Sell,18400,CE,68.35,-10,23.1,2022-12-21 14:01:00,18398.45,,,,,,,,,,2022-12-22,1,Wednesday
198,2022-12-21,2022-12-21 12:15:00,Sell,18350,CE,65.85,-10,21.95,2022-12-21 15:06:00,18328.5,,,,,,,,,,2022-12-22,1,Wednesday
199,2022-12-21,2022-12-21 12:45:00,Sell,18300,CE,77.5,-10,25.05,2022-12-22 09:28:00,18294.7,2022-12-21,2022-12-21 15:15:00,Buy,18400.0,CE,19.4,10.0,8.8,2022-12-22 09:28:00,2022-12-22,1,Wednesday
200,2022-12-21,2022-12-21 14:00:00,Sell,18250,CE,73.55,-10,24.3,2022-12-22 10:15:00,18196.7,2022-12-21,2022-12-21 15:15:00,Buy,18400.0,CE,19.4,10.0,5.85,2022-12-22 10:15:00,2022-12-22,1,Wednesday
201,2022-12-21,2022-12-21 14:00:00,Sell,18200,CE,100.55,-10,32.8,2022-12-22 10:28:00,18196.7,2022-12-21,2022-12-21 15:15:00,Buy,18400.0,CE,19.4,10.0,5.2,2022-12-22 10:28:00,2022-12-22,1,Wednesday
202,2022-12-21,2022-12-21 14:45:00,Sell,18250,PE,47.9,-10,122.5,2022-12-22 15:25:00,18265.95,2022-12-21,2022-12-21 15:15:00,Buy,18050.0,PE,15.6,10.0,0.05,2022-12-22 15:25:00,2022-12-22,1,Wednesday
203,2022-12-22,2022-12-22 09:30:00,Sell,18200,CE,65.75,-10,22.55,2022-12-22 10:52:00,18199.0,,,,,,,,,,2022-12-22,0,Thursday
204,2022-12-22,2022-12-22 10:30:00,Sell,18150,CE,60.9,-10,20.7,2022-12-22 11:51:00,18148.5,,,,,,,,,,2022-12-22,0,Thursday
205,2022-12-22,2022-12-22 12:00:00,Sell,18100,CE,43.35,-10,14.9,2022-12-22 15:02:00,18090.6,,,,,,,,,,2022-12-22,0,Thursday
206,2022-12-22,2022-12-22 14:15:00,Sell,18150,PE,16.9,-10,22.8,2022-12-22 15:25:00,18169.25,2022-12-22,2022-12-22 15:15:00,Buy,18100.0,PE,0.15,10.0,0.1,2022-12-22 15:25:00,2022-12-22,0,Thursday
207,2022-12-23,2022-12-23 09:30:00,Sell,18000,CE,164.9,-10,55.35,2022-12-29 09:21:00,18000.0,2022-12-23,2022-12-23 15:15:00,Buy,18050.0,CE,50.4,10.0,30.2,2022-12-29 09:21:00,2022-12-29,4,Friday
208,2022-12-23,2022-12-23 09:30:00,Sell,18000,PE,123.6,-10,42.9,2022-12-27 09:22:00,18000.0,2022-12-23,2022-12-23 15:15:00,Buy,17600.0,PE,48.05,10.0,6.9,2022-12-27 09:22:00,2022-12-29,4,Friday
209,2022-12-23,2022-12-23 10:30:00,Sell,17950,CE,153.85,-10,241.1,2022-12-29 15:25:00,17919.9,2022-12-23,2022-12-23 15:15:00,Buy,18050.0,CE,50.4,10.0,140.85,2022-12-29 15:25:00,2022-12-29,4,Friday
210,2022-12-23,2022-12-23 11:45:00,Sell,17900,CE,155.3,-10,291.25,2022-12-29 15:25:00,17884.65,2022-12-23,2022-12-23 15:15:00,Buy,18050.0,CE,50.4,10.0,140.85,2022-12-29 15:25:00,2022-12-29,4,Friday
211,2022-12-23,2022-12-23 14:15:00,Sell,17850,CE,150.6,-10,341.2,2022-12-29 15:25:00,17836.2,2022-12-23,2022-12-23 15:15:00,Buy,18050.0,CE,50.4,10.0,140.85,2022-12-29 15:25:00,2022-12-29,4,Friday
212,2022-12-26,2022-12-26 09:30:00,Sell,17900,PE,98.25,-10,33.8,2022-12-27 09:17:00,17904.45,2022-12-26,2022-12-26 15:15:00,Buy,17700.0,PE,25.6,10.0,12.7,2022-12-27 09:17:00,2022-12-29,3,Monday
213,2022-12-26,2022-12-26 11:00:00,Sell,17950,PE,85.7,-10,29.3,2022-12-27 14:14:00,17960.5,2022-12-26,2022-12-26 15:15:00,Buy,17700.0,PE,25.6,10.0,9.5,2022-12-27 14:14:00,2022-12-29,3,Monday
214,2022-12-26,2022-12-26 11:45:00,Sell,18000,PE,95.95,-10,31.9,2022-12-27 15:04:00,18001.5,2022-12-26,2022-12-26 15:15:00,Buy,17700.0,PE,25.6,10.0,8.0,2022-12-27 15:04:00,2022-12-29,3,Monday
215,2022-12-26,2022-12-26 14:45:00,Sell,18050,PE,96.95,-10,33.5,2022-12-28 11:13:00,18062.8,2022-12-26,2022-12-26 15:15:00,Buy,17700.0,PE,25.6,10.0,4.95,2022-12-28 11:13:00,2022-12-29,3,Monday
216,2022-12-26,2022-12-26 15:15:00,Sell,18000,CE,105.2,-10,35.65,2022-12-29 10:10:00,17994.8,2022-12-26,2022-12-26 15:15:00,Buy,18200.0,CE,30.8,10.0,2.75,2022-12-29 10:10:00,2022-12-29,3,Monday
217,2022-12-27,2022-12-27 09:30:00,Sell,18050,PE,79.35,-10,25.35,2022-12-28 13:49:00,18064.0,2022-12-27,2022-12-27 15:15:00,Buy,17950.0,PE,23.65,10.0,12.85,2022-12-28 13:49:00,2022-12-29,2,Tuesday
218,2022-12-27,2022-12-27 09:45:00,Sell,18000,CE,98.45,-10,33.4,2022-12-29 10:21:00,17994.9,2022-12-27,2022-12-27 15:15:00,Buy,18250.0,CE,27.5,10.0,1.4,2022-12-29 10:21:00,2022-12-29,2,Tuesday
219,2022-12-27,2022-12-27 12:00:00,Sell,18050,PE,81.8,-10,25.35,2022-12-28 13:49:00,18054.7,2022-12-27,2022-12-27 15:15:00,Buy,17950.0,PE,23.65,10.0,12.85,2022-12-28 13:49:00,2022-12-29,2,Tuesday
220,2022-12-27,2022-12-27 14:00:00,Sell,18100,PE,75.65,-10,23.35,2022-12-29 14:06:00,18102.55,2022-12-27,2022-12-27 15:15:00,Buy,17950.0,PE,23.65,10.0,1.8,2022-12-29 14:06:00,2022-12-29,2,Tuesday
221,2022-12-28,2022-12-28 14:00:00,Sell,18150,PE,54.3,-10,16.6,2022-12-29 14:55:00,18157.3,2022-12-28,2022-12-28 15:15:00,Buy,18000.0,PE,18.5,10.0,0.6,2022-12-29 14:55:00,2022-12-29,1,Wednesday
222,2022-12-29,2022-12-29 09:30:00,Sell,18100,CE,23.6,-10,8.25,2022-12-29 10:10:00,18057.7,,,,,,,,,,2022-12-29,0,Thursday
223,2022-12-29,2022-12-29 09:45:00,Sell,18050,CE,22.25,-10,140.85,2022-12-29 15:25:00,18010.45,2022-12-29,2022-12-29 15:15:00,Buy,18200.0,CE,1.75,10.0,0.15,2022-12-29 15:25:00,2022-12-29,0,Thursday
224,2022-12-29,2022-12-29 14:45:00,Sell,18100,PE,9.5,-10,3.0,2022-12-29 14:55:00,18127.15,,,,,,,,,,2022-12-29,0,Thursday
225,2022-12-29,2022-12-29 15:15:00,Sell,18150,PE,0.35,-10,0.1,2022-12-29 15:22:00,18195.9,2022-12-29,2022-12-29 15:15:00,Buy,18150.0,PE,0.35,10.0,0.1,2022-12-29 15:22:00,2022-12-29,0,Thursday
226,2022-12-30,2022-12-30 09:30:00,Sell,18250,CE,121.85,-10,38.2,2023-01-04 09:37:00,18250.0,2022-12-30,2022-12-30 15:15:00,Buy,18350.0,CE,34.9,10.0,14.15,2023-01-04 09:37:00,2023-01-05,4,Friday
227,2022-12-30,2022-12-30 09:30:00,Sell,18250,PE,102.8,-10,258.65,2023-01-05 15:25:00,18250.0,2022-12-30,2022-12-30 15:15:00,Buy,17900.0,PE,38.0,10.0,0.05,2023-01-05 15:25:00,2023-01-05,4,Friday
228,2022-12-30,2022-12-30 12:00:00,Sell,18200,CE,115.2,-10,40.25,2023-01-04 10:46:00,18191.65,2022-12-30,2022-12-30 15:15:00,Buy,18350.0,CE,34.9,10.0,8.9,2023-01-04 10:46:00,2023-01-05,4,Friday
229,2022-12-30,2022-12-30 15:15:00,Sell,18150,CE,99.95,-10,32.5,2023-01-04 14:27:00,18098.85,2022-12-30,2022-12-30 15:15:00,Buy,18350.0,CE,34.9,10.0,4.6,2023-01-04 14:27:00,2023-01-05,4,Friday
230,2022-12-30,2022-12-30 15:15:00,Sell,18100,CE,125.3,-10,41.65,2023-01-04 14:46:00,18098.85,2022-12-30,2022-12-30 15:15:00,Buy,18350.0,CE,34.9,10.0,4.05,2023-01-04 14:46:00,2023-01-05,4,Friday
231,2023-01-02,2023-01-02 09:45:00,Sell,18150,PE,96.05,-10,32.35,2023-01-03 14:51:00,18150.2,2023-01-02,2023-01-02 15:15:00,Buy,18000.0,PE,27.0,10.0,10.9,2023-01-03 14:51:00,2023-01-05,3,Monday
232,2023-01-03,2023-01-03 10:00:00,Sell,18200,PE,77.65,-10,208.5,2023-01-05 15:25:00,18209.75,2023-01-03,2023-01-03 15:15:00,Buy,18100.0,PE,21.5,10.0,108.5,2023-01-05 15:25:00,2023-01-05,2,Tuesday
233,2023-01-04,2023-01-04 10:00:00,Sell,18150,CE,62.2,-10,21.0,2023-01-04 15:30:00,18125.75,2023-01-04,2023-01-04 15:15:00,Buy,18200.0,CE,17.0,10.0,14.0,2023-01-04 15:30:00,2023-01-05,1,Wednesday
234,2023-01-04,2023-01-04 11:15:00,Sell,18100,CE,72.8,-10,24.8,2023-01-05 09:23:00,18097.4,2023-01-04,2023-01-04 15:15:00,Buy,18200.0,CE,17.0,10.0,7.15,2023-01-05 09:23:00,2023-01-05,1,Wednesday
235,2023-01-04,2023-01-04 12:15:00,Sell,18050,CE,73.75,-10,25.7,2023-01-05 11:31:00,18040.15,2023-01-04,2023-01-04 15:15:00,Buy,18200.0,CE,17.0,10.0,3.8,2023-01-05 11:31:00,2023-01-05,1,Wednesday
236,2023-01-04,2023-01-04 14:00:00,Sell,18100,PE,52.75,-10,108.5,2023-01-05 15:25:00,18116.3,2023-01-04,2023-01-04 15:15:00,Buy,17950.0,PE,19.15,10.0,0.1,2023-01-05 15:25:00,2023-01-05,1,Wednesday
237,2023-01-05,2023-01-05 09:45:00,Sell,18050,CE,40.6,-10,14.05,2023-01-05 12:22:00,18030.7,,,,,,,,,,2023-01-05,0,Thursday
238,2023-01-05,2023-01-05 12:00:00,Sell,18000,CE,34.15,-10,9.55,2023-01-05 13:20:00,17981.95,,,,,,,,,,2023-01-05,0,Thursday
239,2023-01-05,2023-01-05 12:45:00,Sell,17950,CE,32.35,-10,41.0,2023-01-05 15:25:00,17940.4,2023-01-05,2023-01-05 15:15:00,Buy,18000.0,CE,1.6,10.0,0.1,2023-01-05 15:25:00,2023-01-05,0,Thursday
240,2023-01-06,2023-01-06 09:30:00,Sell,18000,CE,119.6,-10,40.9,2023-01-10 14:36:00,18000.0,2023-01-06,2023-01-06 15:15:00,Buy,18100.0,CE,37.15,10.0,21.55,2023-01-10 14:36:00,2023-01-12,4,Friday
241,2023-01-06,2023-01-06 09:30:00,Sell,18000,PE,109.1,-10,37.85,2023-01-09 11:33:00,18000.0,2023-01-06,2023-01-06 15:15:00,Buy,17700.0,PE,40.1,10.0,8.6,2023-01-09 11:33:00,2023-01-12,4,Friday
242,2023-01-06,2023-01-06 10:30:00,Sell,17950,CE,128.4,-10,41.75,2023-01-11 09:34:00,17946.3,2023-01-06,2023-01-06 15:15:00,Buy,18100.0,CE,37.15,10.0,14.5,2023-01-11 09:34:00,2023-01-12,4,Friday
243,2023-01-06,2023-01-06 12:30:00,Sell,17900,CE,124.65,-10,40.8,2023-01-12 09:51:00,17898.15,2023-01-06,2023-01-06 15:15:00,Buy,18100.0,CE,37.15,10.0,4.6,2023-01-12 09:51:00,2023-01-12,4,Friday
244,2023-01-06,2023-01-06 13:00:00,Sell,17850,CE,127.6,-10,42.0,2023-01-12 10:17:00,17845.9,2023-01-06,2023-01-06 15:15:00,Buy,18100.0,CE,37.15,10.0,3.6,2023-01-12 10:17:00,2023-01-12,4,Friday
245,2023-01-06,2023-01-06 13:30:00,Sell,17800,CE,138.8,-10,47.4,2023-01-12 11:11:00,17799.8,2023-01-06,2023-01-06 15:15:00,Buy,18100.0,CE,37.15,10.0,2.6,2023-01-12 11:11:00,2023-01-12,4,Friday
246,2023-01-06,2023-01-06 15:00:00,Sell,17850,PE,92.85,-10,31.35,2023-01-09 09:32:00,17865.25,2023-01-06,2023-01-06 15:15:00,Buy,17700.0,PE,40.1,10.0,12.4,2023-01-09 09:32:00,2023-01-12,4,Friday
247,2023-01-09,2023-01-09 09:30:00,Sell,17900,PE,46.7,-10,15.0,2023-01-10 09:15:00,17991.4,2023-01-09,2023-01-09 15:15:00,Buy,17900.0,PE,20.2,10.0,15.0,2023-01-10 09:15:00,2023-01-12,3,Monday
248,2023-01-09,2023-01-09 09:30:00,Sell,17950,PE,62.8,-10,90.75,2023-01-12 15:25:00,17991.4,2023-01-09,2023-01-09 15:15:00,Buy,17900.0,PE,20.2,10.0,40.7,2023-01-12 15:25:00,2023-01-12,3,Monday
249,2023-01-09,2023-01-09 09:45:00,Sell,18000,PE,72.3,-10,140.75,2023-01-12 15:25:00,18026.8,2023-01-09,2023-01-09 15:15:00,Buy,17900.0,PE,20.2,10.0,40.7,2023-01-12 15:25:00,2023-01-12,3,Monday
250,2023-01-09,2023-01-09 10:00:00,Sell,18050,PE,80.65,-10,190.55,2023-01-12 15:25:00,18051.05,2023-01-09,2023-01-09 15:15:00,Buy,17900.0,PE,20.2,10.0,40.7,2023-01-12 15:25:00,2023-01-12,3,Monday
251,2023-01-09,2023-01-09 11:15:00,Sell,18100,PE,73.25,-10,240.45,2023-01-12 15:25:00,18106.25,2023-01-09,2023-01-09 15:15:00,Buy,17900.0,PE,20.2,10.0,40.7,2023-01-12 15:25:00,2023-01-12,3,Monday
252,2023-01-09,2023-01-09 13:45:00,Sell,18050,CE,89.25,-10,30.8,2023-01-10 13:42:00,18026.35,2023-01-09,2023-01-09 15:15:00,Buy,18300.0,CE,16.95,10.0,7.0,2023-01-10 13:42:00,2023-01-12,3,Monday
253,2023-01-09,2023-01-09 15:15:00,Sell,18100,PE,73.45,-10,240.45,2023-01-12 15:25:00,18106.4,2023-01-09,2023-01-09 15:15:00,Buy,17900.0,PE,20.2,10.0,40.7,2023-01-12 15:25:00,2023-01-12,3,Monday
254,2023-01-10,2023-01-10 09:30:00,Sell,18050,CE,75.6,-10,24.25,2023-01-11 09:24:00,18029.0,2023-01-10,2023-01-10 15:15:00,Buy,18100.0,CE,26.25,10.0,16.8,2023-01-11 09:24:00,2023-01-12,2,Tuesday
255,2023-01-10,2023-01-10 10:00:00,Sell,18000,CE,81.15,-10,26.45,2023-01-11 14:06:00,17983.9,2023-01-10,2023-01-10 15:15:00,Buy,18100.0,CE,26.25,10.0,10.7,2023-01-11 14:06:00,2023-01-12,2,Tuesday
256,2023-01-10,2023-01-10 11:30:00,Sell,17950,CE,86.8,-10,28.65,2023-01-12 09:48:00,17941.85,2023-01-10,2023-01-10 15:15:00,Buy,18100.0,CE,26.25,10.0,5.35,2023-01-12 09:48:00,2023-01-12,2,Tuesday
257,2023-01-10,2023-01-10 13:00:00,Sell,17900,CE,88.2,-10,30.85,2023-01-12 10:06:00,17881.75,2023-01-10,2023-01-10 15:15:00,Buy,18100.0,CE,26.25,10.0,3.95,2023-01-12 10:06:00,2023-01-12,2,Tuesday
258,2023-01-11,2023-01-11 09:30:00,Sell,17850,CE,88.35,-10,25.9,2023-01-12 11:11:00,17844.05,2023-01-11,2023-01-11 15:15:00,Buy,18000.0,CE,24.45,10.0,4.8,2023-01-12 11:11:00,2023-01-12,1,Wednesday
259,2023-01-11,2023-01-11 10:15:00,Sell,17900,PE,47.75,-10,40.7,2023-01-12 15:25:00,17957.75,2023-01-11,2023-01-11 15:15:00,Buy,17800.0,PE,25.0,10.0,0.1,2023-01-12 15:25:00,2023-01-12,1,Wednesday
260,2023-01-11,2023-01-11 10:15:00,Sell,17950,PE,66.7,-10,90.75,2023-01-12 15:25:00,17957.75,2023-01-11,2023-01-11 15:15:00,Buy,17800.0,PE,25.0,10.0,0.1,2023-01-12 15:25:00,2023-01-12,1,Wednesday
261,2023-01-11,2023-01-11 11:45:00,Sell,17900,CE,75.45,-10,24.0,2023-01-12 10:17:00,17882.4,2023-01-11,2023-01-11 15:15:00,Buy,18000.0,CE,24.45,10.0,8.2,2023-01-12 10:17:00,2023-01-12,1,Wednesday
262,2023-01-12,2023-01-12 10:30:00,Sell,17850,CE,38.9,-10,12.65,2023-01-12 13:27:00,17829.7,,,,,,,,,,2023-01-12,0,Thursday
263,2023-01-12,2023-01-12 12:00:00,Sell,17800,CE,35.5,-10,59.15,2023-01-12 15:25:00,17787.3,2023-01-12,2023-01-12 15:15:00,Buy,17850.0,CE,9.15,10.0,9.2,2023-01-12 15:25:00,2023-01-12,0,Thursday
264,2023-01-12,2023-01-12 15:15:00,Sell,17850,PE,0.7,-10,0.15,2023-01-12 15:21:00,17858.5,2023-01-12,2023-01-12 15:15:00,Buy,17850.0,PE,0.7,10.0,0.15,2023-01-12 15:21:00,2023-01-12,0,Thursday
265,2023-01-13,2023-01-13 09:30:00,Sell,17800,CE,144.4,-10,307.65,2023-01-19 15:25:00,17800.0,2023-01-13,2023-01-13 15:15:00,Buy,18200.0,CE,26.45,10.0,0.05,2023-01-19 15:25:00,2023-01-19,4,Friday
266,2023-01-13,2023-01-13 09:30:00,Sell,17800,PE,119.15,-10,41.5,2023-01-13 13:44:00,17800.0,,,,,,,,,,2023-01-19,4,Friday
267,2023-01-13,2023-01-13 12:15:00,Sell,17850,PE,103.9,-10,36.35,2023-01-16 09:16:00,17850.5,2023-01-13,2023-01-13 15:15:00,Buy,17700.0,PE,28.3,10.0,16.1,2023-01-16 09:16:00,2023-01-19,4,Friday
268,2023-01-13,2023-01-13 13:00:00,Sell,17900,PE,84.5,-10,25.75,2023-01-17 15:01:00,17931.95,2023-01-13,2023-01-13 15:15:00,Buy,17700.0,PE,28.3,10.0,6.4,2023-01-17 15:01:00,2023-01-19,4,Friday
269,2023-01-13,2023-01-13 13:15:00,Sell,17950,PE,89.75,-10,29.65,2023-01-18 09:15:00,17965.85,2023-01-13,2023-01-13 15:15:00,Buy,17700.0,PE,28.3,10.0,6.95,2023-01-18 09:15:00,2023-01-19,4,Friday
270,2023-01-16,2023-01-16 12:45:00,Sell,17900,CE,104.45,-10,207.25,2023-01-19 15:25:00,17895.75,2023-01-16,2023-01-16 15:15:00,Buy,18100.0,CE,28.3,10.0,7.45,2023-01-19 15:25:00,2023-01-19,3,Monday
271,2023-01-17,2023-01-17 09:45:00,Sell,17950,PE,72.75,-10,25.3,2023-01-18 09:19:00,17963.4,2023-01-17,2023-01-17 15:15:00,Buy,17900.0,PE,22.5,10.0,17.55,2023-01-18 09:19:00,2023-01-19,2,Tuesday
272,2023-01-17,2023-01-17 10:00:00,Sell,18000,PE,76.2,-10,26.35,2023-01-18 10:08:00,18005.7,2023-01-17,2023-01-17 15:15:00,Buy,17900.0,PE,22.5,10.0,12.75,2023-01-18 10:08:00,2023-01-19,2,Tuesday
273,2023-01-17,2023-01-17 13:15:00,Sell,17950,CE,82.85,-10,157.4,2023-01-19 15:25:00,17948.0,2023-01-17,2023-01-17 15:15:00,Buy,18200.0,CE,19.45,10.0,0.05,2023-01-19 15:25:00,2023-01-19,2,Tuesday
274,2023-01-17,2023-01-17 15:15:00,Sell,18000,PE,46.2,-10,16.1,2023-01-18 12:09:00,18058.1,2023-01-17,2023-01-17 15:15:00,Buy,17900.0,PE,22.5,10.0,8.05,2023-01-18 12:09:00,2023-01-19,2,Tuesday
275,2023-01-17,2023-01-17 15:15:00,Sell,18050,PE,65.6,-10,22.9,2023-01-18 12:12:00,18058.1,2023-01-17,2023-01-17 15:15:00,Buy,17900.0,PE,22.5,10.0,8.05,2023-01-18 12:12:00,2023-01-19,2,Tuesday
276,2023-01-18,2023-01-18 10:00:00,Sell,18100,PE,60.15,-10,21.0,2023-01-19 11:02:00,18113.05,2023-01-18,2023-01-18 15:15:00,Buy,18050.0,PE,17.8,10.0,10.4,2023-01-19 11:02:00,2023-01-19,1,Wednesday
277,2023-01-18,2023-01-18 11:30:00,Sell,18150,PE,60.65,-10,42.6,2023-01-19 15:25:00,18150.5,2023-01-18,2023-01-18 15:15:00,Buy,18050.0,PE,17.8,10.0,0.1,2023-01-19 15:25:00,2023-01-19,1,Wednesday
278,2023-01-19,2023-01-19 09:30:00,Sell,18100,CE,34.4,-10,11.75,2023-01-19 14:59:00,18083.1,,,,,,,,,,2023-01-19,0,Thursday
0,2022-05-27,2022-05-27 09:30:00,Sell,16300,CE,187.55,-10,329.6,2022-06-02 15:25:00,16300.0,2022-05-27,2022-05-27 15:15:00,Buy,16600.0,CE,54.85,10.0,94.3,2022-06-02 15:25:00,2022-06-02,4,Friday
1,2022-05-27,2022-05-27 09:30:00,Sell,16300,PE,174.0,-10,58.0,2022-05-30 09:17:00,16300.0,2022-05-27,2022-05-27 15:15:00,Buy,15950.0,PE,52.45,10.0,13.9,2022-05-30 09:17:00,2022-06-02,4,Friday
2,2022-05-27,2022-05-27 11:00:00,Sell,16250,CE,179.0,-10,379.8,2022-06-02 15:25:00,16245.35,2022-05-27,2022-05-27 15:15:00,Buy,16600.0,CE,54.85,10.0,94.3,2022-06-02 15:25:00,2022-06-02,4,Friday
3,2022-05-27,2022-05-27 13:15:00,Sell,16300,PE,171.55,-10,58.0,2022-05-30 09:17:00,16317.05,2022-05-27,2022-05-27 15:15:00,Buy,15950.0,PE,52.45,10.0,13.9,2022-05-30 09:17:00,2022-06-02,4,Friday
4,2022-05-27,2022-05-27 14:00:00,Sell,16350,PE,170.85,-10,53.7,2022-05-30 09:48:00,16358.7,2022-05-27,2022-05-27 15:15:00,Buy,15950.0,PE,52.45,10.0,13.55,2022-05-30 09:48:00,2022-06-02,4,Friday
5,2022-05-30,2022-05-30 09:30:00,Sell,16400,PE,75.75,-10,26.2,2022-06-01 10:41:00,16592.65,2022-05-30,2022-05-30 15:15:00,Buy,16300.0,PE,34.4,10.0,32.5,2022-06-01 10:41:00,2022-06-02,3,Monday
6,2022-05-30,2022-05-30 09:30:00,Sell,16450,PE,90.65,-10,29.7,2022-06-02 09:56:00,16592.65,2022-05-30,2022-05-30 15:15:00,Buy,16300.0,PE,34.4,10.0,32.5,2022-06-02 09:56:00,2022-06-02,3,Monday
7,2022-05-30,2022-05-30 09:30:00,Sell,16500,PE,108.8,-10,37.55,2022-06-02 10:28:00,16592.65,2022-05-30,2022-05-30 15:15:00,Buy,16300.0,PE,34.4,10.0,32.5,2022-06-02 10:28:00,2022-06-02,3,Monday
8,2022-05-30,2022-05-30 09:30:00,Sell,16550,PE,128.75,-10,44.15,2022-06-02 10:34:00,16592.65,2022-05-30,2022-05-30 15:15:00,Buy,16300.0,PE,34.4,10.0,32.5,2022-06-02 10:34:00,2022-06-02,3,Monday
9,2022-05-30,2022-05-30 10:00:00,Sell,16600,PE,141.9,-10,42.3,2022-06-02 13:35:00,16608.95,2022-05-30,2022-05-30 15:15:00,Buy,16300.0,PE,34.4,10.0,32.5,2022-06-02 13:35:00,2022-06-02,3,Monday
10,2022-05-30,2022-05-30 11:00:00,Sell,16650,PE,146.0,-10,50.4,2022-06-02 13:50:00,16653.15,2022-05-30,2022-05-30 15:15:00,Buy,16300.0,PE,34.4,10.0,32.5,2022-06-02 13:50:00,2022-06-02,3,Monday
11,2022-05-31,2022-05-31 09:30:00,Sell,16600,CE,93.6,-10,32.65,2022-06-01 14:15:00,16543.85,2022-05-31,2022-05-31 15:15:00,Buy,16750.0,CE,34.05,10.0,37.7,2022-06-01 14:15:00,2022-06-02,2,Tuesday
12,2022-05-31,2022-05-31 09:30:00,Sell,16550,CE,117.3,-10,40.9,2022-06-01 14:46:00,16543.85,2022-05-31,2022-05-31 15:15:00,Buy,16750.0,CE,34.05,10.0,37.7,2022-06-01 14:46:00,2022-06-02,2,Tuesday
13,2022-05-31,2022-05-31 10:30:00,Sell,16600,PE,116.4,-10,38.35,2022-06-02 13:44:00,16605.2,2022-05-31,2022-05-31 15:15:00,Buy,16250.0,PE,34.6,10.0,27.5,2022-06-02 13:44:00,2022-06-02,2,Tuesday
14,2022-05-31,2022-05-31 11:00:00,Sell,16650,PE,116.75,-10,40.25,2022-06-02 14:05:00,16654.85,2022-05-31,2022-05-31 15:15:00,Buy,16250.0,PE,34.6,10.0,27.5,2022-06-02 14:05:00,2022-06-02,2,Tuesday
15,2022-05-31,2022-05-31 15:15:00,Sell,16600,CE,87.75,-10,28.5,2022-06-01 14:45:00,16556.8,2022-05-31,2022-05-31 15:15:00,Buy,16750.0,CE,34.05,10.0,37.7,2022-06-01 14:45:00,2022-06-02,2,Tuesday
16,2022-06-01,2022-06-01 13:15:00,Sell,16550,CE,84.65,-10,19.75,2022-06-02 09:16:00,16542.15,2022-06-01,2022-06-01 15:15:00,Buy,16700.0,CE,18.85,10.0,3.5,2022-06-02 09:16:00,2022-06-02,1,Wednesday
17,2022-06-01,2022-06-01 13:45:00,Sell,16500,CE,76.7,-10,129.0,2022-06-02 15:25:00,16481.75,2022-06-01,2022-06-01 15:15:00,Buy,16700.0,CE,18.85,10.0,0.05,2022-06-02 15:25:00,2022-06-02,1,Wednesday
18,2022-06-01,2022-06-01 14:45:00,Sell,16450,CE,82.55,-10,178.75,2022-06-02 15:25:00,16446.6,2022-06-01,2022-06-01 15:15:00,Buy,16700.0,CE,18.85,10.0,0.05,2022-06-02 15:25:00,2022-06-02,1,Wednesday
19,2022-06-01,2022-06-01 15:15:00,Sell,16500,PE,71.0,-10,24.1,2022-06-02 12:29:00,16529.55,2022-06-01,2022-06-01 15:15:00,Buy,16350.0,PE,25.4,10.0,5.2,2022-06-02 12:29:00,2022-06-02,1,Wednesday
20,2022-06-02,2022-06-02 10:45:00,Sell,16550,PE,55.9,-10,19.4,2022-06-02 13:44:00,16551.6,,,,,,,,,,2022-06-02,0,Thursday
21,2022-06-02,2022-06-02 13:45:00,Sell,16600,PE,33.95,-10,11.55,2022-06-02 14:38:00,16604.85,,,,,,,,,,2022-06-02,0,Thursday
22,2022-06-03,2022-06-03 09:30:00,Sell,16800,CE,148.55,-10,48.95,2022-06-06 09:15:00,16800.0,2022-06-03,2022-06-03 15:15:00,Buy,16900.0,CE,46.3,10.0,25.0,2022-06-06 09:15:00,2022-06-09,4,Friday
23,2022-06-03,2022-06-03 09:30:00,Sell,16800,PE,174.55,-10,321.2,2022-06-09 15:25:00,16800.0,2022-06-03,2022-06-03 15:15:00,Buy,16250.0,PE,45.05,10.0,0.05,2022-06-09 15:25:00,2022-06-09,4,Friday
24,2022-06-03,2022-06-03 10:30:00,Sell,16750,CE,150.05,-10,51.65,2022-06-06 09:24:00,16734.1,2022-06-03,2022-06-03 15:15:00,Buy,16900.0,CE,46.3,10.0,22.5,2022-06-06 09:24:00,2022-06-09,4,Friday
25,2022-06-03,2022-06-03 13:30:00,Sell,16700,CE,153.0,-10,52.25,2022-06-06 09:32:00,16692.6,2022-06-03,2022-06-03 15:15:00,Buy,16900.0,CE,46.3,10.0,17.85,2022-06-06 09:32:00,2022-06-09,4,Friday
26,2022-06-03,2022-06-03 14:30:00,Sell,16650,CE,159.55,-10,41.75,2022-06-07 09:16:00,16644.5,2022-06-03,2022-06-03 15:15:00,Buy,16900.0,CE,46.3,10.0,8.5,2022-06-07 09:16:00,2022-06-09,4,Friday
27,2022-06-03,2022-06-03 15:00:00,Sell,16600,CE,158.05,-10,55.3,2022-06-07 09:16:00,16587.0,2022-06-03,2022-06-03 15:15:00,Buy,16900.0,CE,46.3,10.0,8.5,2022-06-07 09:16:00,2022-06-09,4,Friday
28,2022-06-06,2022-06-06 09:30:00,Sell,16550,CE,108.75,-10,37.95,2022-06-08 09:56:00,16469.9,2022-06-06,2022-06-06 15:15:00,Buy,16800.0,CE,42.95,10.0,6.35,2022-06-08 09:56:00,2022-06-09,3,Monday
29,2022-06-06,2022-06-06 09:30:00,Sell,16500,CE,131.8,-10,42.9,2022-06-08 10:00:00,16469.9,2022-06-06,2022-06-06 15:15:00,Buy,16800.0,CE,42.95,10.0,5.7,2022-06-08 10:00:00,2022-06-09,3,Monday
30,2022-06-06,2022-06-06 12:15:00,Sell,16550,PE,130.05,-10,71.75,2022-06-09 15:25:00,16559.1,2022-06-06,2022-06-06 15:15:00,Buy,16300.0,PE,41.3,10.0,0.1,2022-06-09 15:25:00,2022-06-09,3,Monday
31,2022-06-06,2022-06-06 14:00:00,Sell,16600,PE,130.25,-10,121.3,2022-06-09 15:25:00,16605.0,2022-06-06,2022-06-06 15:15:00,Buy,16300.0,PE,41.3,10.0,0.1,2022-06-09 15:25:00,2022-06-09,3,Monday
32,2022-06-07,2022-06-07 09:30:00,Sell,16550,CE,69.0,-10,19.75,2022-06-08 10:07:00,16434.75,2022-06-07,2022-06-07 15:15:00,Buy,16650.0,CE,28.1,10.0,9.4,2022-06-08 10:07:00,2022-06-09,2,Tuesday
33,2022-06-07,2022-06-07 09:30:00,Sell,16500,CE,88.55,-10,29.0,2022-06-08 10:07:00,16434.75,2022-06-07,2022-06-07 15:15:00,Buy,16650.0,CE,28.1,10.0,9.4,2022-06-08 10:07:00,2022-06-09,2,Tuesday
34,2022-06-07,2022-06-07 09:30:00,Sell,16450,CE,111.7,-10,36.05,2022-06-08 13:35:00,16434.75,2022-06-07,2022-06-07 15:15:00,Buy,16650.0,CE,28.1,10.0,6.65,2022-06-08 13:35:00,2022-06-09,2,Tuesday
35,2022-06-07,2022-06-07 11:00:00,Sell,16400,CE,115.5,-10,40.05,2022-06-08 14:36:00,16391.35,2022-06-07,2022-06-07 15:15:00,Buy,16650.0,CE,28.1,10.0,4.85,2022-06-08 14:36:00,2022-06-09,2,Tuesday
36,2022-06-08,2022-06-08 10:00:00,Sell,16350,CE,100.85,-10,19.9,2022-06-09 09:16:00,16339.25,2022-06-08,2022-06-08 15:15:00,Buy,16450.0,CE,25.15,10.0,4.75,2022-06-09 09:16:00,2022-06-09,1,Wednesday
37,2022-06-08,2022-06-08 10:45:00,Sell,16400,PE,45.45,-10,15.55,2022-06-09 14:27:00,16492.7,2022-06-08,2022-06-08 15:15:00,Buy,16200.0,PE,19.95,10.0,0.5,2022-06-09 14:27:00,2022-06-09,1,Wednesday
38,2022-06-08,2022-06-08 10:45:00,Sell,16450,PE,61.5,-10,18.7,2022-06-09 14:44:00,16492.7,2022-06-08,2022-06-08 15:15:00,Buy,16200.0,PE,19.95,10.0,0.45,2022-06-09 14:44:00,2022-06-09,1,Wednesday
39,2022-06-08,2022-06-08 13:30:00,Sell,16400,CE,68.25,-10,14.65,2022-06-09 09:15:00,16379.7,2022-06-08,2022-06-08 15:15:00,Buy,16450.0,CE,25.15,10.0,4.85,2022-06-09 09:15:00,2022-06-09,1,Wednesday
40,2022-06-08,2022-06-08 14:15:00,Sell,16350,CE,73.8,-10,19.9,2022-06-09 09:16:00,16345.45,2022-06-08,2022-06-08 15:15:00,Buy,16450.0,CE,25.15,10.0,4.75,2022-06-09 09:16:00,2022-06-09,1,Wednesday
41,2022-06-09,2022-06-09 14:30:00,Sell,16400,PE,12.45,-10,3.45,2022-06-09 14:44:00,16414.25,,,,,,,,,,2022-06-09,0,Thursday
42,2022-06-09,2022-06-09 14:45:00,Sell,16450,PE,15.0,-10,4.75,2022-06-09 15:01:00,16450.5,,,,,,,,,,2022-06-09,0,Thursday
43,2022-06-10,2022-06-10 09:30:00,Sell,16250,CE,163.4,-10,27.75,2022-06-13 09:16:00,16250.0,2022-06-10,2022-06-10 15:15:00,Buy,16500.0,CE,50.85,10.0,8.45,2022-06-13 09:16:00,2022-06-16,4,Friday
44,2022-06-10,2022-06-10 09:30:00,Sell,16250,PE,148.4,-10,888.7,2022-06-16 15:25:00,16250.0,2022-06-10,2022-06-10 15:15:00,Buy,15900.0,PE,45.1,10.0,540.0,2022-06-16 15:25:00,2022-06-16,4,Friday
45,2022-06-10,2022-06-10 14:15:00,Sell,16200,CE,159.9,-10,35.7,2022-06-13 09:16:00,16191.05,2022-06-10,2022-06-10 15:15:00,Buy,16500.0,CE,50.85,10.0,8.45,2022-06-13 09:16:00,2022-06-16,4,Friday
46,2022-06-13,2022-06-13 09:30:00,Sell,16150,CE,35.95,-10,12.05,2022-06-14 14:16:00,15792.2,2022-06-13,2022-06-13 15:15:00,Buy,16100.0,CE,33.2,10.0,15.6,2022-06-14 14:16:00,2022-06-16,3,Monday
47,2022-06-13,2022-06-13 09:30:00,Sell,16100,CE,45.05,-10,15.6,2022-06-14 14:16:00,15792.2,2022-06-13,2022-06-13 15:15:00,Buy,16100.0,CE,33.2,10.0,15.6,2022-06-14 14:16:00,2022-06-16,3,Monday
48,2022-06-13,2022-06-13 09:30:00,Sell,16050,CE,56.35,-10,19.7,2022-06-14 14:22:00,15792.2,2022-06-13,2022-06-13 15:15:00,Buy,16100.0,CE,33.2,10.0,14.8,2022-06-14 14:22:00,2022-06-16,3,Monday
49,2022-06-13,2022-06-13 09:30:00,Sell,16000,CE,70.2,-10,24.35,2022-06-15 09:24:00,15792.2,2022-06-13,2022-06-13 15:15:00,Buy,16100.0,CE,33.2,10.0,12.9,2022-06-15 09:24:00,2022-06-16,3,Monday
50,2022-06-13,2022-06-13 09:30:00,Sell,15950,CE,86.65,-10,30.25,2022-06-15 09:26:00,15792.2,2022-06-13,2022-06-13 15:15:00,Buy,16100.0,CE,33.2,10.0,11.7,2022-06-15 09:26:00,2022-06-16,3,Monday
51,2022-06-13,2022-06-13 09:30:00,Sell,15900,CE,105.9,-10,35.55,2022-06-15 11:02:00,15792.2,2022-06-13,2022-06-13 15:15:00,Buy,16100.0,CE,33.2,10.0,9.1,2022-06-15 11:02:00,2022-06-16,3,Monday
52,2022-06-13,2022-06-13 09:30:00,Sell,15850,CE,127.4,-10,44.2,2022-06-16 09:24:00,15792.2,2022-06-13,2022-06-13 15:15:00,Buy,16100.0,CE,33.2,10.0,1.45,2022-06-16 09:24:00,2022-06-16,3,Monday
53,2022-06-13,2022-06-13 09:30:00,Sell,15800,CE,152.1,-10,52.25,2022-06-16 09:44:00,15792.2,2022-06-13,2022-06-13 15:15:00,Buy,16100.0,CE,33.2,10.0,1.3,2022-06-16 09:44:00,2022-06-16,3,Monday
54,2022-06-13,2022-06-13 13:45:00,Sell,15750,CE,136.85,-10,45.25,2022-06-16 10:24:00,15737.2,2022-06-13,2022-06-13 15:15:00,Buy,16100.0,CE,33.2,10.0,1.4,2022-06-16 10:24:00,2022-06-16,3,Monday
55,2022-06-13,2022-06-13 14:00:00,Sell,15700,CE,148.2,-10,51.75,2022-06-16 11:09:00,15699.3,2022-06-13,2022-06-13 15:15:00,Buy,16100.0,CE,33.2,10.0,1.55,2022-06-16 11:09:00,2022-06-16,3,Monday
56,2022-06-13,2022-06-13 14:45:00,Sell,15750,PE,151.1,-10,30.7,2022-06-16 09:16:00,15752.8,2022-06-13,2022-06-13 15:15:00,Buy,15300.0,PE,28.1,10.0,1.05,2022-06-16 09:16:00,2022-06-16,3,Monday
57,2022-06-14,2022-06-14 09:30:00,Sell,15700,CE,123.75,-10,42.95,2022-06-16 11:18:00,15665.6,2022-06-14,2022-06-14 15:15:00,Buy,15950.0,CE,41.2,10.0,3.25,2022-06-16 11:18:00,2022-06-16,2,Tuesday
58,2022-06-14,2022-06-14 10:00:00,Sell,15750,PE,130.2,-10,30.7,2022-06-16 09:16:00,15759.6,2022-06-14,2022-06-14 15:15:00,Buy,15450.0,PE,35.8,10.0,1.45,2022-06-16 09:16:00,2022-06-16,2,Tuesday
59,2022-06-14,2022-06-14 10:45:00,Sell,15800,PE,130.45,-10,35.85,2022-06-16 09:17:00,15811.0,2022-06-14,2022-06-14 15:15:00,Buy,15450.0,PE,35.8,10.0,1.6,2022-06-16 09:17:00,2022-06-16,2,Tuesday
60,2022-06-14,2022-06-14 13:00:00,Sell,15750,CE,119.95,-10,41.35,2022-06-16 10:31:00,15733.6,2022-06-14,2022-06-14 15:15:00,Buy,15950.0,CE,41.2,10.0,3.7,2022-06-16 10:31:00,2022-06-16,2,Tuesday
61,2022-06-14,2022-06-14 15:00:00,Sell,15700,CE,124.0,-10,42.95,2022-06-16 11:18:00,15698.35,2022-06-14,2022-06-14 15:15:00,Buy,15950.0,CE,41.2,10.0,3.25,2022-06-16 11:18:00,2022-06-16,2,Tuesday
62,2022-06-15,2022-06-15 12:45:00,Sell,15750,PE,93.55,-10,30.7,2022-06-16 09:16:00,15770.55,2022-06-15,2022-06-15 15:15:00,Buy,15450.0,PE,31.4,10.0,1.45,2022-06-16 09:16:00,2022-06-16,1,Wednesday
63,2022-06-15,2022-06-15 15:15:00,Sell,15700,CE,114.25,-10,39.7,2022-06-16 11:19:00,15693.2,2022-06-15,2022-06-15 15:15:00,Buy,15950.0,CE,26.8,10.0,3.3,2022-06-16 11:19:00,2022-06-16,1,Wednesday
64,2022-06-16,2022-06-16 09:30:00,Sell,15750,PE,24.95,-10,390.85,2022-06-16 15:25:00,15830.85,2022-06-16,2022-06-16 15:15:00,Buy,15350.0,PE,1.2,10.0,0.05,2022-06-16 15:25:00,2022-06-16,0,Thursday
65,2022-06-16,2022-06-16 09:30:00,Sell,15800,PE,41.95,-10,440.0,2022-06-16 15:25:00,15830.85,2022-06-16,2022-06-16 15:15:00,Buy,15350.0,PE,1.2,10.0,0.05,2022-06-16 15:25:00,2022-06-16,0,Thursday
66,2022-06-16,2022-06-16 10:30:00,Sell,15750,CE,45.05,-10,14.45,2022-06-16 11:29:00,15732.35,,,,,,,,,,2022-06-16,0,Thursday
67,2022-06-16,2022-06-16 11:15:00,Sell,15700,CE,50.9,-10,16.7,2022-06-16 11:43:00,15696.5,,,,,,,,,,2022-06-16,0,Thursday
68,2022-06-16,2022-06-16 11:30:00,Sell,15650,CE,41.85,-10,13.35,2022-06-16 12:42:00,15628.65,,,,,,,,,,2022-06-16,0,Thursday
69,2022-06-16,2022-06-16 12:00:00,Sell,15600,CE,49.5,-10,17.25,2022-06-16 12:49:00,15599.2,,,,,,,,,,2022-06-16,0,Thursday
70,2022-06-16,2022-06-16 12:45:00,Sell,15550,CE,40.05,-10,13.7,2022-06-16 13:08:00,15549.45,,,,,,,,,,2022-06-16,0,Thursday
71,2022-06-16,2022-06-16 13:15:00,Sell,15500,CE,31.8,-10,10.6,2022-06-16 13:32:00,15468.25,,,,,,,,,,2022-06-16,0,Thursday
72,2022-06-16,2022-06-16 13:30:00,Sell,15450,CE,26.6,-10,6.75,2022-06-16 14:16:00,15405.3,,,,,,,,,,2022-06-16,0,Thursday
73,2022-06-16,2022-06-16 14:45:00,Sell,15400,CE,7.15,-10,2.1,2022-06-16 15:05:00,15359.95,,,,,,,,,,2022-06-16,0,Thursday
74,2022-06-17,2022-06-17 09:30:00,Sell,15200,CE,219.15,-10,356.45,2022-06-23 15:25:00,15200.0,2022-06-17,2022-06-17 15:15:00,Buy,15600.0,CE,60.15,10.0,0.05,2022-06-23 15:25:00,2022-06-23,4,Friday
75,2022-06-17,2022-06-17 09:30:00,Sell,15200,PE,194.15,-10,42.9,2022-06-21 09:16:00,15200.0,2022-06-17,2022-06-17 15:15:00,Buy,14800.0,PE,59.5,10.0,9.6,2022-06-21 09:16:00,2022-06-23,4,Friday
76,2022-06-17,2022-06-17 09:45:00,Sell,15250,PE,153.4,-10,52.2,2022-06-21 09:16:00,15352.35,2022-06-17,2022-06-17 15:15:00,Buy,14800.0,PE,59.5,10.0,9.6,2022-06-21 09:16:00,2022-06-23,4,Friday
77,2022-06-17,2022-06-17 09:45:00,Sell,15300,PE,171.55,-10,56.05,2022-06-21 09:46:00,15352.35,2022-06-17,2022-06-17 15:15:00,Buy,14800.0,PE,59.5,10.0,7.6,2022-06-21 09:46:00,2022-06-23,4,Friday
78,2022-06-17,2022-06-17 09:45:00,Sell,15350,PE,192.85,-10,65.1,2022-06-21 09:47:00,15352.35,2022-06-17,2022-06-17 15:15:00,Buy,14800.0,PE,59.5,10.0,7.35,2022-06-21 09:47:00,2022-06-23,4,Friday
79,2022-06-17,2022-06-17 10:15:00,Sell,15300,CE,208.55,-10,257.3,2022-06-23 15:25:00,15291.8,2022-06-17,2022-06-17 15:15:00,Buy,15600.0,CE,60.15,10.0,0.05,2022-06-23 15:25:00,2022-06-23,4,Friday
80,2022-06-17,2022-06-17 11:30:00,Sell,15250,CE,203.5,-10,308.0,2022-06-23 15:25:00,15243.1,2022-06-17,2022-06-17 15:15:00,Buy,15600.0,CE,60.15,10.0,0.05,2022-06-23 15:25:00,2022-06-23,4,Friday
81,2022-06-17,2022-06-17 13:30:00,Sell,15300,PE,194.15,-10,62.55,2022-06-21 09:16:00,15313.3,2022-06-17,2022-06-17 15:15:00,Buy,14800.0,PE,59.5,10.0,9.6,2022-06-21 09:16:00,2022-06-23,4,Friday
82,2022-06-17,2022-06-17 15:00:00,Sell,15350,PE,170.7,-10,57.35,2022-06-21 09:52:00,15379.75,2022-06-17,2022-06-17 15:15:00,Buy,14800.0,PE,59.5,10.0,6.35,2022-06-21 09:52:00,2022-06-23,4,Friday
83,2022-06-17,2022-06-17 15:15:00,Sell,15300,CE,182.6,-10,257.3,2022-06-23 15:25:00,15263.95,2022-06-17,2022-06-17 15:15:00,Buy,15600.0,CE,60.15,10.0,0.05,2022-06-23 15:25:00,2022-06-23,4,Friday
84,2022-06-20,2022-06-20 09:45:00,Sell,15250,CE,149.6,-10,308.0,2022-06-23 15:25:00,15202.15,2022-06-20,2022-06-20 15:15:00,Buy,15550.0,CE,51.65,10.0,7.3,2022-06-23 15:25:00,2022-06-23,3,Monday
85,2022-06-20,2022-06-20 10:45:00,Sell,15300,PE,156.95,-10,53.45,2022-06-21 09:47:00,15306.15,2022-06-20,2022-06-20 15:15:00,Buy,15000.0,PE,48.3,10.0,16.0,2022-06-21 09:47:00,2022-06-23,3,Monday
86,2022-06-20,2022-06-20 12:30:00,Sell,15350,PE,149.6,-10,51.35,2022-06-21 10:03:00,15365.25,2022-06-20,2022-06-20 15:15:00,Buy,15000.0,PE,48.3,10.0,12.85,2022-06-21 10:03:00,2022-06-23,3,Monday
87,2022-06-20,2022-06-20 13:30:00,Sell,15300,CE,154.7,-10,257.3,2022-06-23 15:25:00,15298.95,2022-06-20,2022-06-20 15:15:00,Buy,15550.0,CE,51.65,10.0,7.3,2022-06-23 15:25:00,2022-06-23,3,Monday
88,2022-06-20,2022-06-20 15:15:00,Sell,15350,PE,145.9,-10,50.8,2022-06-21 10:09:00,15352.85,2022-06-20,2022-06-20 15:15:00,Buy,15000.0,PE,48.3,10.0,12.85,2022-06-21 10:09:00,2022-06-23,3,Monday
89,2022-06-21,2022-06-21 09:30:00,Sell,15400,PE,105.0,-10,36.5,2022-06-21 13:14:00,15439.1,,,,,,,,,,2022-06-23,2,Tuesday
90,2022-06-21,2022-06-21 09:45:00,Sell,15450,PE,107.15,-10,37.45,2022-06-21 14:34:00,15472.6,,,,,,,,,,2022-06-23,2,Tuesday
91,2022-06-21,2022-06-21 10:00:00,Sell,15500,PE,98.8,-10,32.85,2022-06-23 09:46:00,15542.75,2022-06-21,2022-06-21 15:15:00,Buy,15350.0,PE,31.7,10.0,9.05,2022-06-23 09:46:00,2022-06-23,2,Tuesday
92,2022-06-21,2022-06-21 10:15:00,Sell,15550,PE,110.25,-10,33.75,2022-06-23 10:14:00,15556.3,2022-06-21,2022-06-21 15:15:00,Buy,15350.0,PE,31.7,10.0,6.45,2022-06-23 10:14:00,2022-06-23,2,Tuesday
93,2022-06-21,2022-06-21 11:45:00,Sell,15600,PE,111.45,-10,38.75,2022-06-23 11:01:00,15603.4,2022-06-21,2022-06-21 15:15:00,Buy,15350.0,PE,31.7,10.0,5.15,2022-06-23 11:01:00,2022-06-23,2,Tuesday
94,2022-06-21,2022-06-21 13:15:00,Sell,15650,PE,101.85,-10,92.75,2022-06-23 15:25:00,15677.0,2022-06-21,2022-06-21 15:15:00,Buy,15350.0,PE,31.7,10.0,0.05,2022-06-23 15:25:00,2022-06-23,2,Tuesday
95,2022-06-21,2022-06-21 14:00:00,Sell,15700,PE,111.85,-10,142.55,2022-06-23 15:25:00,15700.35,2022-06-21,2022-06-21 15:15:00,Buy,15350.0,PE,31.7,10.0,0.05,2022-06-23 15:25:00,2022-06-23,2,Tuesday
96,2022-06-21,2022-06-21 14:45:00,Sell,15650,CE,108.45,-10,37.75,2022-06-22 09:16:00,15645.9,2022-06-21,2022-06-21 15:15:00,Buy,15800.0,CE,33.1,10.0,10.25,2022-06-22 09:16:00,2022-06-23,2,Tuesday
97,2022-06-22,2022-06-22 09:30:00,Sell,15600,CE,36.55,-10,12.4,2022-06-22 13:34:00,15483.0,,,,,,,,,,2022-06-23,1,Wednesday
98,2022-06-22,2022-06-22 09:30:00,Sell,15550,CE,54.3,-10,18.85,2022-06-22 13:34:00,15483.0,,,,,,,,,,2022-06-23,1,Wednesday
99,2022-06-22,2022-06-22 09:30:00,Sell,15500,CE,77.55,-10,24.5,2022-06-23 09:15:00,15483.0,2022-06-22,2022-06-22 15:15:00,Buy,15550.0,CE,20.65,10.0,20.25,2022-06-23 09:15:00,2022-06-23,1,Wednesday
100,2022-06-22,2022-06-22 10:15:00,Sell,15450,CE,80.05,-10,26.2,2022-06-23 12:49:00,15445.0,2022-06-22,2022-06-22 15:15:00,Buy,15550.0,CE,20.65,10.0,4.9,2022-06-23 12:49:00,2022-06-23,1,Wednesday
101,2022-06-22,2022-06-22 11:00:00,Sell,15500,PE,79.9,-10,27.25,2022-06-23 09:49:00,15519.9,2022-06-22,2022-06-22 15:15:00,Buy,15200.0,PE,20.35,10.0,3.45,2022-06-23 09:49:00,2022-06-23,1,Wednesday
102,2022-06-22,2022-06-22 12:45:00,Sell,15450,CE,64.9,-10,19.6,2022-06-23 12:55:00,15438.9,2022-06-22,2022-06-22 15:15:00,Buy,15550.0,CE,20.65,10.0,3.75,2022-06-23 12:55:00,2022-06-23,1,Wednesday
103,2022-06-22,2022-06-22 13:30:00,Sell,15400,CE,68.0,-10,23.35,2022-06-23 13:10:00,15395.6,2022-06-22,2022-06-22 15:15:00,Buy,15550.0,CE,20.65,10.0,2.6,2022-06-23 13:10:00,2022-06-23,1,Wednesday
104,2022-06-23,2022-06-23 09:30:00,Sell,15450,PE,42.0,-10,13.3,2022-06-23 10:14:00,15500.15,,,,,,,,,,2022-06-23,0,Thursday
105,2022-06-23,2022-06-23 09:30:00,Sell,15500,PE,61.85,-10,20.85,2022-06-23 10:14:00,15500.15,,,,,,,,,,2022-06-23,0,Thursday
106,2022-06-23,2022-06-23 10:00:00,Sell,15550,PE,47.55,-10,15.8,2022-06-23 14:42:00,15562.05,,,,,,,,,,2022-06-23,0,Thursday
107,2022-06-23,2022-06-23 11:00:00,Sell,15600,PE,40.95,-10,42.75,2022-06-23 15:25:00,15607.35,2022-06-23,2022-06-23 15:15:00,Buy,15550.0,PE,1.0,10.0,0.05,2022-06-23 15:25:00,2022-06-23,0,Thursday
108,2022-06-23,2022-06-23 12:00:00,Sell,15550,CE,28.3,-10,9.75,2022-06-23 12:30:00,15522.0,,,,,,,,,,2022-06-23,0,Thursday
109,2022-06-23,2022-06-23 12:30:00,Sell,15500,CE,22.3,-10,7.75,2022-06-23 12:56:00,15460.05,,,,,,,,,,2022-06-23,0,Thursday
110,2022-06-23,2022-06-23 13:00:00,Sell,15450,CE,22.85,-10,107.25,2022-06-23 15:25:00,15424.4,2022-06-23,2022-06-23 15:15:00,Buy,15550.0,CE,10.35,10.0,7.3,2022-06-23 15:25:00,2022-06-23,0,Thursday
111,2022-06-23,2022-06-23 13:15:00,Sell,15400,CE,25.9,-10,157.4,2022-06-23 15:25:00,15386.3,2022-06-23,2022-06-23 15:15:00,Buy,15550.0,CE,10.35,10.0,7.3,2022-06-23 15:25:00,2022-06-23,0,Thursday
112,2022-06-23,2022-06-23 13:45:00,Sell,15450,PE,9.0,-10,2.75,2022-06-23 14:38:00,15544.95,,,,,,,,,,2022-06-23,0,Thursday
113,2022-06-23,2022-06-23 13:45:00,Sell,15500,PE,20.05,-10,5.95,2022-06-23 14:39:00,15544.95,,,,,,,,,,2022-06-23,0,Thursday
114,2022-06-23,2022-06-23 14:00:00,Sell,15550,PE,27.15,-10,8.55,2022-06-23 14:45:00,15571.3,,,,,,,,,,2022-06-23,0,Thursday
115,2022-06-23,2022-06-23 14:15:00,Sell,15500,CE,28.2,-10,57.0,2022-06-23 15:25:00,15499.15,2022-06-23,2022-06-23 15:15:00,Buy,15550.0,CE,10.35,10.0,7.3,2022-06-23 15:25:00,2022-06-23,0,Thursday
116,2022-06-23,2022-06-23 14:45:00,Sell,15550,PE,8.55,-10,1.55,2022-06-23 15:13:00,15585.35,,,,,,,,,,2022-06-23,0,Thursday
117,2022-06-24,2022-06-24 09:30:00,Sell,15700,CE,171.5,-10,79.65,2022-06-30 15:25:00,15700.0,2022-06-24,2022-06-24 15:15:00,Buy,16000.0,CE,44.0,10.0,0.05,2022-06-30 15:25:00,2022-06-30,4,Friday
118,2022-06-24,2022-06-24 09:30:00,Sell,15700,PE,169.65,-10,59.35,2022-06-27 13:07:00,15700.0,2022-06-24,2022-06-24 15:15:00,Buy,15350.0,PE,46.35,10.0,14.25,2022-06-27 13:07:00,2022-06-30,4,Friday
119,2022-06-24,2022-06-24 12:00:00,Sell,15650,CE,152.8,-10,129.85,2022-06-30 15:25:00,15627.75,2022-06-24,2022-06-24 15:15:00,Buy,16000.0,CE,44.0,10.0,0.05,2022-06-30 15:25:00,2022-06-30,4,Friday
120,2022-06-24,2022-06-24 14:15:00,Sell,15700,PE,155.7,-10,52.6,2022-06-28 15:01:00,15706.35,2022-06-24,2022-06-24 15:15:00,Buy,15350.0,PE,46.35,10.0,8.1,2022-06-28 15:01:00,2022-06-30,4,Friday
121,2022-06-27,2022-06-27 09:30:00,Sell,15750,PE,77.3,-10,27.0,2022-06-30 09:41:00,15902.6,2022-06-27,2022-06-27 15:15:00,Buy,15550.0,PE,36.3,10.0,4.8,2022-06-30 09:41:00,2022-06-30,3,Monday
122,2022-06-27,2022-06-27 09:30:00,Sell,15800,PE,93.4,-10,31.3,2022-06-30 13:46:00,15902.6,2022-06-27,2022-06-27 15:15:00,Buy,15550.0,PE,36.3,10.0,1.4,2022-06-30 13:46:00,2022-06-30,3,Monday
123,2022-06-27,2022-06-27 09:30:00,Sell,15850,PE,112.35,-10,70.15,2022-06-30 15:25:00,15902.6,2022-06-27,2022-06-27 15:15:00,Buy,15550.0,PE,36.3,10.0,0.1,2022-06-30 15:25:00,2022-06-30,3,Monday
124,2022-06-27,2022-06-27 09:30:00,Sell,15900,PE,134.1,-10,120.15,2022-06-30 15:25:00,15902.6,2022-06-27,2022-06-27 15:15:00,Buy,15550.0,PE,36.3,10.0,0.1,2022-06-30 15:25:00,2022-06-30,3,Monday
125,2022-06-27,2022-06-27 11:45:00,Sell,15850,CE,132.1,-10,33.0,2022-06-29 09:16:00,15844.55,2022-06-27,2022-06-27 15:15:00,Buy,16100.0,CE,33.3,10.0,4.45,2022-06-29 09:16:00,2022-06-30,3,Monday
126,2022-06-27,2022-06-27 13:30:00,Sell,15900,PE,127.35,-10,120.15,2022-06-30 15:25:00,15904.55,2022-06-27,2022-06-27 15:15:00,Buy,15550.0,PE,36.3,10.0,0.1,2022-06-30 15:25:00,2022-06-30,3,Monday
127,2022-06-27,2022-06-27 14:45:00,Sell,15850,CE,123.75,-10,33.0,2022-06-29 09:16:00,15840.95,2022-06-27,2022-06-27 15:15:00,Buy,16100.0,CE,33.3,10.0,4.45,2022-06-29 09:16:00,2022-06-30,3,Monday
128,2022-06-28,2022-06-28 09:30:00,Sell,15800,CE,84.7,-10,27.25,2022-06-30 12:30:00,15723.9,2022-06-28,2022-06-28 15:15:00,Buy,16050.0,CE,25.1,10.0,1.2,2022-06-30 12:30:00,2022-06-30,2,Tuesday
129,2022-06-28,2022-06-28 09:30:00,Sell,15750,CE,107.9,-10,35.95,2022-06-30 15:02:00,15723.9,2022-06-28,2022-06-28 15:15:00,Buy,16050.0,CE,25.1,10.0,0.1,2022-06-30 15:02:00,2022-06-30,2,Tuesday
130,2022-06-28,2022-06-28 12:00:00,Sell,15800,PE,112.45,-10,36.5,2022-06-30 13:35:00,15802.65,2022-06-28,2022-06-28 15:15:00,Buy,15600.0,PE,31.4,10.0,2.75,2022-06-30 13:35:00,2022-06-30,2,Tuesday
131,2022-06-29,2022-06-29 09:30:00,Sell,15750,CE,65.0,-10,29.9,2022-06-30 15:25:00,15717.05,2022-06-29,2022-06-29 15:15:00,Buy,15950.0,CE,21.7,10.0,0.05,2022-06-30 15:25:00,2022-06-30,1,Wednesday
132,2022-06-29,2022-06-29 12:00:00,Sell,15800,PE,95.75,-10,31.3,2022-06-30 13:46:00,15805.15,2022-06-29,2022-06-29 15:15:00,Buy,15550.0,PE,20.45,10.0,1.4,2022-06-30 13:46:00,2022-06-30,1,Wednesday
133,2022-06-29,2022-06-29 14:30:00,Sell,15850,PE,89.5,-10,70.15,2022-06-30 15:25:00,15856.8,2022-06-29,2022-06-29 15:15:00,Buy,15550.0,PE,20.45,10.0,0.1,2022-06-30 15:25:00,2022-06-30,1,Wednesday
134,2022-06-29,2022-06-29 15:15:00,Sell,15800,CE,70.45,-10,24.3,2022-06-30 12:31:00,15789.35,2022-06-29,2022-06-29 15:15:00,Buy,15950.0,CE,21.7,10.0,3.45,2022-06-30 12:31:00,2022-06-30,1,Wednesday
135,2022-06-30,2022-06-30 09:30:00,Sell,15850,PE,74.8,-10,70.15,2022-06-30 15:25:00,15850.45,2022-06-30,2022-06-30 15:15:00,Buy,15800.0,PE,16.55,10.0,20.15,2022-06-30 15:25:00,2022-06-30,0,Thursday
136,2022-06-30,2022-06-30 11:15:00,Sell,15800,CE,43.0,-10,13.05,2022-06-30 15:01:00,15774.85,,,,,,,,,,2022-06-30,0,Thursday
137,2022-06-30,2022-06-30 12:30:00,Sell,15750,CE,45.85,-10,29.9,2022-06-30 15:25:00,15749.95,2022-06-30,2022-06-30 15:15:00,Buy,15750.0,CE,34.35,10.0,29.9,2022-06-30 15:25:00,2022-06-30,0,Thursday
138,2022-06-30,2022-06-30 13:15:00,Sell,15800,PE,57.95,-10,17.2,2022-06-30 14:22:00,15804.85,,,,,,,,,,2022-06-30,0,Thursday
139,2022-07-01,2022-07-01 09:30:00,Sell,15700,CE,150.0,-10,432.4,2022-07-07 15:25:00,15700.0,2022-07-01,2022-07-01 15:15:00,Buy,16050.0,CE,42.55,10.0,82.45,2022-07-07 15:25:00,2022-07-07,4,Friday
140,2022-07-01,2022-07-01 09:30:00,Sell,15700,PE,193.0,-10,66.6,2022-07-04 15:08:00,15700.0,2022-07-01,2022-07-01 15:15:00,Buy,15400.0,PE,47.2,10.0,15.85,2022-07-04 15:08:00,2022-07-07,4,Friday
141,2022-07-01,2022-07-01 09:45:00,Sell,15650,CE,156.85,-10,482.9,2022-07-07 15:25:00,15636.8,2022-07-01,2022-07-01 15:15:00,Buy,16050.0,CE,42.55,10.0,82.45,2022-07-07 15:25:00,2022-07-07,4,Friday
142,2022-07-01,2022-07-01 10:15:00,Sell,15600,CE,156.65,-10,533.05,2022-07-07 15:25:00,15554.25,2022-07-01,2022-07-01 15:15:00,Buy,16050.0,CE,42.55,10.0,82.45,2022-07-07 15:25:00,2022-07-07,4,Friday
143,2022-07-01,2022-07-01 13:00:00,Sell,15650,PE,164.9,-10,56.55,2022-07-04 15:05:00,15658.45,2022-07-01,2022-07-01 15:15:00,Buy,15400.0,PE,47.2,10.0,17.4,2022-07-04 15:05:00,2022-07-07,4,Friday
144,2022-07-01,2022-07-01 14:45:00,Sell,15700,PE,152.2,-10,43.2,2022-07-05 09:16:00,15706.4,2022-07-01,2022-07-01 15:15:00,Buy,15400.0,PE,47.2,10.0,8.95,2022-07-05 09:16:00,2022-07-07,4,Friday
145,2022-07-04,2022-07-04 11:45:00,Sell,15750,PE,129.5,-10,43.9,2022-07-05 09:43:00,15763.0,2022-07-04,2022-07-04 15:15:00,Buy,15550.0,PE,35.0,10.0,16.0,2022-07-05 09:43:00,2022-07-07,3,Monday
146,2022-07-04,2022-07-04 15:00:00,Sell,15800,PE,116.85,-10,39.45,2022-07-05 12:09:00,15818.8,2022-07-04,2022-07-04 15:15:00,Buy,15550.0,PE,35.0,10.0,11.65,2022-07-05 12:09:00,2022-07-07,3,Monday
147,2022-07-05,2022-07-05 09:30:00,Sell,15850,PE,82.5,-10,28.8,2022-07-06 15:13:00,15920.5,2022-07-05,2022-07-05 15:15:00,Buy,15550.0,PE,27.1,10.0,5.45,2022-07-06 15:13:00,2022-07-07,2,Tuesday
148,2022-07-05,2022-07-05 09:30:00,Sell,15900,PE,102.35,-10,34.95,2022-07-06 15:30:00,15920.5,2022-07-05,2022-07-05 15:15:00,Buy,15550.0,PE,27.1,10.0,5.0,2022-07-06 15:30:00,2022-07-07,2,Tuesday
149,2022-07-05,2022-07-05 09:45:00,Sell,15950,PE,109.7,-10,38.0,2022-07-07 09:15:00,15958.35,2022-07-05,2022-07-05 15:15:00,Buy,15550.0,PE,27.1,10.0,2.95,2022-07-07 09:15:00,2022-07-07,2,Tuesday
150,2022-07-05,2022-07-05 11:00:00,Sell,16000,PE,113.6,-10,34.9,2022-07-07 09:15:00,16001.35,2022-07-05,2022-07-05 15:15:00,Buy,15550.0,PE,27.1,10.0,2.95,2022-07-07 09:15:00,2022-07-07,2,Tuesday
151,2022-07-05,2022-07-05 13:45:00,Sell,15950,CE,87.8,-10,30.65,2022-07-05 15:04:00,15941.95,,,,,,,,,,2022-07-07,2,Tuesday
152,2022-07-05,2022-07-05 14:00:00,Sell,15900,CE,81.55,-10,232.1,2022-07-07 15:25:00,15878.85,2022-07-05,2022-07-05 15:15:00,Buy,15950.0,CE,32.8,10.0,182.4,2022-07-07 15:25:00,2022-07-07,2,Tuesday
153,2022-07-05,2022-07-05 15:00:00,Sell,15850,CE,72.45,-10,282.6,2022-07-07 15:25:00,15818.6,2022-07-05,2022-07-05 15:15:00,Buy,15950.0,CE,32.8,10.0,182.4,2022-07-07 15:25:00,2022-07-07,2,Tuesday
154,2022-07-06,2022-07-06 11:00:00,Sell,15900,PE,88.35,-10,14.65,2022-07-07 09:15:00,15916.45,2022-07-06,2022-07-06 15:15:00,Buy,15800.0,PE,22.25,10.0,6.65,2022-07-07 09:15:00,2022-07-07,1,Wednesday
155,2022-07-06,2022-07-06 13:00:00,Sell,15950,PE,80.3,-10,11.85,2022-07-07 09:16:00,15975.8,2022-07-06,2022-07-06 15:15:00,Buy,15800.0,PE,22.25,10.0,4.15,2022-07-07 09:16:00,2022-07-07,1,Wednesday
156,2022-07-07,2022-07-07 09:30:00,Sell,16000,PE,32.45,-10,10.65,2022-07-07 12:00:00,16078.55,,,,,,,,,,2022-07-07,0,Thursday
157,2022-07-07,2022-07-07 09:30:00,Sell,16050,PE,48.4,-10,15.0,2022-07-07 13:01:00,16078.55,,,,,,,,,,2022-07-07,0,Thursday
158,2022-07-07,2022-07-07 10:30:00,Sell,16100,PE,54.0,-10,17.55,2022-07-07 13:34:00,16101.3,,,,,,,,,,2022-07-07,0,Thursday
159,2022-07-08,2022-07-08 09:30:00,Sell,16200,CE,141.3,-10,48.1,2022-07-12 12:53:00,16200.0,2022-07-08,2022-07-08 15:15:00,Buy,16450.0,CE,42.0,10.0,7.85,2022-07-12 12:53:00,2022-07-14,4,Friday
160,2022-07-08,2022-07-08 09:30:00,Sell,16200,PE,152.0,-10,259.35,2022-07-14 15:25:00,16200.0,2022-07-08,2022-07-08 15:15:00,Buy,15950.0,PE,46.5,10.0,9.4,2022-07-14 15:25:00,2022-07-14,4,Friday
161,2022-07-11,2022-07-11 09:30:00,Sell,16150,CE,109.65,-10,38.05,2022-07-13 12:51:00,16141.3,2022-07-11,2022-07-11 15:15:00,Buy,16400.0,CE,36.1,10.0,4.1,2022-07-13 12:51:00,2022-07-14,3,Monday
162,2022-07-11,2022-07-11 14:15:00,Sell,16200,PE,113.1,-10,259.35,2022-07-14 15:25:00,16211.55,2022-07-11,2022-07-11 15:15:00,Buy,15950.0,PE,33.95,10.0,9.4,2022-07-14 15:25:00,2022-07-14,3,Monday
163,2022-07-12,2022-07-12 09:30:00,Sell,16150,CE,87.0,-10,28.5,2022-07-13 13:26:00,16140.95,2022-07-12,2022-07-12 15:15:00,Buy,16250.0,CE,24.45,10.0,12.55,2022-07-13 13:26:00,2022-07-14,2,Tuesday
164,2022-07-12,2022-07-12 12:30:00,Sell,16100,CE,92.45,-10,31.95,2022-07-13 15:01:00,16090.5,2022-07-12,2022-07-12 15:15:00,Buy,16250.0,CE,24.45,10.0,8.5,2022-07-13 15:01:00,2022-07-14,2,Tuesday
165,2022-07-13,2022-07-13 13:00:00,Sell,16050,CE,70.1,-10,24.45,2022-07-14 11:11:00,16016.5,2022-07-13,2022-07-13 15:15:00,Buy,16150.0,CE,18.45,10.0,5.0,2022-07-14 11:11:00,2022-07-14,1,Wednesday
166,2022-07-13,2022-07-13 13:30:00,Sell,16000,CE,75.2,-10,25.1,2022-07-14 11:33:00,15980.75,2022-07-13,2022-07-13 15:15:00,Buy,16150.0,CE,18.45,10.0,3.2,2022-07-14 11:33:00,2022-07-14,1,Wednesday
167,2022-07-14,2022-07-14 10:00:00,Sell,16050,PE,45.0,-10,109.4,2022-07-14 15:25:00,16066.1,2022-07-14,2022-07-14 15:15:00,Buy,15950.0,PE,13.6,10.0,9.4,2022-07-14 15:25:00,2022-07-14,0,Thursday
168,2022-07-14,2022-07-14 11:30:00,Sell,16000,CE,30.8,-10,9.8,2022-07-14 13:23:00,15982.35,,,,,,,,,,2022-07-14,0,Thursday
169,2022-07-14,2022-07-14 12:45:00,Sell,15950,CE,33.25,-10,10.55,2022-07-14 14:00:00,15944.85,,,,,,,,,,2022-07-14,0,Thursday
170,2022-07-14,2022-07-14 14:15:00,Sell,15900,CE,13.2,-10,40.75,2022-07-14 15:25:00,15872.4,2022-07-14,2022-07-14 15:15:00,Buy,15950.0,CE,0.9,10.0,0.15,2022-07-14 15:25:00,2022-07-14,0,Thursday
171,2022-07-15,2022-07-15 09:30:00,Sell,16000,CE,122.1,-10,605.6,2022-07-21 15:25:00,16000.0,2022-07-15,2022-07-15 15:15:00,Buy,16300.0,CE,32.95,10.0,306.05,2022-07-21 15:25:00,2022-07-21,4,Friday
172,2022-07-15,2022-07-15 09:30:00,Sell,16000,PE,137.2,-10,42.6,2022-07-18 09:15:00,16000.0,2022-07-15,2022-07-15 15:15:00,Buy,15800.0,PE,39.0,10.0,17.1,2022-07-18 09:15:00,2022-07-21,4,Friday
173,2022-07-15,2022-07-15 11:15:00,Sell,15950,CE,127.85,-10,655.95,2022-07-21 15:25:00,15946.15,2022-07-15,2022-07-15 15:15:00,Buy,16300.0,CE,32.95,10.0,306.05,2022-07-21 15:25:00,2022-07-21,4,Friday
174,2022-07-15,2022-07-15 14:30:00,Sell,16000,PE,121.8,-10,42.6,2022-07-18 09:15:00,16002.15,2022-07-15,2022-07-15 15:15:00,Buy,15800.0,PE,39.0,10.0,17.1,2022-07-18 09:15:00,2022-07-21,4,Friday
175,2022-07-15,2022-07-15 15:15:00,Sell,16050,PE,116.1,-10,39.5,2022-07-18 12:12:00,16052.9,2022-07-15,2022-07-15 15:15:00,Buy,15800.0,PE,39.0,10.0,10.15,2022-07-18 12:12:00,2022-07-21,4,Friday
176,2022-07-18,2022-07-18 09:30:00,Sell,16100,PE,70.85,-10,23.75,2022-07-19 14:05:00,16172.65,2022-07-18,2022-07-18 15:15:00,Buy,16050.0,PE,28.5,10.0,17.3,2022-07-19 14:05:00,2022-07-21,3,Monday
177,2022-07-18,2022-07-18 09:30:00,Sell,16150,PE,90.1,-10,30.75,2022-07-19 14:28:00,16172.65,2022-07-18,2022-07-18 15:15:00,Buy,16050.0,PE,28.5,10.0,16.35,2022-07-19 14:28:00,2022-07-21,3,Monday
178,2022-07-18,2022-07-18 11:00:00,Sell,16200,PE,91.0,-10,31.7,2022-07-19 14:53:00,16214.1,2022-07-18,2022-07-18 15:15:00,Buy,16050.0,PE,28.5,10.0,12.35,2022-07-19 14:53:00,2022-07-21,3,Monday
179,2022-07-18,2022-07-18 15:00:00,Sell,16250,PE,89.75,-10,15.0,2022-07-20 09:15:00,16255.9,2022-07-18,2022-07-18 15:15:00,Buy,16050.0,PE,28.5,10.0,5.95,2022-07-20 09:15:00,2022-07-21,3,Monday
180,2022-07-19,2022-07-19 10:45:00,Sell,16300,PE,92.55,-10,14.35,2022-07-20 09:16:00,16303.7,2022-07-19,2022-07-19 15:15:00,Buy,16150.0,PE,23.75,10.0,6.45,2022-07-20 09:16:00,2022-07-21,2,Tuesday
181,2022-07-20,2022-07-20 09:30:00,Sell,16350,PE,16.35,-10,5.7,2022-07-21 09:25:00,16531.1,2022-07-20,2022-07-20 15:15:00,Buy,16350.0,PE,13.35,10.0,5.7,2022-07-21 09:25:00,2022-07-21,1,Wednesday
182,2022-07-20,2022-07-20 09:30:00,Sell,16400,PE,23.4,-10,7.35,2022-07-21 09:45:00,16531.1,2022-07-20,2022-07-20 15:15:00,Buy,16350.0,PE,13.35,10.0,3.7,2022-07-21 09:45:00,2022-07-21,1,Wednesday
183,2022-07-20,2022-07-20 09:30:00,Sell,16450,PE,34.8,-10,11.75,2022-07-21 09:55:00,16531.1,2022-07-20,2022-07-20 15:15:00,Buy,16350.0,PE,13.35,10.0,3.6,2022-07-21 09:55:00,2022-07-21,1,Wednesday
184,2022-07-20,2022-07-20 09:30:00,Sell,16500,PE,52.7,-10,18.4,2022-07-21 10:11:00,16531.1,2022-07-20,2022-07-20 15:15:00,Buy,16350.0,PE,13.35,10.0,2.9,2022-07-21 10:11:00,2022-07-21,1,Wednesday
185,2022-07-20,2022-07-20 11:00:00,Sell,16550,PE,64.45,-10,21.5,2022-07-21 11:30:00,16555.6,2022-07-20,2022-07-20 15:15:00,Buy,16350.0,PE,13.35,10.0,1.95,2022-07-21 11:30:00,2022-07-21,1,Wednesday
186,2022-07-21,2022-07-21 15:15:00,Sell,16600,PE,2.05,-10,0.5,2022-07-21 15:18:00,16611.0,2022-07-21,2022-07-21 15:15:00,Buy,16550.0,PE,0.2,10.0,0.15,2022-07-21 15:18:00,2022-07-21,0,Thursday
187,2022-07-22,2022-07-22 09:30:00,Sell,16700,CE,121.55,-10,42.4,2022-07-26 09:30:00,16700.0,2022-07-22,2022-07-22 15:15:00,Buy,16950.0,CE,39.8,10.0,6.6,2022-07-26 09:30:00,2022-07-28,4,Friday
188,2022-07-22,2022-07-22 09:30:00,Sell,16700,PE,133.5,-10,41.4,2022-07-28 09:15:00,16700.0,2022-07-22,2022-07-22 15:15:00,Buy,16450.0,PE,39.85,10.0,6.5,2022-07-28 09:15:00,2022-07-28,4,Friday
189,2022-07-22,2022-07-22 10:00:00,Sell,16650,CE,120.45,-10,41.55,2022-07-26 10:32:00,16633.5,2022-07-22,2022-07-22 15:15:00,Buy,16950.0,CE,39.8,10.0,4.7,2022-07-26 10:32:00,2022-07-28,4,Friday
190,2022-07-22,2022-07-22 13:45:00,Sell,16700,PE,124.95,-10,41.4,2022-07-28 09:15:00,16700.3,2022-07-22,2022-07-22 15:15:00,Buy,16450.0,PE,39.85,10.0,6.5,2022-07-28 09:15:00,2022-07-28,4,Friday
191,2022-07-25,2022-07-25 09:45:00,Sell,16650,CE,108.85,-10,36.1,2022-07-26 13:49:00,16641.55,2022-07-25,2022-07-25 15:15:00,Buy,16850.0,CE,28.8,10.0,6.2,2022-07-26 13:49:00,2022-07-28,3,Monday
192,2022-07-25,2022-07-25 11:15:00,Sell,16600,CE,96.1,-10,32.25,2022-07-27 09:16:00,16566.75,2022-07-25,2022-07-25 15:15:00,Buy,16850.0,CE,28.8,10.0,2.8,2022-07-27 09:16:00,2022-07-28,3,Monday
193,2022-07-25,2022-07-25 14:30:00,Sell,16650,PE,92.7,-10,32.0,2022-07-28 09:15:00,16679.9,2022-07-25,2022-07-25 15:15:00,Buy,16400.0,PE,29.3,10.0,4.7,2022-07-28 09:15:00,2022-07-28,3,Monday
194,2022-07-26,2022-07-26 09:30:00,Sell,16600,CE,77.95,-10,26.7,2022-07-27 09:25:00,16556.45,2022-07-26,2022-07-26 15:15:00,Buy,16650.0,CE,29.3,10.0,17.0,2022-07-27 09:25:00,2022-07-28,2,Tuesday
195,2022-07-26,2022-07-26 09:45:00,Sell,16550,CE,93.15,-10,381.75,2022-07-28 15:25:00,16540.15,2022-07-26,2022-07-26 15:15:00,Buy,16650.0,CE,29.3,10.0,280.7,2022-07-28 15:25:00,2022-07-28,2,Tuesday
196,2022-07-26,2022-07-26 14:45:00,Sell,16500,CE,81.15,-10,431.35,2022-07-28 15:25:00,16488.25,2022-07-26,2022-07-26 15:15:00,Buy,16650.0,CE,29.3,10.0,280.7,2022-07-28 15:25:00,2022-07-28,2,Tuesday
197,2022-07-27,2022-07-27 09:30:00,Sell,16450,CE,76.15,-10,480.9,2022-07-28 15:25:00,16444.15,2022-07-27,2022-07-27 15:15:00,Buy,16800.0,CE,23.3,10.0,130.95,2022-07-28 15:25:00,2022-07-28,1,Wednesday
198,2022-07-27,2022-07-27 10:15:00,Sell,16500,PE,69.1,-10,7.65,2022-07-28 09:15:00,16521.8,2022-07-27,2022-07-27 15:15:00,Buy,16450.0,PE,23.45,10.0,6.5,2022-07-28 09:15:00,2022-07-28,1,Wednesday
199,2022-07-27,2022-07-27 11:45:00,Sell,16550,PE,74.4,-10,8.35,2022-07-28 09:15:00,16564.95,2022-07-27,2022-07-27 15:15:00,Buy,16450.0,PE,23.45,10.0,6.5,2022-07-28 09:15:00,2022-07-28,1,Wednesday
200,2022-07-27,2022-07-27 14:45:00,Sell,16600,PE,76.2,-10,12.25,2022-07-28 09:15:00,16601.0,2022-07-27,2022-07-27 15:15:00,Buy,16450.0,PE,23.45,10.0,6.5,2022-07-28 09:15:00,2022-07-28,1,Wednesday
201,2022-07-28,2022-07-28 09:30:00,Sell,16650,PE,9.85,-10,3.4,2022-07-28 11:07:00,16782.3,,,,,,,,,,2022-07-28,0,Thursday
202,2022-07-28,2022-07-28 09:30:00,Sell,16700,PE,18.15,-10,6.3,2022-07-28 10:59:00,16782.3,,,,,,,,,,2022-07-28,0,Thursday
203,2022-07-28,2022-07-28 09:30:00,Sell,16750,PE,32.0,-10,10.95,2022-07-28 10:59:00,16782.3,,,,,,,,,,2022-07-28,0,Thursday
204,2022-07-28,2022-07-28 10:15:00,Sell,16800,PE,32.5,-10,11.25,2022-07-28 11:33:00,16819.5,,,,,,,,,,2022-07-28,0,Thursday
205,2022-07-28,2022-07-28 11:00:00,Sell,16850,PE,39.35,-10,13.1,2022-07-28 12:39:00,16851.85,,,,,,,,,,2022-07-28,0,Thursday
206,2022-07-28,2022-07-28 12:30:00,Sell,16900,PE,35.65,-10,12.15,2022-07-28 13:59:00,16900.5,,,,,,,,,,2022-07-28,0,Thursday
207,2022-07-29,2022-07-29 09:30:00,Sell,17100,CE,139.45,-10,281.55,2022-08-04 15:25:00,17100.0,2022-07-29,2022-07-29 15:15:00,Buy,17400.0,CE,39.8,10.0,0.05,2022-08-04 15:25:00,2022-08-04,4,Friday
208,2022-07-29,2022-07-29 09:30:00,Sell,17100,PE,131.25,-10,45.35,2022-08-01 12:27:00,17100.0,2022-07-29,2022-07-29 15:15:00,Buy,16900.0,PE,38.65,10.0,17.55,2022-08-01 12:27:00,2022-08-04,4,Friday
209,2022-07-29,2022-07-29 10:45:00,Sell,17050,CE,136.0,-10,331.3,2022-08-04 15:25:00,17035.7,2022-07-29,2022-07-29 15:15:00,Buy,17400.0,CE,39.8,10.0,0.05,2022-08-04 15:25:00,2022-08-04,4,Friday
210,2022-07-29,2022-07-29 12:00:00,Sell,17100,PE,120.4,-10,41.8,2022-08-01 13:03:00,17101.0,2022-07-29,2022-07-29 15:15:00,Buy,16900.0,PE,38.65,10.0,16.6,2022-08-01 13:03:00,2022-08-04,4,Friday
211,2022-07-29,2022-07-29 15:15:00,Sell,17150,PE,111.1,-10,38.0,2022-08-01 15:08:00,17159.95,2022-07-29,2022-07-29 15:15:00,Buy,16900.0,PE,38.65,10.0,12.45,2022-08-01 15:08:00,2022-08-04,4,Friday
212,2022-08-01,2022-08-01 09:30:00,Sell,17200,PE,104.95,-10,36.6,2022-08-02 14:40:00,17223.45,2022-08-01,2022-08-01 15:15:00,Buy,17100.0,PE,34.2,10.0,22.6,2022-08-02 14:40:00,2022-08-04,3,Monday
213,2022-08-01,2022-08-01 10:00:00,Sell,17250,PE,110.75,-10,33.15,2022-08-03 15:01:00,17252.7,2022-08-01,2022-08-01 15:15:00,Buy,17100.0,PE,34.2,10.0,11.2,2022-08-03 15:01:00,2022-08-04,3,Monday
214,2022-08-01,2022-08-01 14:00:00,Sell,17300,PE,98.95,-10,34.4,2022-08-03 15:13:00,17310.9,2022-08-01,2022-08-01 15:15:00,Buy,17100.0,PE,34.2,10.0,9.15,2022-08-03 15:13:00,2022-08-04,3,Monday
215,2022-08-02,2022-08-02 10:00:00,Sell,17250,CE,95.65,-10,131.55,2022-08-04 15:25:00,17241.3,2022-08-02,2022-08-02 15:15:00,Buy,17500.0,CE,32.55,10.0,0.05,2022-08-04 15:25:00,2022-08-04,2,Tuesday
216,2022-08-02,2022-08-02 11:45:00,Sell,17300,PE,97.75,-10,33.85,2022-08-03 15:22:00,17300.7,2022-08-02,2022-08-02 15:15:00,Buy,17100.0,PE,28.1,10.0,8.95,2022-08-03 15:22:00,2022-08-04,2,Tuesday
217,2022-08-02,2022-08-02 12:45:00,Sell,17250,CE,90.45,-10,131.55,2022-08-04 15:25:00,17241.95,2022-08-02,2022-08-02 15:15:00,Buy,17500.0,CE,32.55,10.0,0.05,2022-08-04 15:25:00,2022-08-04,2,Tuesday
218,2022-08-02,2022-08-02 14:00:00,Sell,17300,PE,91.5,-10,31.0,2022-08-03 15:27:00,17313.65,2022-08-02,2022-08-02 15:15:00,Buy,17100.0,PE,28.1,10.0,8.2,2022-08-03 15:27:00,2022-08-04,2,Tuesday
219,2022-08-02,2022-08-02 14:45:00,Sell,17350,PE,77.55,-10,13.65,2022-08-04 09:15:00,17384.2,2022-08-02,2022-08-02 15:15:00,Buy,17100.0,PE,28.1,10.0,4.4,2022-08-04 09:15:00,2022-08-04,2,Tuesday
220,2022-08-03,2022-08-03 09:45:00,Sell,17300,CE,76.55,-10,22.85,2022-08-04 11:48:00,17272.65,2022-08-03,2022-08-03 15:15:00,Buy,17500.0,CE,23.6,10.0,3.8,2022-08-04 11:48:00,2022-08-04,1,Wednesday
221,2022-08-03,2022-08-03 11:15:00,Sell,17250,CE,83.8,-10,131.55,2022-08-04 15:25:00,17236.8,2022-08-03,2022-08-03 15:15:00,Buy,17500.0,CE,23.6,10.0,0.05,2022-08-04 15:25:00,2022-08-04,1,Wednesday
222,2022-08-03,2022-08-03 14:15:00,Sell,17300,PE,72.2,-10,16.9,2022-08-04 09:15:00,17305.75,2022-08-03,2022-08-03 15:15:00,Buy,17250.0,PE,23.7,10.0,13.65,2022-08-04 09:15:00,2022-08-04,1,Wednesday
223,2022-08-03,2022-08-03 15:15:00,Sell,17350,PE,49.75,-10,13.65,2022-08-04 09:15:00,17401.1,2022-08-03,2022-08-03 15:15:00,Buy,17250.0,PE,23.7,10.0,13.65,2022-08-04 09:15:00,2022-08-04,1,Wednesday
224,2022-08-03,2022-08-03 15:15:00,Sell,17400,PE,69.75,-10,24.15,2022-08-04 09:22:00,17401.1,2022-08-03,2022-08-03 15:15:00,Buy,17250.0,PE,23.7,10.0,5.35,2022-08-04 09:22:00,2022-08-04,1,Wednesday
225,2022-08-04,2022-08-04 09:30:00,Sell,17450,PE,40.5,-10,68.3,2022-08-04 15:25:00,17460.4,2022-08-04,2022-08-04 15:15:00,Buy,17400.0,PE,16.35,10.0,18.4,2022-08-04 15:25:00,2022-08-04,0,Thursday
226,2022-08-04,2022-08-04 11:15:00,Sell,17400,CE,44.5,-10,13.6,2022-08-04 11:43:00,17396.15,,,,,,,,,,2022-08-04,0,Thursday
227,2022-08-04,2022-08-04 11:30:00,Sell,17350,CE,36.8,-10,11.7,2022-08-04 14:02:00,17298.45,,,,,,,,,,2022-08-04,0,Thursday
228,2022-08-04,2022-08-04 11:30:00,Sell,17300,CE,59.45,-10,16.75,2022-08-04 14:09:00,17298.45,,,,,,,,,,2022-08-04,0,Thursday
229,2022-08-04,2022-08-04 11:45:00,Sell,17250,CE,55.2,-10,131.55,2022-08-04 15:25:00,17232.65,2022-08-04,2022-08-04 15:15:00,Buy,17400.0,CE,1.05,10.0,0.05,2022-08-04 15:25:00,2022-08-04,0,Thursday
230,2022-08-04,2022-08-04 12:15:00,Sell,17300,PE,44.15,-10,10.3,2022-08-04 14:43:00,17309.0,,,,,,,,,,2022-08-04,0,Thursday
231,2022-08-04,2022-08-04 15:15:00,Sell,17350,PE,0.4,-10,0.1,2022-08-04 15:23:00,17377.25,2022-08-04,2022-08-04 15:15:00,Buy,17400.0,PE,16.35,10.0,16.1,2022-08-04 15:23:00,2022-08-04,0,Thursday
232,2022-08-05,2022-08-05 09:30:00,Sell,17450,CE,162.2,-10,208.9,2022-08-11 15:25:00,17450.0,2022-08-05,2022-08-05 15:15:00,Buy,17650.0,CE,41.4,10.0,9.25,2022-08-11 15:25:00,2022-08-11,4,Friday
233,2022-08-05,2022-08-05 09:30:00,Sell,17450,PE,156.85,-10,53.4,2022-08-10 10:33:00,17450.0,2022-08-05,2022-08-05 15:15:00,Buy,17100.0,PE,47.3,10.0,7.8,2022-08-10 10:33:00,2022-08-11,4,Friday
234,2022-08-05,2022-08-05 14:15:00,Sell,17400,CE,134.55,-10,258.9,2022-08-11 15:25:00,17379.2,2022-08-05,2022-08-05 15:15:00,Buy,17650.0,CE,41.4,10.0,9.25,2022-08-11 15:25:00,2022-08-11,4,Friday
235,2022-08-08,2022-08-08 10:30:00,Sell,17450,PE,113.0,-10,5.0,2022-08-11 09:15:00,17454.45,2022-08-08,2022-08-08 15:15:00,Buy,17250.0,PE,30.9,10.0,5.0,2022-08-11 09:15:00,2022-08-11,3,Monday
236,2022-08-08,2022-08-08 12:15:00,Sell,17500,PE,110.35,-10,7.0,2022-08-11 09:15:00,17504.9,2022-08-08,2022-08-08 15:15:00,Buy,17250.0,PE,30.9,10.0,5.0,2022-08-11 09:15:00,2022-08-11,3,Monday
237,2022-08-11,2022-08-11 09:30:00,Sell,17550,PE,13.35,-10,4.65,2022-08-11 12:21:00,17672.8,,,,,,,,,,2022-08-11,0,Thursday
238,2022-08-11,2022-08-11 09:30:00,Sell,17600,PE,21.9,-10,5.5,2022-08-11 13:48:00,17672.8,,,,,,,,,,2022-08-11,0,Thursday
239,2022-08-11,2022-08-11 09:30:00,Sell,17650,PE,35.9,-10,9.0,2022-08-11 14:29:00,17672.8,,,,,,,,,,2022-08-11,0,Thursday
240,2022-08-12,2022-08-12 09:30:00,Sell,17600,CE,126.65,-10,356.3,2022-08-18 15:25:00,17600.0,2022-08-12,2022-08-12 15:15:00,Buy,17900.0,CE,30.25,10.0,56.7,2022-08-18 15:25:00,2022-08-18,4,Friday
241,2022-08-12,2022-08-12 09:30:00,Sell,17600,PE,113.1,-10,32.7,2022-08-16 09:16:00,17600.0,2022-08-12,2022-08-12 15:15:00,Buy,17450.0,PE,35.0,10.0,12.7,2022-08-16 09:16:00,2022-08-18,4,Friday
242,2022-08-12,2022-08-12 10:00:00,Sell,17650,PE,113.8,-10,39.65,2022-08-16 09:23:00,17655.9,2022-08-12,2022-08-12 15:15:00,Buy,17450.0,PE,35.0,10.0,12.2,2022-08-16 09:23:00,2022-08-18,4,Friday
243,2022-08-12,2022-08-12 13:00:00,Sell,17700,PE,103.3,-10,35.1,2022-08-16 11:01:00,17707.1,2022-08-12,2022-08-12 15:15:00,Buy,17450.0,PE,35.0,10.0,8.7,2022-08-16 11:01:00,2022-08-18,4,Friday
244,2022-08-16,2022-08-16 09:30:00,Sell,17750,PE,64.8,-10,22.5,2022-08-17 09:43:00,17802.2,2022-08-16,2022-08-16 15:15:00,Buy,17650.0,PE,22.7,10.0,11.25,2022-08-17 09:43:00,2022-08-18,2,Tuesday
245,2022-08-16,2022-08-16 09:30:00,Sell,17800,PE,85.8,-10,30.0,2022-08-17 10:13:00,17802.2,2022-08-16,2022-08-16 15:15:00,Buy,17650.0,PE,22.7,10.0,11.25,2022-08-17 10:13:00,2022-08-18,2,Tuesday
246,2022-08-17,2022-08-17 09:30:00,Sell,17850,PE,54.45,-10,18.7,2022-08-18 09:43:00,17880.5,2022-08-17,2022-08-17 15:15:00,Buy,17800.0,PE,19.5,10.0,10.5,2022-08-18 09:43:00,2022-08-18,1,Wednesday
247,2022-08-17,2022-08-17 10:15:00,Sell,17900,PE,60.7,-10,20.5,2022-08-18 10:03:00,17909.55,2022-08-17,2022-08-17 15:15:00,Buy,17800.0,PE,19.5,10.0,6.45,2022-08-18 10:03:00,2022-08-18,1,Wednesday
248,2022-08-18,2022-08-18 15:15:00,Sell,17950,PE,0.85,-10,0.2,2022-08-18 15:23:00,17956.6,2022-08-18,2022-08-18 15:15:00,Buy,17900.0,PE,0.15,10.0,0.05,2022-08-18 15:23:00,2022-08-18,0,Thursday
249,2022-08-19,2022-08-19 09:30:00,Sell,17950,CE,125.1,-10,22.0,2022-08-22 09:15:00,17950.0,2022-08-19,2022-08-19 15:15:00,Buy,18050.0,CE,34.4,10.0,34.0,2022-08-22 09:15:00,2022-08-25,4,Friday
250,2022-08-19,2022-08-19 09:30:00,Sell,17950,PE,114.4,-10,430.85,2022-08-25 15:25:00,17950.0,2022-08-19,2022-08-19 15:15:00,Buy,17500.0,PE,41.65,10.0,0.2,2022-08-25 15:25:00,2022-08-25,4,Friday
251,2022-08-19,2022-08-19 11:15:00,Sell,17900,CE,122.0,-10,33.85,2022-08-22 09:16:00,17877.5,2022-08-19,2022-08-19 15:15:00,Buy,18050.0,CE,34.4,10.0,13.95,2022-08-22 09:16:00,2022-08-25,4,Friday
252,2022-08-19,2022-08-19 11:30:00,Sell,17850,CE,136.75,-10,45.4,2022-08-22 09:16:00,17841.45,2022-08-19,2022-08-19 15:15:00,Buy,18050.0,CE,34.4,10.0,13.95,2022-08-22 09:16:00,2022-08-25,4,Friday
253,2022-08-19,2022-08-19 11:45:00,Sell,17800,CE,139.5,-10,47.7,2022-08-22 09:26:00,17786.75,2022-08-19,2022-08-19 15:15:00,Buy,18050.0,CE,34.4,10.0,11.75,2022-08-22 09:26:00,2022-08-25,4,Friday
254,2022-08-19,2022-08-19 12:30:00,Sell,17750,CE,139.15,-10,47.4,2022-08-22 10:08:00,17743.6,2022-08-19,2022-08-19 15:15:00,Buy,18050.0,CE,34.4,10.0,9.35,2022-08-22 10:08:00,2022-08-25,4,Friday
255,2022-08-19,2022-08-19 13:15:00,Sell,17800,PE,120.0,-10,280.9,2022-08-25 15:25:00,17810.8,2022-08-19,2022-08-19 15:15:00,Buy,17500.0,PE,41.65,10.0,0.2,2022-08-25 15:25:00,2022-08-25,4,Friday
256,2022-08-22,2022-08-22 09:30:00,Sell,17750,CE,63.0,-10,18.45,2022-08-23 09:15:00,17619.5,2022-08-22,2022-08-22 15:15:00,Buy,17750.0,CE,24.8,10.0,18.45,2022-08-23 09:15:00,2022-08-25,3,Monday
257,2022-08-22,2022-08-22 09:30:00,Sell,17700,CE,81.65,-10,20.35,2022-08-23 09:15:00,17619.5,2022-08-22,2022-08-22 15:15:00,Buy,17750.0,CE,24.8,10.0,18.45,2022-08-23 09:15:00,2022-08-25,3,Monday
258,2022-08-22,2022-08-22 09:30:00,Sell,17650,CE,104.6,-10,27.0,2022-08-23 09:15:00,17619.5,2022-08-22,2022-08-22 15:15:00,Buy,17750.0,CE,24.8,10.0,18.45,2022-08-23 09:15:00,2022-08-25,3,Monday
259,2022-08-22,2022-08-22 10:15:00,Sell,17600,CE,107.5,-10,26.0,2022-08-23 09:16:00,17577.55,2022-08-22,2022-08-22 15:15:00,Buy,17750.0,CE,24.8,10.0,10.2,2022-08-23 09:16:00,2022-08-25,3,Monday
260,2022-08-22,2022-08-22 13:00:00,Sell,17550,CE,102.0,-10,35.35,2022-08-23 09:17:00,17540.75,2022-08-22,2022-08-22 15:15:00,Buy,17750.0,CE,24.8,10.0,9.3,2022-08-23 09:17:00,2022-08-25,3,Monday
261,2022-08-22,2022-08-22 15:15:00,Sell,17500,CE,105.0,-10,33.65,2022-08-25 15:12:00,17495.75,2022-08-22,2022-08-22 15:15:00,Buy,17750.0,CE,24.8,10.0,0.3,2022-08-25 15:12:00,2022-08-25,3,Monday
262,2022-08-23,2022-08-23 10:00:00,Sell,17550,PE,78.35,-10,10.2,2022-08-25 09:15:00,17581.7,2022-08-23,2022-08-23 15:15:00,Buy,17400.0,PE,25.45,10.0,3.8,2022-08-25 09:15:00,2022-08-25,2,Tuesday
263,2022-08-23,2022-08-23 10:45:00,Sell,17500,CE,74.9,-10,18.25,2022-08-25 15:13:00,17447.9,2022-08-23,2022-08-23 15:15:00,Buy,17750.0,CE,25.6,10.0,0.25,2022-08-25 15:13:00,2022-08-25,2,Tuesday
264,2022-08-23,2022-08-23 10:45:00,Sell,17450,CE,98.5,-10,69.55,2022-08-25 15:25:00,17447.9,2022-08-23,2022-08-23 15:15:00,Buy,17750.0,CE,25.6,10.0,0.05,2022-08-25 15:25:00,2022-08-25,2,Tuesday
265,2022-08-23,2022-08-23 13:00:00,Sell,17500,PE,70.7,-10,24.6,2022-08-24 15:04:00,17528.75,2022-08-23,2022-08-23 15:15:00,Buy,17400.0,PE,25.45,10.0,10.55,2022-08-24 15:04:00,2022-08-25,2,Tuesday
266,2022-08-23,2022-08-23 13:30:00,Sell,17550,PE,79.75,-10,10.2,2022-08-25 09:15:00,17559.75,2022-08-23,2022-08-23 15:15:00,Buy,17400.0,PE,25.45,10.0,3.8,2022-08-25 09:15:00,2022-08-25,2,Tuesday
267,2022-08-24,2022-08-24 11:15:00,Sell,17600,PE,64.35,-10,18.65,2022-08-25 09:16:00,17614.8,2022-08-24,2022-08-24 15:15:00,Buy,17500.0,PE,19.65,10.0,6.35,2022-08-25 09:16:00,2022-08-25,1,Wednesday
268,2022-08-24,2022-08-24 13:00:00,Sell,17550,CE,63.65,-10,20.5,2022-08-25 15:01:00,17537.35,2022-08-24,2022-08-24 15:15:00,Buy,17750.0,CE,17.25,10.0,0.65,2022-08-25 15:01:00,2022-08-25,1,Wednesday
269,2022-08-24,2022-08-24 15:15:00,Sell,17600,PE,46.4,-10,16.05,2022-08-25 09:23:00,17617.75,2022-08-24,2022-08-24 15:15:00,Buy,17500.0,PE,19.65,10.0,5.85,2022-08-25 09:23:00,2022-08-25,1,Wednesday
270,2022-08-25,2022-08-25 09:30:00,Sell,17650,PE,23.25,-10,6.85,2022-08-25 12:48:00,17695.0,,,,,,,,,,2022-08-25,0,Thursday
271,2022-08-25,2022-08-25 09:45:00,Sell,17700,PE,36.75,-10,180.9,2022-08-25 15:25:00,17704.1,2022-08-25,2022-08-25 15:15:00,Buy,17500.0,PE,6.45,10.0,0.2,2022-08-25 15:25:00,2022-08-25,0,Thursday
272,2022-08-25,2022-08-25 11:30:00,Sell,17650,CE,41.75,-10,13.4,2022-08-25 14:41:00,17648.4,,,,,,,,,,2022-08-25,0,Thursday
273,2022-08-25,2022-08-25 13:00:00,Sell,17700,PE,14.0,-10,180.9,2022-08-25 15:25:00,17725.3,2022-08-25,2022-08-25 15:15:00,Buy,17500.0,PE,6.45,10.0,0.2,2022-08-25 15:25:00,2022-08-25,0,Thursday
274,2022-08-25,2022-08-25 14:45:00,Sell,17650,CE,20.9,-10,6.4,2022-08-25 14:54:00,17645.75,,,,,,,,,,2022-08-25,0,Thursday
275,2022-08-25,2022-08-25 15:00:00,Sell,17600,CE,8.45,-10,2.0,2022-08-25 15:02:00,17569.35,,,,,,,,,,2022-08-25,0,Thursday
276,2022-08-25,2022-08-25 15:15:00,Sell,17550,CE,0.45,-10,0.1,2022-08-25 15:24:00,17498.6,2022-08-25,2022-08-25 15:15:00,Buy,17550.0,CE,0.45,10.0,0.1,2022-08-25 15:24:00,2022-08-25,0,Thursday
277,2022-08-25,2022-08-25 15:15:00,Sell,17500,CE,15.95,-10,19.65,2022-08-25 15:25:00,17498.6,2022-08-25,2022-08-25 15:15:00,Buy,17550.0,CE,0.45,10.0,0.1,2022-08-25 15:25:00,2022-08-25,0,Thursday
278,2022-08-26,2022-08-26 09:30:00,Sell,17650,CE,148.2,-10,40.0,2022-08-29 09:15:00,17650.0,2022-08-26,2022-08-26 15:15:00,Buy,17850.0,CE,40.3,10.0,12.45,2022-08-29 09:15:00,2022-09-01,4,Friday
279,2022-08-26,2022-08-26 09:30:00,Sell,17650,PE,122.85,-10,39.7,2022-08-30 15:07:00,17650.0,2022-08-26,2022-08-26 15:15:00,Buy,17250.0,PE,38.45,10.0,8.85,2022-08-30 15:07:00,2022-09-01,4,Friday
280,2022-08-26,2022-08-26 10:45:00,Sell,17600,CE,149.15,-10,51.0,2022-08-29 09:15:00,17599.35,2022-08-26,2022-08-26 15:15:00,Buy,17850.0,CE,40.3,10.0,12.45,2022-08-29 09:15:00,2022-09-01,4,Friday
281,2022-08-29,2022-08-29 09:30:00,Sell,17550,CE,30.5,-10,7.35,2022-09-01 15:02:00,17242.4,2022-08-29,2022-08-29 15:15:00,Buy,17550.0,CE,27.7,10.0,241.0,2022-09-01 15:02:00,2022-09-01,3,Monday
282,2022-08-29,2022-08-29 09:30:00,Sell,17500,CE,39.55,-10,44.15,2022-09-01 15:25:00,17242.4,2022-08-29,2022-08-29 15:15:00,Buy,17550.0,CE,27.7,10.0,241.0,2022-09-01 15:25:00,2022-09-01,3,Monday
283,2022-08-29,2022-08-29 09:30:00,Sell,17450,CE,51.9,-10,94.2,2022-09-01 15:25:00,17242.4,2022-08-29,2022-08-29 15:15:00,Buy,17550.0,CE,27.7,10.0,241.0,2022-09-01 15:25:00,2022-09-01,3,Monday
284,2022-08-29,2022-08-29 09:30:00,Sell,17400,CE,66.85,-10,144.35,2022-09-01 15:25:00,17242.4,2022-08-29,2022-08-29 15:15:00,Buy,17550.0,CE,27.7,10.0,241.0,2022-09-01 15:25:00,2022-09-01,3,Monday
285,2022-08-29,2022-08-29 09:30:00,Sell,17350,CE,85.6,-10,193.9,2022-09-01 15:25:00,17242.4,2022-08-29,2022-08-29 15:15:00,Buy,17550.0,CE,27.7,10.0,241.0,2022-09-01 15:25:00,2022-09-01,3,Monday
286,2022-08-29,2022-08-29 09:30:00,Sell,17300,CE,107.35,-10,244.35,2022-09-01 15:25:00,17242.4,2022-08-29,2022-08-29 15:15:00,Buy,17550.0,CE,27.7,10.0,241.0,2022-09-01 15:25:00,2022-09-01,3,Monday
287,2022-08-29,2022-08-29 09:30:00,Sell,17250,CE,132.5,-10,293.7,2022-09-01 15:25:00,17242.4,2022-08-29,2022-08-29 15:15:00,Buy,17550.0,CE,27.7,10.0,241.0,2022-09-01 15:25:00,2022-09-01,3,Monday
288,2022-08-29,2022-08-29 10:00:00,Sell,17300,PE,122.5,-10,41.0,2022-08-30 09:16:00,17315.4,2022-08-29,2022-08-29 15:15:00,Buy,16950.0,PE,26.95,10.0,6.2,2022-08-30 09:16:00,2022-09-01,3,Monday
289,2022-08-29,2022-08-29 12:30:00,Sell,17350,PE,119.0,-10,40.25,2022-08-30 09:51:00,17351.3,2022-08-29,2022-08-29 15:15:00,Buy,16950.0,PE,26.95,10.0,5.75,2022-08-30 09:51:00,2022-09-01,3,Monday
290,2022-08-29,2022-08-29 15:15:00,Sell,17300,CE,116.05,-10,244.35,2022-09-01 15:25:00,17294.4,2022-08-29,2022-08-29 15:15:00,Buy,17550.0,CE,27.7,10.0,241.0,2022-09-01 15:25:00,2022-09-01,3,Monday
291,2022-08-30,2022-08-30 09:30:00,Sell,17350,PE,49.4,-10,17.25,2022-08-30 14:26:00,17453.9,,,,,,,,,,2022-09-01,2,Tuesday
292,2022-08-30,2022-08-30 09:30:00,Sell,17400,PE,66.6,-10,22.8,2022-08-30 14:17:00,17453.9,,,,,,,,,,2022-09-01,2,Tuesday
293,2022-08-30,2022-08-30 09:30:00,Sell,17450,PE,88.05,-10,30.7,2022-08-30 14:16:00,17453.9,,,,,,,,,,2022-09-01,2,Tuesday
294,2022-08-30,2022-08-30 10:45:00,Sell,17500,PE,81.85,-10,28.6,2022-08-30 14:33:00,17518.9,,,,,,,,,,2022-09-01,2,Tuesday
295,2022-08-30,2022-08-30 11:45:00,Sell,17550,PE,91.45,-10,31.7,2022-08-30 14:55:00,17554.15,,,,,,,,,,2022-09-01,2,Tuesday
296,2022-08-30,2022-08-30 12:45:00,Sell,17600,PE,93.35,-10,31.15,2022-08-30 15:07:00,17600.2,,,,,,,,,,2022-09-01,2,Tuesday
297,2022-08-30,2022-08-30 13:45:00,Sell,17650,PE,88.35,-10,106.15,2022-09-01 15:25:00,17667.25,2022-08-30,2022-08-30 15:15:00,Buy,17500.0,PE,22.05,10.0,19.0,2022-09-01 15:25:00,2022-09-01,2,Tuesday
298,2022-08-30,2022-08-30 15:00:00,Sell,17700,PE,80.55,-10,156.0,2022-09-01 15:25:00,17702.85,2022-08-30,2022-08-30 15:15:00,Buy,17500.0,PE,22.05,10.0,19.0,2022-09-01 15:25:00,2022-09-01,2,Tuesday
299,2022-08-30,2022-08-30 15:15:00,Sell,17750,PE,69.6,-10,206.0,2022-09-01 15:25:00,17762.95,2022-08-30,2022-08-30 15:15:00,Buy,17500.0,PE,22.05,10.0,19.0,2022-09-01 15:25:00,2022-09-01,2,Tuesday
300,2022-09-01,2022-09-01 09:30:00,Sell,17700,CE,16.7,-10,5.15,2022-09-01 13:11:00,17555.15,,,,,,,,,,2022-09-01,0,Thursday
301,2022-09-01,2022-09-01 09:30:00,Sell,17650,CE,28.55,-10,9.65,2022-09-01 13:12:00,17555.15,,,,,,,,,,2022-09-01,0,Thursday
302,2022-09-01,2022-09-01 09:30:00,Sell,17600,CE,45.85,-10,15.95,2022-09-01 13:42:00,17555.15,,,,,,,,,,2022-09-01,0,Thursday
303,2022-09-01,2022-09-01 10:15:00,Sell,17650,PE,51.7,-10,106.15,2022-09-01 15:25:00,17662.4,2022-09-01,2022-09-01 15:15:00,Buy,17550.0,PE,3.1,10.0,6.5,2022-09-01 15:25:00,2022-09-01,0,Thursday
304,2022-09-01,2022-09-01 12:00:00,Sell,17600,CE,45.5,-10,14.7,2022-09-01 13:47:00,17589.35,,,,,,,,,,2022-09-01,0,Thursday
305,2022-09-01,2022-09-01 14:00:00,Sell,17550,CE,12.8,-10,4.0,2022-09-01 15:03:00,17472.65,,,,,,,,,,2022-09-01,0,Thursday
306,2022-09-01,2022-09-01 14:00:00,Sell,17500,CE,27.15,-10,44.15,2022-09-01 15:25:00,17472.65,2022-09-01,2022-09-01 15:15:00,Buy,17550.0,CE,9.9,10.0,0.4,2022-09-01 15:25:00,2022-09-01,0,Thursday
307,2022-09-01,2022-09-01 14:45:00,Sell,17550,PE,18.75,-10,5.45,2022-09-01 15:12:00,17558.65,,,,,,,,,,2022-09-01,0,Thursday
308,2022-09-02,2022-09-02 09:30:00,Sell,17550,CE,172.0,-10,247.6,2022-09-08 15:25:00,17550.0,2022-09-02,2022-09-02 15:15:00,Buy,17850.0,CE,43.1,10.0,0.05,2022-09-08 15:25:00,2022-09-08,4,Friday
309,2022-09-02,2022-09-02 09:30:00,Sell,17550,PE,158.6,-10,45.75,2022-09-06 09:16:00,17550.0,2022-09-02,2022-09-02 15:15:00,Buy,17200.0,PE,44.15,10.0,8.45,2022-09-06 09:16:00,2022-09-08,4,Friday
310,2022-09-02,2022-09-02 10:15:00,Sell,17500,CE,165.85,-10,297.8,2022-09-08 15:25:00,17495.85,2022-09-02,2022-09-02 15:15:00,Buy,17850.0,CE,43.1,10.0,0.05,2022-09-08 15:25:00,2022-09-08,4,Friday
311,2022-09-02,2022-09-02 12:15:00,Sell,17550,PE,157.35,-10,45.75,2022-09-06 09:16:00,17556.0,2022-09-02,2022-09-02 15:15:00,Buy,17200.0,PE,44.15,10.0,8.45,2022-09-06 09:16:00,2022-09-08,4,Friday
312,2022-09-02,2022-09-02 14:15:00,Sell,17600,PE,144.45,-10,29.0,2022-09-08 09:15:00,17613.55,2022-09-02,2022-09-02 15:15:00,Buy,17200.0,PE,44.15,10.0,1.3,2022-09-08 09:15:00,2022-09-08,4,Friday
313,2022-09-02,2022-09-02 15:00:00,Sell,17550,CE,152.75,-10,247.6,2022-09-08 15:25:00,17549.65,2022-09-02,2022-09-02 15:15:00,Buy,17850.0,CE,43.1,10.0,0.05,2022-09-08 15:25:00,2022-09-08,4,Friday
314,2022-09-05,2022-09-05 09:45:00,Sell,17600,PE,116.8,-10,29.0,2022-09-08 09:15:00,17638.8,2022-09-05,2022-09-05 15:15:00,Buy,17350.0,PE,34.35,10.0,3.55,2022-09-08 09:15:00,2022-09-08,3,Monday
315,2022-09-05,2022-09-05 10:30:00,Sell,17650,PE,129.8,-10,25.8,2022-09-08 09:15:00,17653.15,2022-09-05,2022-09-05 15:15:00,Buy,17350.0,PE,34.35,10.0,3.55,2022-09-08 09:15:00,2022-09-08,3,Monday
316,2022-09-06,2022-09-06 09:30:00,Sell,17700,PE,102.1,-10,33.65,2022-09-08 09:17:00,17721.85,2022-09-06,2022-09-06 15:15:00,Buy,17400.0,PE,28.95,10.0,2.95,2022-09-08 09:17:00,2022-09-08,2,Tuesday
317,2022-09-06,2022-09-06 10:15:00,Sell,17650,CE,110.5,-10,147.8,2022-09-08 15:25:00,17640.45,2022-09-06,2022-09-06 15:15:00,Buy,17850.0,CE,34.1,10.0,0.05,2022-09-08 15:25:00,2022-09-08,2,Tuesday
318,2022-09-06,2022-09-06 12:45:00,Sell,17700,PE,101.45,-10,33.65,2022-09-08 09:17:00,17708.75,2022-09-06,2022-09-06 15:15:00,Buy,17400.0,PE,28.95,10.0,2.95,2022-09-08 09:17:00,2022-09-08,2,Tuesday
319,2022-09-06,2022-09-06 14:45:00,Sell,17650,CE,100.2,-10,147.8,2022-09-08 15:25:00,17641.45,2022-09-06,2022-09-06 15:15:00,Buy,17850.0,CE,34.1,10.0,0.05,2022-09-08 15:25:00,2022-09-08,2,Tuesday
320,2022-09-07,2022-09-07 09:30:00,Sell,17600,CE,80.25,-10,197.95,2022-09-08 15:25:00,17570.2,2022-09-07,2022-09-07 15:15:00,Buy,17750.0,CE,28.15,10.0,47.95,2022-09-08 15:25:00,2022-09-08,1,Wednesday
321,2022-09-07,2022-09-07 11:00:00,Sell,17550,CE,86.95,-10,247.6,2022-09-08 15:25:00,17548.9,2022-09-07,2022-09-07 15:15:00,Buy,17750.0,CE,28.15,10.0,47.95,2022-09-08 15:25:00,2022-09-08,1,Wednesday
322,2022-09-07,2022-09-07 12:00:00,Sell,17600,PE,84.5,-10,29.0,2022-09-08 09:15:00,17604.55,2022-09-07,2022-09-07 15:15:00,Buy,17450.0,PE,24.4,10.0,7.8,2022-09-08 09:15:00,2022-09-08,1,Wednesday
323,2022-09-08,2022-09-08 09:30:00,Sell,17650,PE,16.75,-10,5.6,2022-09-08 14:02:00,17775.35,,,,,,,,,,2022-09-08,0,Thursday
324,2022-09-08,2022-09-08 09:30:00,Sell,17700,PE,26.5,-10,8.65,2022-09-08 14:20:00,17775.35,,,,,,,,,,2022-09-08,0,Thursday
325,2022-09-08,2022-09-08 09:30:00,Sell,17750,PE,41.9,-10,12.8,2022-09-08 14:29:00,17775.35,,,,,,,,,,2022-09-08,0,Thursday
326,2022-09-09,2022-09-09 09:30:00,Sell,17900,CE,134.8,-10,46.2,2022-09-15 11:11:00,17900.0,2022-09-09,2022-09-09 15:15:00,Buy,18100.0,CE,39.65,10.0,6.8,2022-09-15 11:11:00,2022-09-15,4,Friday
327,2022-09-09,2022-09-09 09:30:00,Sell,17900,PE,137.3,-10,47.1,2022-09-13 09:31:00,17900.0,2022-09-09,2022-09-09 15:15:00,Buy,17550.0,PE,40.15,10.0,8.5,2022-09-13 09:31:00,2022-09-15,4,Friday
328,2022-09-09,2022-09-09 12:15:00,Sell,17850,CE,130.95,-10,44.75,2022-09-15 13:46:00,17825.15,2022-09-09,2022-09-09 15:15:00,Buy,18100.0,CE,39.65,10.0,1.65,2022-09-15 13:46:00,2022-09-15,4,Friday
329,2022-09-12,2022-09-12 09:30:00,Sell,17900,PE,114.3,-10,39.6,2022-09-13 11:57:00,17915.3,2022-09-12,2022-09-12 15:15:00,Buy,17650.0,PE,31.6,10.0,11.55,2022-09-13 11:57:00,2022-09-15,3,Monday
330,2022-09-12,2022-09-12 10:15:00,Sell,17950,PE,107.0,-10,36.05,2022-09-14 14:23:00,17967.55,2022-09-12,2022-09-12 15:15:00,Buy,17650.0,PE,31.6,10.0,8.05,2022-09-14 14:23:00,2022-09-15,3,Monday
331,2022-09-13,2022-09-13 09:30:00,Sell,18000,PE,82.5,-10,28.35,2022-09-15 09:20:00,18037.2,2022-09-13,2022-09-13 15:15:00,Buy,17850.0,PE,29.5,10.0,8.1,2022-09-15 09:20:00,2022-09-15,2,Tuesday
332,2022-09-13,2022-09-13 09:45:00,Sell,18050,PE,95.4,-10,171.7,2022-09-15 15:25:00,18055.75,2022-09-13,2022-09-13 15:15:00,Buy,17850.0,PE,29.5,10.0,0.15,2022-09-15 15:25:00,2022-09-15,2,Tuesday
333,2022-09-14,2022-09-14 09:30:00,Sell,18000,CE,53.05,-10,17.05,2022-09-15 11:11:00,17916.55,2022-09-14,2022-09-14 15:15:00,Buy,18150.0,CE,18.9,10.0,4.55,2022-09-15 11:11:00,2022-09-15,1,Wednesday
334,2022-09-14,2022-09-14 09:30:00,Sell,17950,CE,74.65,-10,24.2,2022-09-15 11:16:00,17916.55,2022-09-14,2022-09-14 15:15:00,Buy,18150.0,CE,18.9,10.0,4.3,2022-09-15 11:16:00,2022-09-15,1,Wednesday
335,2022-09-14,2022-09-14 12:15:00,Sell,18000,PE,89.9,-10,29.45,2022-09-15 09:16:00,18002.85,2022-09-14,2022-09-14 15:15:00,Buy,17750.0,PE,24.65,10.0,4.2,2022-09-15 09:16:00,2022-09-15,1,Wednesday
336,2022-09-14,2022-09-14 13:15:00,Sell,18050,PE,83.0,-10,171.7,2022-09-15 15:25:00,18057.15,2022-09-14,2022-09-14 15:15:00,Buy,17750.0,PE,24.65,10.0,0.1,2022-09-15 15:25:00,2022-09-15,1,Wednesday
337,2022-09-14,2022-09-14 15:15:00,Sell,18000,CE,73.5,-10,24.3,2022-09-15 10:45:00,17980.15,2022-09-14,2022-09-14 15:15:00,Buy,18150.0,CE,18.9,10.0,5.7,2022-09-15 10:45:00,2022-09-15,1,Wednesday
338,2022-09-15,2022-09-15 09:30:00,Sell,18050,PE,43.7,-10,171.7,2022-09-15 15:25:00,18074.9,2022-09-15,2022-09-15 15:15:00,Buy,17900.0,PE,19.9,10.0,21.7,2022-09-15 15:25:00,2022-09-15,0,Thursday
339,2022-09-15,2022-09-15 10:00:00,Sell,18000,CE,45.45,-10,14.9,2022-09-15 11:16:00,17975.8,,,,,,,,,,2022-09-15,0,Thursday
340,2022-09-15,2022-09-15 10:45:00,Sell,17950,CE,40.25,-10,13.4,2022-09-15 13:35:00,17914.95,,,,,,,,,,2022-09-15,0,Thursday
341,2022-09-15,2022-09-15 11:15:00,Sell,17900,CE,49.15,-10,16.5,2022-09-15 13:47:00,17887.4,,,,,,,,,,2022-09-15,0,Thursday
342,2022-09-16,2022-09-16 09:30:00,Sell,17800,CE,147.15,-10,49.85,2022-09-19 09:24:00,17800.0,2022-09-16,2022-09-16 15:15:00,Buy,17900.0,CE,47.8,10.0,32.1,2022-09-19 09:24:00,2022-09-22,4,Friday
343,2022-09-16,2022-09-16 09:30:00,Sell,17800,PE,164.05,-10,171.45,2022-09-22 15:25:00,17800.0,2022-09-16,2022-09-16 15:15:00,Buy,17200.0,PE,46.95,10.0,0.05,2022-09-22 15:25:00,2022-09-22,4,Friday
344,2022-09-16,2022-09-16 09:45:00,Sell,17750,CE,156.85,-10,54.7,2022-09-19 09:29:00,17746.4,2022-09-16,2022-09-16 15:15:00,Buy,17900.0,CE,47.8,10.0,28.05,2022-09-19 09:29:00,2022-09-22,4,Friday
345,2022-09-16,2022-09-16 10:00:00,Sell,17700,CE,154.6,-10,51.85,2022-09-22 09:16:00,17661.1,2022-09-16,2022-09-16 15:15:00,Buy,17900.0,CE,47.8,10.0,8.45,2022-09-22 09:16:00,2022-09-22,4,Friday
346,2022-09-16,2022-09-16 13:15:00,Sell,17650,CE,143.8,-10,31.3,2022-09-22 09:15:00,17600.15,2022-09-16,2022-09-16 15:15:00,Buy,17900.0,CE,47.8,10.0,7.4,2022-09-22 09:15:00,2022-09-22,4,Friday
347,2022-09-16,2022-09-16 13:45:00,Sell,17600,CE,160.75,-10,56.15,2022-09-22 10:32:00,17571.9,2022-09-16,2022-09-16 15:15:00,Buy,17900.0,CE,47.8,10.0,2.25,2022-09-22 10:32:00,2022-09-22,4,Friday
348,2022-09-16,2022-09-16 14:15:00,Sell,17550,CE,169.5,-10,59.1,2022-09-22 11:51:00,17530.55,2022-09-16,2022-09-16 15:15:00,Buy,17900.0,CE,47.8,10.0,1.65,2022-09-22 11:51:00,2022-09-22,4,Friday
349,2022-09-19,2022-09-19 09:30:00,Sell,17500,CE,148.5,-10,128.65,2022-09-22 15:25:00,17468.45,2022-09-19,2022-09-19 15:15:00,Buy,17900.0,CE,37.45,10.0,0.05,2022-09-22 15:25:00,2022-09-22,3,Monday
350,2022-09-19,2022-09-19 10:00:00,Sell,17550,PE,124.0,-10,42.95,2022-09-20 09:20:00,17612.25,2022-09-19,2022-09-19 15:15:00,Buy,17300.0,PE,43.2,10.0,14.85,2022-09-20 09:20:00,2022-09-22,3,Monday
351,2022-09-19,2022-09-19 10:00:00,Sell,17600,PE,146.05,-10,50.3,2022-09-20 09:22:00,17612.25,2022-09-19,2022-09-19 15:15:00,Buy,17300.0,PE,43.2,10.0,14.35,2022-09-20 09:22:00,2022-09-22,3,Monday
352,2022-09-19,2022-09-19 10:45:00,Sell,17650,PE,144.15,-10,50.0,2022-09-20 09:48:00,17651.25,2022-09-19,2022-09-19 15:15:00,Buy,17300.0,PE,43.2,10.0,10.9,2022-09-20 09:48:00,2022-09-22,3,Monday
353,2022-09-19,2022-09-19 11:45:00,Sell,17600,CE,146.0,-10,50.0,2022-09-22 11:22:00,17591.4,2022-09-19,2022-09-19 15:15:00,Buy,17900.0,CE,37.45,10.0,2.15,2022-09-22 11:22:00,2022-09-22,3,Monday
354,2022-09-19,2022-09-19 14:00:00,Sell,17650,PE,142.3,-10,49.8,2022-09-20 09:50:00,17657.65,2022-09-19,2022-09-19 15:15:00,Buy,17300.0,PE,43.2,10.0,11.25,2022-09-20 09:50:00,2022-09-22,3,Monday
355,2022-09-20,2022-09-20 09:30:00,Sell,17700,PE,77.65,-10,26.4,2022-09-22 14:05:00,17810.5,2022-09-20,2022-09-20 15:15:00,Buy,17500.0,PE,27.2,10.0,1.7,2022-09-22 14:05:00,2022-09-22,2,Tuesday
356,2022-09-20,2022-09-20 09:30:00,Sell,17750,PE,95.95,-10,121.4,2022-09-22 15:25:00,17810.5,2022-09-20,2022-09-20 15:15:00,Buy,17500.0,PE,27.2,10.0,0.05,2022-09-22 15:25:00,2022-09-22,2,Tuesday
357,2022-09-20,2022-09-20 09:30:00,Sell,17800,PE,117.05,-10,171.45,2022-09-22 15:25:00,17810.5,2022-09-20,2022-09-20 15:15:00,Buy,17500.0,PE,27.2,10.0,0.05,2022-09-22 15:25:00,2022-09-22,2,Tuesday
358,2022-09-20,2022-09-20 10:15:00,Sell,17850,PE,112.65,-10,220.8,2022-09-22 15:25:00,17856.45,2022-09-20,2022-09-20 15:15:00,Buy,17500.0,PE,27.2,10.0,0.05,2022-09-22 15:25:00,2022-09-22,2,Tuesday
359,2022-09-20,2022-09-20 12:45:00,Sell,17900,PE,108.75,-10,271.55,2022-09-22 15:25:00,17911.35,2022-09-20,2022-09-20 15:15:00,Buy,17500.0,PE,27.2,10.0,0.05,2022-09-22 15:25:00,2022-09-22,2,Tuesday
360,2022-09-20,2022-09-20 15:15:00,Sell,17850,CE,90.35,-10,17.35,2022-09-22 09:15:00,17805.05,2022-09-20,2022-09-20 15:15:00,Buy,18050.0,CE,26.05,10.0,2.55,2022-09-22 09:15:00,2022-09-22,2,Tuesday
361,2022-09-21,2022-09-21 09:45:00,Sell,17800,CE,101.6,-10,25.0,2022-09-22 09:15:00,17787.45,2022-09-21,2022-09-21 15:15:00,Buy,17950.0,CE,30.9,10.0,8.85,2022-09-22 09:15:00,2022-09-22,1,Wednesday
362,2022-09-21,2022-09-21 11:45:00,Sell,17750,CE,111.6,-10,36.8,2022-09-22 09:16:00,17748.0,2022-09-21,2022-09-21 15:15:00,Buy,17950.0,CE,30.9,10.0,5.45,2022-09-22 09:16:00,2022-09-22,1,Wednesday
363,2022-09-21,2022-09-21 12:00:00,Sell,17700,CE,118.5,-10,39.8,2022-09-22 09:17:00,17699.05,2022-09-21,2022-09-21 15:15:00,Buy,17950.0,CE,30.9,10.0,3.6,2022-09-22 09:17:00,2022-09-22,1,Wednesday
364,2022-09-21,2022-09-21 13:45:00,Sell,17750,PE,115.6,-10,121.4,2022-09-22 15:25:00,17753.25,2022-09-21,2022-09-21 15:15:00,Buy,17450.0,PE,37.25,10.0,0.1,2022-09-22 15:25:00,2022-09-22,1,Wednesday
365,2022-09-22,2022-09-22 09:30:00,Sell,17700,CE,53.4,-10,17.65,2022-09-22 11:13:00,17662.75,,,,,,,,,,2022-09-22,0,Thursday
366,2022-09-22,2022-09-22 10:30:00,Sell,17650,CE,40.1,-10,13.3,2022-09-22 12:01:00,17621.9,,,,,,,,,,2022-09-22,0,Thursday
367,2022-09-22,2022-09-22 11:30:00,Sell,17600,CE,38.15,-10,28.7,2022-09-22 15:25:00,17572.95,2022-09-22,2022-09-22 15:15:00,Buy,17650.0,CE,0.35,10.0,0.1,2022-09-22 15:25:00,2022-09-22,0,Thursday
368,2022-09-22,2022-09-22 13:45:00,Sell,17650,PE,24.75,-10,8.6,2022-09-22 14:24:00,17661.2,,,,,,,,,,2022-09-22,0,Thursday
369,2022-09-23,2022-09-23 09:30:00,Sell,17550,CE,161.45,-10,42.7,2022-09-26 09:16:00,17550.0,2022-09-23,2022-09-23 15:15:00,Buy,17700.0,CE,52.9,10.0,22.7,2022-09-26 09:16:00,2022-09-29,4,Friday
370,2022-09-23,2022-09-23 09:30:00,Sell,17550,PE,176.35,-10,732.6,2022-09-29 15:25:00,17550.0,2022-09-23,2022-09-23 15:15:00,Buy,16950.0,PE,56.0,10.0,132.0,2022-09-29 15:25:00,2022-09-29,4,Friday
371,2022-09-23,2022-09-23 09:45:00,Sell,17500,CE,161.05,-10,52.4,2022-09-26 09:16:00,17466.5,2022-09-23,2022-09-23 15:15:00,Buy,17700.0,CE,52.9,10.0,22.7,2022-09-26 09:16:00,2022-09-29,4,Friday
372,2022-09-23,2022-09-23 10:45:00,Sell,17450,CE,174.15,-10,53.4,2022-09-26 09:17:00,17436.55,2022-09-23,2022-09-23 15:15:00,Buy,17700.0,CE,52.9,10.0,18.8,2022-09-26 09:17:00,2022-09-29,4,Friday
373,2022-09-23,2022-09-23 12:45:00,Sell,17400,CE,182.35,-10,61.95,2022-09-26 09:19:00,17396.3,2022-09-23,2022-09-23 15:15:00,Buy,17700.0,CE,52.9,10.0,17.65,2022-09-26 09:19:00,2022-09-29,4,Friday
374,2022-09-23,2022-09-23 14:30:00,Sell,17350,CE,172.45,-10,58.9,2022-09-26 09:43:00,17324.2,2022-09-23,2022-09-23 15:15:00,Buy,17700.0,CE,52.9,10.0,15.75,2022-09-26 09:43:00,2022-09-29,4,Friday
375,2022-09-26,2022-09-26 09:30:00,Sell,17300,CE,99.75,-10,34.75,2022-09-27 10:47:00,17158.55,2022-09-26,2022-09-26 15:15:00,Buy,17350.0,CE,38.8,10.0,26.6,2022-09-27 10:47:00,2022-09-29,3,Monday
376,2022-09-26,2022-09-26 09:30:00,Sell,17250,CE,119.25,-10,41.35,2022-09-27 10:55:00,17158.55,2022-09-26,2022-09-26 15:15:00,Buy,17350.0,CE,38.8,10.0,24.2,2022-09-27 10:55:00,2022-09-29,3,Monday
377,2022-09-26,2022-09-26 09:30:00,Sell,17200,CE,141.65,-10,48.65,2022-09-27 11:06:00,17158.55,2022-09-26,2022-09-26 15:15:00,Buy,17350.0,CE,38.8,10.0,22.5,2022-09-27 11:06:00,2022-09-29,3,Monday
378,2022-09-26,2022-09-26 09:45:00,Sell,17150,CE,120.65,-10,14.05,2022-09-28 09:15:00,17060.5,2022-09-26,2022-09-26 15:15:00,Buy,17350.0,CE,38.8,10.0,16.65,2022-09-28 09:15:00,2022-09-29,3,Monday
379,2022-09-26,2022-09-26 09:45:00,Sell,17100,CE,143.15,-10,18.9,2022-09-28 09:15:00,17060.5,2022-09-26,2022-09-26 15:15:00,Buy,17350.0,CE,38.8,10.0,16.65,2022-09-28 09:15:00,2022-09-29,3,Monday
380,2022-09-26,2022-09-26 10:00:00,Sell,17050,CE,153.5,-10,42.4,2022-09-28 09:16:00,17045.35,2022-09-26,2022-09-26 15:15:00,Buy,17350.0,CE,38.8,10.0,8.65,2022-09-28 09:16:00,2022-09-29,3,Monday
381,2022-09-26,2022-09-26 11:15:00,Sell,17000,CE,161.3,-10,55.8,2022-09-28 09:17:00,16996.95,2022-09-26,2022-09-26 15:15:00,Buy,17350.0,CE,38.8,10.0,8.5,2022-09-28 09:17:00,2022-09-29,3,Monday
382,2022-09-26,2022-09-26 12:15:00,Sell,17050,PE,148.65,-10,232.6,2022-09-29 15:25:00,17065.35,2022-09-26,2022-09-26 15:15:00,Buy,16700.0,PE,40.7,10.0,0.05,2022-09-29 15:25:00,2022-09-29,3,Monday
383,2022-09-26,2022-09-26 12:45:00,Sell,17100,PE,130.85,-10,282.05,2022-09-29 15:25:00,17136.15,2022-09-26,2022-09-26 15:15:00,Buy,16700.0,PE,40.7,10.0,0.05,2022-09-29 15:25:00,2022-09-29,3,Monday
384,2022-09-26,2022-09-26 13:15:00,Sell,17150,PE,136.1,-10,331.55,2022-09-29 15:25:00,17162.5,2022-09-26,2022-09-26 15:15:00,Buy,16700.0,PE,40.7,10.0,0.05,2022-09-29 15:25:00,2022-09-29,3,Monday
385,2022-09-26,2022-09-26 13:30:00,Sell,17100,CE,144.9,-10,18.9,2022-09-28 09:15:00,17088.2,2022-09-26,2022-09-26 15:15:00,Buy,17350.0,CE,38.8,10.0,16.65,2022-09-28 09:15:00,2022-09-29,3,Monday
386,2022-09-26,2022-09-26 15:15:00,Sell,17050,CE,136.9,-10,42.4,2022-09-28 09:16:00,17020.35,2022-09-26,2022-09-26 15:15:00,Buy,17350.0,CE,38.8,10.0,8.65,2022-09-28 09:16:00,2022-09-29,3,Monday
387,2022-09-27,2022-09-27 09:30:00,Sell,17100,PE,106.8,-10,282.05,2022-09-29 15:25:00,17146.5,2022-09-27,2022-09-27 15:15:00,Buy,16800.0,PE,39.45,10.0,0.05,2022-09-29 15:25:00,2022-09-29,2,Tuesday
388,2022-09-27,2022-09-27 10:15:00,Sell,17050,CE,125.7,-10,42.4,2022-09-28 09:16:00,17032.05,2022-09-27,2022-09-27 15:15:00,Buy,17250.0,CE,36.8,10.0,13.55,2022-09-28 09:16:00,2022-09-29,2,Tuesday
389,2022-09-27,2022-09-27 11:15:00,Sell,17000,CE,112.75,-10,38.6,2022-09-28 14:36:00,16946.8,2022-09-27,2022-09-27 15:15:00,Buy,17250.0,CE,36.8,10.0,4.85,2022-09-28 14:36:00,2022-09-29,2,Tuesday
390,2022-09-27,2022-09-27 11:15:00,Sell,16950,CE,136.4,-10,44.4,2022-09-28 09:15:00,16946.8,2022-09-27,2022-09-27 15:15:00,Buy,17250.0,CE,36.8,10.0,18.0,2022-09-28 09:15:00,2022-09-29,2,Tuesday
391,2022-09-27,2022-09-27 11:45:00,Sell,17000,PE,116.55,-10,181.9,2022-09-29 15:25:00,17018.0,2022-09-27,2022-09-27 15:15:00,Buy,16800.0,PE,39.45,10.0,0.05,2022-09-29 15:25:00,2022-09-29,2,Tuesday
392,2022-09-27,2022-09-27 12:15:00,Sell,17050,PE,119.25,-10,232.6,2022-09-29 15:25:00,17055.1,2022-09-27,2022-09-27 15:15:00,Buy,16800.0,PE,39.45,10.0,0.05,2022-09-29 15:25:00,2022-09-29,2,Tuesday
393,2022-09-27,2022-09-27 14:45:00,Sell,17000,CE,115.75,-10,40.2,2022-09-28 14:35:00,16996.05,2022-09-27,2022-09-27 15:15:00,Buy,17250.0,CE,36.8,10.0,4.95,2022-09-28 14:35:00,2022-09-29,2,Tuesday
394,2022-09-28,2022-09-28 09:30:00,Sell,16950,CE,69.6,-10,24.05,2022-09-29 11:51:00,16882.9,2022-09-28,2022-09-28 15:15:00,Buy,17000.0,CE,27.6,10.0,12.9,2022-09-29 11:51:00,2022-09-29,1,Wednesday
395,2022-09-28,2022-09-28 09:30:00,Sell,16900,CE,92.7,-10,29.0,2022-09-29 12:35:00,16882.9,2022-09-28,2022-09-28 15:15:00,Buy,17000.0,CE,27.6,10.0,7.35,2022-09-29 12:35:00,2022-09-29,1,Wednesday
396,2022-09-28,2022-09-28 10:15:00,Sell,16950,PE,96.4,-10,28.8,2022-09-29 09:16:00,16959.7,2022-09-28,2022-09-28 15:15:00,Buy,16700.0,PE,27.25,10.0,2.8,2022-09-29 09:16:00,2022-09-29,1,Wednesday
397,2022-09-28,2022-09-28 11:45:00,Sell,17000,PE,97.1,-10,181.9,2022-09-29 15:25:00,17000.25,2022-09-28,2022-09-28 15:15:00,Buy,16700.0,PE,27.25,10.0,0.05,2022-09-29 15:25:00,2022-09-29,1,Wednesday
398,2022-09-28,2022-09-28 14:00:00,Sell,16950,CE,72.25,-10,24.05,2022-09-29 11:51:00,16940.15,2022-09-28,2022-09-28 15:15:00,Buy,17000.0,CE,27.6,10.0,12.9,2022-09-29 11:51:00,2022-09-29,1,Wednesday
399,2022-09-28,2022-09-28 14:45:00,Sell,16900,CE,77.1,-10,24.45,2022-09-29 12:36:00,16894.15,2022-09-28,2022-09-28 15:15:00,Buy,17000.0,CE,27.6,10.0,6.15,2022-09-29 12:36:00,2022-09-29,1,Wednesday
400,2022-09-29,2022-09-29 09:30:00,Sell,16950,PE,44.35,-10,132.0,2022-09-29 15:25:00,16974.05,2022-09-29,2022-09-29 15:15:00,Buy,16800.0,PE,0.5,10.0,0.05,2022-09-29 15:25:00,2022-09-29,0,Thursday
401,2022-09-29,2022-09-29 09:45:00,Sell,17000,PE,50.45,-10,181.9,2022-09-29 15:25:00,17004.05,2022-09-29,2022-09-29 15:15:00,Buy,16800.0,PE,0.5,10.0,0.05,2022-09-29 15:25:00,2022-09-29,0,Thursday
402,2022-09-29,2022-09-29 10:45:00,Sell,16950,CE,48.75,-10,14.65,2022-09-29 12:35:00,16941.75,,,,,,,,,,2022-09-29,0,Thursday
403,2022-09-29,2022-09-29 12:00:00,Sell,16900,CE,34.15,-10,10.95,2022-09-29 13:08:00,16876.05,,,,,,,,,,2022-09-29,0,Thursday
404,2022-09-29,2022-09-29 13:00:00,Sell,16850,CE,34.65,-10,12.05,2022-09-29 14:25:00,16838.55,,,,,,,,,,2022-09-29,0,Thursday
0,2021-12-31,2021-12-31 09:30:00,Sell,17300,CE,139.0,-10,446.2,2022-01-06 15:25:00,17300.0,2021-12-31,2021-12-31 15:15:00,Buy,17550.0,CE,43.45,10.0,195.5,2022-01-06 15:25:00,2022-01-06,4,Friday
1,2021-12-31,2021-12-31 09:30:00,Sell,17300,PE,130.0,-10,45.0,2022-01-03 09:47:00,17300.0,2021-12-31,2021-12-31 15:15:00,Buy,17100.0,PE,43.1,10.0,17.45,2022-01-03 09:47:00,2022-01-06,4,Friday
2,2021-12-31,2021-12-31 10:15:00,Sell,17350,PE,123.8,-10,43.05,2022-01-03 11:14:00,17350.65,2021-12-31,2021-12-31 15:15:00,Buy,17100.0,PE,43.1,10.0,14.8,2022-01-03 11:14:00,2022-01-06,4,Friday
3,2022-01-03,2022-01-03 09:30:00,Sell,17400,PE,79.4,-10,22.6,2022-01-04 09:16:00,17462.7,2022-01-03,2022-01-03 15:15:00,Buy,17350.0,PE,26.8,10.0,16.8,2022-01-04 09:16:00,2022-01-06,3,Monday
4,2022-01-03,2022-01-03 09:30:00,Sell,17450,PE,99.45,-10,30.5,2022-01-04 09:16:00,17462.7,2022-01-03,2022-01-03 15:15:00,Buy,17350.0,PE,26.8,10.0,16.8,2022-01-04 09:16:00,2022-01-06,3,Monday
5,2022-01-03,2022-01-03 10:30:00,Sell,17500,PE,98.75,-10,32.0,2022-01-04 09:17:00,17512.65,2022-01-03,2022-01-03 15:15:00,Buy,17350.0,PE,26.8,10.0,13.25,2022-01-04 09:17:00,2022-01-06,3,Monday
6,2022-01-03,2022-01-03 12:45:00,Sell,17550,PE,94.45,-10,33.0,2022-01-04 10:17:00,17567.55,2022-01-03,2022-01-03 15:15:00,Buy,17350.0,PE,26.8,10.0,12.3,2022-01-04 10:17:00,2022-01-06,3,Monday
7,2022-01-03,2022-01-03 14:15:00,Sell,17600,PE,91.65,-10,30.75,2022-01-04 14:31:00,17611.55,2022-01-03,2022-01-03 15:15:00,Buy,17350.0,PE,26.8,10.0,8.8,2022-01-04 14:31:00,2022-01-06,3,Monday
8,2022-01-04,2022-01-04 09:30:00,Sell,17650,PE,78.5,-10,27.15,2022-01-04 15:18:00,17688.15,2022-01-04,2022-01-04 15:15:00,Buy,17600.0,PE,22.4,10.0,20.7,2022-01-04 15:18:00,2022-01-06,2,Tuesday
9,2022-01-04,2022-01-04 10:00:00,Sell,17700,PE,91.5,-10,31.35,2022-01-05 09:47:00,17701.9,2022-01-04,2022-01-04 15:15:00,Buy,17600.0,PE,22.4,10.0,15.35,2022-01-05 09:47:00,2022-01-06,2,Tuesday
10,2022-01-04,2022-01-04 14:45:00,Sell,17750,PE,63.5,-10,21.7,2022-01-05 12:34:00,17771.9,2022-01-04,2022-01-04 15:15:00,Buy,17600.0,PE,22.4,10.0,8.9,2022-01-05 12:34:00,2022-01-06,2,Tuesday
11,2022-01-05,2022-01-05 09:30:00,Sell,17800,PE,65.85,-10,22.35,2022-01-05 13:15:00,17821.95,,,,,,,,,,2022-01-06,1,Wednesday
12,2022-01-05,2022-01-05 12:15:00,Sell,17850,PE,57.7,-10,104.6,2022-01-06 15:25:00,17864.05,2022-01-05,2022-01-05 15:15:00,Buy,17800.0,PE,14.55,10.0,54.6,2022-01-06 15:25:00,2022-01-06,1,Wednesday
13,2022-01-05,2022-01-05 13:00:00,Sell,17900,PE,59.65,-10,154.9,2022-01-06 15:25:00,17910.95,2022-01-05,2022-01-05 15:15:00,Buy,17800.0,PE,14.55,10.0,54.6,2022-01-06 15:25:00,2022-01-06,1,Wednesday
14,2022-01-06,2022-01-06 09:30:00,Sell,17850,CE,9.1,-10,3.0,2022-01-06 10:39:00,17719.85,,,,,,,,,,2022-01-06,0,Thursday
15,2022-01-06,2022-01-06 09:30:00,Sell,17800,CE,18.45,-10,6.3,2022-01-06 10:42:00,17719.85,,,,,,,,,,2022-01-06,0,Thursday
16,2022-01-06,2022-01-06 09:30:00,Sell,17750,CE,35.35,-10,11.8,2022-01-06 10:46:00,17719.85,,,,,,,,,,2022-01-06,0,Thursday
17,2022-01-06,2022-01-06 10:30:00,Sell,17700,CE,37.75,-10,12.6,2022-01-06 12:31:00,17687.65,,,,,,,,,,2022-01-06,0,Thursday
18,2022-01-06,2022-01-06 14:30:00,Sell,17750,PE,9.35,-10,3.25,2022-01-06 15:07:00,17773.9,,,,,,,,,,2022-01-06,0,Thursday
19,2022-01-07,2022-01-07 09:30:00,Sell,17850,CE,151.7,-10,407.25,2022-01-13 15:25:00,17850.0,2022-01-07,2022-01-07 15:15:00,Buy,18100.0,CE,41.3,10.0,158.65,2022-01-13 15:25:00,2022-01-13,4,Friday
20,2022-01-07,2022-01-07 09:30:00,Sell,17850,PE,135.75,-10,47.05,2022-01-11 09:16:00,17850.0,2022-01-07,2022-01-07 15:15:00,Buy,17500.0,PE,39.6,10.0,8.8,2022-01-11 09:16:00,2022-01-13,4,Friday
21,2022-01-07,2022-01-07 12:15:00,Sell,17800,CE,141.75,-10,458.9,2022-01-13 15:25:00,17796.0,2022-01-07,2022-01-07 15:15:00,Buy,18100.0,CE,41.3,10.0,158.65,2022-01-13 15:25:00,2022-01-13,4,Friday
22,2022-01-07,2022-01-07 12:45:00,Sell,17750,CE,135.1,-10,508.85,2022-01-13 15:25:00,17728.5,2022-01-07,2022-01-07 15:15:00,Buy,18100.0,CE,41.3,10.0,158.65,2022-01-13 15:25:00,2022-01-13,4,Friday
23,2022-01-07,2022-01-07 15:15:00,Sell,17800,PE,129.35,-10,43.4,2022-01-10 14:47:00,17810.4,2022-01-07,2022-01-07 15:15:00,Buy,17500.0,PE,39.6,10.0,10.7,2022-01-10 14:47:00,2022-01-13,4,Friday
24,2022-01-10,2022-01-10 09:30:00,Sell,17850,PE,109.35,-10,37.5,2022-01-11 11:24:00,17888.25,2022-01-10,2022-01-10 15:15:00,Buy,17750.0,PE,30.9,10.0,22.35,2022-01-11 11:24:00,2022-01-13,3,Monday
25,2022-01-10,2022-01-10 09:45:00,Sell,17900,PE,111.05,-10,38.4,2022-01-11 13:11:00,17913.9,2022-01-10,2022-01-10 15:15:00,Buy,17750.0,PE,30.9,10.0,17.35,2022-01-11 13:11:00,2022-01-13,3,Monday
26,2022-01-10,2022-01-10 10:15:00,Sell,17950,PE,105.1,-10,35.0,2022-01-12 09:15:00,17967.1,2022-01-10,2022-01-10 15:15:00,Buy,17750.0,PE,30.9,10.0,9.0,2022-01-12 09:15:00,2022-01-13,3,Monday
27,2022-01-10,2022-01-10 15:15:00,Sell,18000,PE,102.45,-10,22.65,2022-01-12 09:16:00,18004.3,2022-01-10,2022-01-10 15:15:00,Buy,17750.0,PE,30.9,10.0,5.0,2022-01-12 09:16:00,2022-01-13,3,Monday
28,2022-01-11,2022-01-11 11:30:00,Sell,18050,PE,96.2,-10,32.85,2022-01-12 09:16:00,18052.2,2022-01-11,2022-01-11 15:15:00,Buy,17850.0,PE,27.9,10.0,7.3,2022-01-12 09:16:00,2022-01-13,2,Tuesday
29,2022-01-12,2022-01-12 09:30:00,Sell,18100,PE,47.3,-10,11.95,2022-01-13 09:15:00,18152.05,2022-01-12,2022-01-12 15:15:00,Buy,18100.0,PE,20.35,10.0,11.95,2022-01-13 09:15:00,2022-01-13,1,Wednesday
30,2022-01-12,2022-01-12 09:30:00,Sell,18150,PE,66.85,-10,21.05,2022-01-13 09:18:00,18152.05,2022-01-12,2022-01-12 15:15:00,Buy,18100.0,PE,20.35,10.0,11.7,2022-01-13 09:18:00,2022-01-13,1,Wednesday
31,2022-01-12,2022-01-12 11:45:00,Sell,18200,PE,58.8,-10,15.2,2022-01-13 09:15:00,18208.9,2022-01-12,2022-01-12 15:15:00,Buy,18100.0,PE,20.35,10.0,11.95,2022-01-13 09:15:00,2022-01-13,1,Wednesday
32,2022-01-13,2022-01-13 09:45:00,Sell,18250,PE,30.4,-10,9.85,2022-01-13 15:02:00,18264.45,,,,,,,,,,2022-01-13,0,Thursday
33,2022-01-13,2022-01-13 10:15:00,Sell,18200,CE,41.85,-10,58.9,2022-01-13 15:25:00,18197.2,2022-01-13,2022-01-13 15:15:00,Buy,18250.0,CE,11.5,10.0,8.95,2022-01-13 15:25:00,2022-01-13,0,Thursday
34,2022-01-13,2022-01-13 12:15:00,Sell,18250,PE,29.35,-10,9.85,2022-01-13 15:02:00,18250.4,,,,,,,,,,2022-01-13,0,Thursday
35,2022-01-13,2022-01-13 13:30:00,Sell,18200,CE,23.2,-10,58.9,2022-01-13 15:25:00,18195.9,2022-01-13,2022-01-13 15:15:00,Buy,18250.0,CE,11.5,10.0,8.95,2022-01-13 15:25:00,2022-01-13,0,Thursday
36,2022-01-13,2022-01-13 15:15:00,Sell,18250,PE,0.9,-10,0.3,2022-01-13 15:22:00,18269.2,2022-01-13,2022-01-13 15:15:00,Buy,18250.0,PE,0.9,10.0,0.3,2022-01-13 15:22:00,2022-01-13,0,Thursday
37,2022-01-14,2022-01-14 09:30:00,Sell,18200,CE,128.55,-10,29.95,2022-01-19 09:15:00,18200.0,2022-01-14,2022-01-14 15:15:00,Buy,18500.0,CE,43.15,10.0,5.9,2022-01-19 09:15:00,2022-01-20,4,Friday
38,2022-01-14,2022-01-14 09:30:00,Sell,18200,PE,143.85,-10,47.7,2022-01-17 15:30:00,18200.0,2022-01-14,2022-01-14 15:15:00,Buy,18000.0,PE,39.05,10.0,15.5,2022-01-17 15:30:00,2022-01-20,4,Friday
39,2022-01-14,2022-01-14 15:00:00,Sell,18250,PE,117.35,-10,493.0,2022-01-20 15:25:00,18259.05,2022-01-14,2022-01-14 15:15:00,Buy,18000.0,PE,39.05,10.0,244.0,2022-01-20 15:25:00,2022-01-20,4,Friday
40,2022-01-17,2022-01-17 11:00:00,Sell,18300,PE,106.0,-10,543.0,2022-01-20 15:25:00,18303.2,2022-01-17,2022-01-17 15:15:00,Buy,18100.0,PE,31.85,10.0,343.0,2022-01-20 15:25:00,2022-01-20,3,Monday
41,2022-01-18,2022-01-18 10:00:00,Sell,18250,CE,87.0,-10,21.4,2022-01-19 09:16:00,18219.15,2022-01-18,2022-01-18 15:15:00,Buy,18300.0,CE,28.45,10.0,13.95,2022-01-19 09:16:00,2022-01-20,2,Tuesday
42,2022-01-18,2022-01-18 13:15:00,Sell,18300,PE,82.7,-10,543.0,2022-01-20 15:25:00,18310.4,2022-01-18,2022-01-18 15:15:00,Buy,17850.0,PE,22.45,10.0,93.15,2022-01-20 15:25:00,2022-01-20,2,Tuesday
43,2022-01-18,2022-01-18 14:30:00,Sell,18250,CE,91.75,-10,21.4,2022-01-19 09:16:00,18247.7,2022-01-18,2022-01-18 15:15:00,Buy,18300.0,CE,28.45,10.0,13.95,2022-01-19 09:16:00,2022-01-20,2,Tuesday
44,2022-01-18,2022-01-18 15:00:00,Sell,18200,CE,74.9,-10,25.15,2022-01-19 09:33:00,18141.0,2022-01-18,2022-01-18 15:15:00,Buy,18300.0,CE,28.45,10.0,10.95,2022-01-19 09:33:00,2022-01-20,2,Tuesday
45,2022-01-18,2022-01-18 15:00:00,Sell,18150,CE,98.45,-10,33.65,2022-01-19 09:35:00,18141.0,2022-01-18,2022-01-18 15:15:00,Buy,18300.0,CE,28.45,10.0,10.2,2022-01-19 09:35:00,2022-01-20,2,Tuesday
46,2022-01-18,2022-01-18 15:15:00,Sell,18100,CE,98.75,-10,31.4,2022-01-19 09:43:00,18097.3,2022-01-18,2022-01-18 15:15:00,Buy,18300.0,CE,28.45,10.0,7.8,2022-01-19 09:43:00,2022-01-20,2,Tuesday
47,2022-01-19,2022-01-19 09:45:00,Sell,18050,CE,46.75,-10,12.5,2022-01-20 09:15:00,17964.9,2022-01-19,2022-01-19 15:15:00,Buy,18050.0,CE,21.4,10.0,12.5,2022-01-20 09:15:00,2022-01-20,1,Wednesday
48,2022-01-19,2022-01-19 09:45:00,Sell,18000,CE,66.45,-10,18.5,2022-01-20 09:16:00,17964.9,2022-01-19,2022-01-19 15:15:00,Buy,18050.0,CE,21.4,10.0,8.9,2022-01-20 09:16:00,2022-01-20,1,Wednesday
49,2022-01-19,2022-01-19 10:00:00,Sell,18050,PE,77.2,-10,293.1,2022-01-20 15:25:00,18050.45,2022-01-19,2022-01-19 15:15:00,Buy,17850.0,PE,19.95,10.0,93.15,2022-01-20 15:25:00,2022-01-20,1,Wednesday
50,2022-01-19,2022-01-19 11:00:00,Sell,18000,CE,62.25,-10,18.5,2022-01-20 09:16:00,17977.35,2022-01-19,2022-01-19 15:15:00,Buy,18050.0,CE,21.4,10.0,8.9,2022-01-20 09:16:00,2022-01-20,1,Wednesday
51,2022-01-19,2022-01-19 12:45:00,Sell,17950,CE,56.2,-10,18.5,2022-01-20 09:25:00,17900.05,2022-01-19,2022-01-19 15:15:00,Buy,18050.0,CE,21.4,10.0,4.15,2022-01-20 09:25:00,2022-01-20,1,Wednesday
52,2022-01-19,2022-01-19 13:00:00,Sell,17900,CE,75.85,-10,26.05,2022-01-20 09:56:00,17898.6,2022-01-19,2022-01-19 15:15:00,Buy,18050.0,CE,21.4,10.0,3.4,2022-01-20 09:56:00,2022-01-20,1,Wednesday
53,2022-01-19,2022-01-19 14:45:00,Sell,17950,PE,55.1,-10,193.3,2022-01-20 15:25:00,17955.3,2022-01-19,2022-01-19 15:15:00,Buy,17850.0,PE,19.95,10.0,93.15,2022-01-20 15:25:00,2022-01-20,1,Wednesday
54,2022-01-20,2022-01-20 09:30:00,Sell,17900,CE,35.05,-10,12.0,2022-01-20 11:11:00,17876.45,,,,,,,,,,2022-01-20,0,Thursday
55,2022-01-20,2022-01-20 10:15:00,Sell,17850,CE,39.6,-10,11.4,2022-01-20 12:12:00,17843.45,,,,,,,,,,2022-01-20,0,Thursday
56,2022-01-20,2022-01-20 11:30:00,Sell,17800,CE,39.3,-10,13.05,2022-01-20 13:18:00,17784.95,,,,,,,,,,2022-01-20,0,Thursday
57,2022-01-20,2022-01-20 13:30:00,Sell,17750,CE,23.9,-10,7.9,2022-01-20 14:01:00,17724.75,,,,,,,,,,2022-01-20,0,Thursday
58,2022-01-20,2022-01-20 13:45:00,Sell,17700,CE,37.0,-10,11.4,2022-01-20 14:39:00,17698.0,,,,,,,,,,2022-01-20,0,Thursday
59,2022-01-20,2022-01-20 15:15:00,Sell,17750,PE,0.8,-10,0.25,2022-01-20 15:16:00,17765.55,2022-01-20,2022-01-20 15:15:00,Buy,17700.0,PE,0.2,10.0,0.15,2022-01-20 15:16:00,2022-01-20,0,Thursday
60,2022-01-21,2022-01-21 09:30:00,Sell,17550,CE,177.8,-10,59.75,2022-01-24 12:19:00,17550.0,2022-01-21,2022-01-21 15:15:00,Buy,17900.0,CE,41.7,10.0,12.0,2022-01-24 12:19:00,2022-01-27,4,Friday
61,2022-01-21,2022-01-21 09:30:00,Sell,17550,PE,167.2,-10,442.25,2022-01-27 15:25:00,17550.0,2022-01-21,2022-01-21 15:15:00,Buy,17300.0,PE,48.65,10.0,191.7,2022-01-27 15:25:00,2022-01-27,4,Friday
62,2022-01-21,2022-01-21 09:45:00,Sell,17600,PE,146.5,-10,491.25,2022-01-27 15:25:00,17622.4,2022-01-21,2022-01-21 15:15:00,Buy,17300.0,PE,48.65,10.0,191.7,2022-01-27 15:25:00,2022-01-27,4,Friday
63,2022-01-21,2022-01-21 10:00:00,Sell,17650,PE,145.6,-10,541.9,2022-01-27 15:25:00,17669.2,2022-01-21,2022-01-21 15:15:00,Buy,17300.0,PE,48.65,10.0,191.7,2022-01-27 15:25:00,2022-01-27,4,Friday
64,2022-01-21,2022-01-21 10:45:00,Sell,17600,CE,157.45,-10,54.85,2022-01-24 11:47:00,17578.1,2022-01-21,2022-01-21 15:15:00,Buy,17900.0,CE,41.7,10.0,12.8,2022-01-24 11:47:00,2022-01-27,4,Friday
65,2022-01-21,2022-01-21 12:15:00,Sell,17650,PE,146.4,-10,541.9,2022-01-27 15:25:00,17652.0,2022-01-21,2022-01-21 15:15:00,Buy,17300.0,PE,48.65,10.0,191.7,2022-01-27 15:25:00,2022-01-27,4,Friday
66,2022-01-21,2022-01-21 14:30:00,Sell,17600,CE,148.15,-10,51.55,2022-01-24 12:12:00,17573.65,2022-01-21,2022-01-21 15:15:00,Buy,17900.0,CE,41.7,10.0,12.6,2022-01-24 12:12:00,2022-01-27,4,Friday
67,2022-01-21,2022-01-21 14:45:00,Sell,17550,CE,146.35,-10,50.05,2022-01-24 13:10:00,17515.3,2022-01-21,2022-01-21 15:15:00,Buy,17900.0,CE,41.7,10.0,10.35,2022-01-24 13:10:00,2022-01-27,4,Friday
68,2022-01-21,2022-01-21 15:15:00,Sell,17600,PE,132.6,-10,491.25,2022-01-27 15:25:00,17615.2,2022-01-21,2022-01-21 15:15:00,Buy,17300.0,PE,48.65,10.0,191.7,2022-01-27 15:25:00,2022-01-27,4,Friday
69,2022-01-24,2022-01-24 09:30:00,Sell,17550,CE,113.35,-10,39.3,2022-01-24 13:57:00,17467.1,,,,,,,,,,2022-01-27,3,Monday
70,2022-01-24,2022-01-24 09:30:00,Sell,17500,CE,137.4,-10,46.25,2022-01-24 13:58:00,17467.1,,,,,,,,,,2022-01-27,3,Monday
71,2022-01-24,2022-01-24 10:00:00,Sell,17450,CE,143.3,-10,49.75,2022-01-24 14:42:00,17448.4,,,,,,,,,,2022-01-27,3,Monday
72,2022-01-24,2022-01-24 10:30:00,Sell,17400,CE,148.75,-10,50.6,2022-01-24 14:53:00,17389.4,,,,,,,,,,2022-01-27,3,Monday
73,2022-01-24,2022-01-24 12:00:00,Sell,17350,CE,144.6,-10,34.85,2022-01-25 09:15:00,17299.1,2022-01-24,2022-01-24 15:15:00,Buy,17500.0,CE,43.1,10.0,26.7,2022-01-25 09:15:00,2022-01-27,3,Monday
74,2022-01-24,2022-01-24 12:00:00,Sell,17300,CE,170.45,-10,49.7,2022-01-25 09:15:00,17299.1,2022-01-24,2022-01-24 15:15:00,Buy,17500.0,CE,43.1,10.0,26.7,2022-01-25 09:15:00,2022-01-27,3,Monday
75,2022-01-24,2022-01-24 12:30:00,Sell,17250,CE,177.1,-10,45.85,2022-01-25 09:16:00,17246.7,2022-01-24,2022-01-24 15:15:00,Buy,17500.0,CE,43.1,10.0,14.65,2022-01-25 09:16:00,2022-01-27,3,Monday
76,2022-01-24,2022-01-24 13:30:00,Sell,17200,CE,168.4,-10,57.2,2022-01-25 09:16:00,17184.15,2022-01-24,2022-01-24 15:15:00,Buy,17500.0,CE,43.1,10.0,14.65,2022-01-25 09:16:00,2022-01-27,3,Monday
77,2022-01-24,2022-01-24 14:00:00,Sell,17150,CE,163.2,-10,30.25,2022-01-27 09:15:00,17113.0,2022-01-24,2022-01-24 15:15:00,Buy,17500.0,CE,43.1,10.0,4.7,2022-01-27 09:15:00,2022-01-27,3,Monday
78,2022-01-24,2022-01-24 14:15:00,Sell,17100,CE,165.4,-10,50.2,2022-01-27 09:15:00,17007.65,2022-01-24,2022-01-24 15:15:00,Buy,17500.0,CE,43.1,10.0,4.7,2022-01-27 09:15:00,2022-01-27,3,Monday
79,2022-01-24,2022-01-24 14:15:00,Sell,17050,CE,190.0,-10,61.65,2022-01-27 09:16:00,17007.65,2022-01-24,2022-01-24 15:15:00,Buy,17500.0,CE,43.1,10.0,1.8,2022-01-27 09:16:00,2022-01-27,3,Monday
80,2022-01-24,2022-01-24 15:15:00,Sell,17100,PE,111.25,-10,38.5,2022-01-25 15:06:00,17179.2,2022-01-24,2022-01-24 15:15:00,Buy,16850.0,PE,44.65,10.0,14.0,2022-01-25 15:06:00,2022-01-27,3,Monday
81,2022-01-24,2022-01-24 15:15:00,Sell,17150,PE,130.5,-10,45.45,2022-01-25 15:15:00,17179.2,2022-01-24,2022-01-24 15:15:00,Buy,16850.0,PE,44.65,10.0,12.95,2022-01-25 15:15:00,2022-01-27,3,Monday
82,2022-01-25,2022-01-25 09:30:00,Sell,17100,CE,106.0,-10,36.95,2022-01-27 09:27:00,16982.0,2022-01-25,2022-01-25 15:15:00,Buy,17450.0,CE,36.4,10.0,1.85,2022-01-27 09:27:00,2022-01-27,2,Tuesday
83,2022-01-25,2022-01-25 09:30:00,Sell,17050,CE,129.8,-10,41.8,2022-01-27 09:32:00,16982.0,2022-01-25,2022-01-25 15:15:00,Buy,17450.0,CE,36.4,10.0,1.6,2022-01-27 09:32:00,2022-01-27,2,Tuesday
84,2022-01-25,2022-01-25 09:30:00,Sell,17000,CE,157.15,-10,53.6,2022-01-27 09:37:00,16982.0,2022-01-25,2022-01-25 15:15:00,Buy,17450.0,CE,36.4,10.0,1.65,2022-01-27 09:37:00,2022-01-27,2,Tuesday
85,2022-01-25,2022-01-25 09:45:00,Sell,17050,PE,124.3,-10,42.4,2022-01-25 14:22:00,17118.1,,,,,,,,,,2022-01-27,2,Tuesday
86,2022-01-25,2022-01-25 09:45:00,Sell,17100,PE,144.25,-10,50.05,2022-01-25 14:47:00,17118.1,,,,,,,,,,2022-01-27,2,Tuesday
87,2022-01-25,2022-01-25 10:00:00,Sell,17150,PE,130.4,-10,45.45,2022-01-25 15:15:00,17172.6,,,,,,,,,,2022-01-27,2,Tuesday
88,2022-01-25,2022-01-25 10:15:00,Sell,17100,CE,133.95,-10,41.3,2022-01-27 09:16:00,17072.95,2022-01-25,2022-01-25 15:15:00,Buy,17450.0,CE,36.4,10.0,2.0,2022-01-27 09:16:00,2022-01-27,2,Tuesday
89,2022-01-25,2022-01-25 11:00:00,Sell,17050,CE,125.85,-10,41.8,2022-01-27 09:32:00,17008.75,2022-01-25,2022-01-25 15:15:00,Buy,17450.0,CE,36.4,10.0,1.6,2022-01-27 09:32:00,2022-01-27,2,Tuesday
90,2022-01-25,2022-01-25 11:30:00,Sell,17100,PE,129.1,-10,44.4,2022-01-25 14:50:00,17106.5,,,,,,,,,,2022-01-27,2,Tuesday
91,2022-01-25,2022-01-25 13:30:00,Sell,17150,PE,110.9,-10,37.75,2022-01-27 14:29:00,17156.45,2022-01-25,2022-01-25 15:15:00,Buy,17100.0,PE,35.85,10.0,15.15,2022-01-27 14:29:00,2022-01-27,2,Tuesday
92,2022-01-25,2022-01-25 14:00:00,Sell,17200,PE,98.25,-10,91.05,2022-01-27 15:25:00,17216.5,2022-01-25,2022-01-25 15:15:00,Buy,17100.0,PE,35.85,10.0,0.25,2022-01-27 15:25:00,2022-01-27,2,Tuesday
93,2022-01-25,2022-01-25 15:00:00,Sell,17250,PE,96.5,-10,141.6,2022-01-27 15:25:00,17251.75,2022-01-25,2022-01-25 15:15:00,Buy,17100.0,PE,35.85,10.0,0.25,2022-01-27 15:25:00,2022-01-27,2,Tuesday
94,2022-01-27,2022-01-27 09:30:00,Sell,17200,CE,12.5,-10,4.15,2022-01-27 10:51:00,17015.6,,,,,,,,,,2022-01-27,0,Thursday
95,2022-01-27,2022-01-27 09:30:00,Sell,17150,CE,22.15,-10,7.2,2022-01-27 10:21:00,17015.6,,,,,,,,,,2022-01-27,0,Thursday
96,2022-01-27,2022-01-27 09:30:00,Sell,17100,CE,35.9,-10,12.55,2022-01-27 10:49:00,17015.6,,,,,,,,,,2022-01-27,0,Thursday
97,2022-01-27,2022-01-27 09:30:00,Sell,17050,CE,55.75,-10,18.35,2022-01-27 10:56:00,17015.6,,,,,,,,,,2022-01-27,0,Thursday
98,2022-01-27,2022-01-27 09:45:00,Sell,17000,CE,50.45,-10,17.05,2022-01-27 12:01:00,16964.15,,,,,,,,,,2022-01-27,0,Thursday
99,2022-01-27,2022-01-27 11:30:00,Sell,16950,CE,48.1,-10,16.35,2022-01-27 12:19:00,16947.3,,,,,,,,,,2022-01-27,0,Thursday
100,2022-01-27,2022-01-27 12:15:00,Sell,16900,CE,37.2,-10,208.75,2022-01-27 15:25:00,16882.75,2022-01-27,2022-01-27 15:15:00,Buy,17100.0,CE,13.4,10.0,8.95,2022-01-27 15:25:00,2022-01-27,0,Thursday
101,2022-01-27,2022-01-27 13:15:00,Sell,16950,PE,19.75,-10,6.6,2022-01-27 13:49:00,17009.75,,,,,,,,,,2022-01-27,0,Thursday
102,2022-01-27,2022-01-27 13:15:00,Sell,17000,PE,37.8,-10,13.15,2022-01-27 13:51:00,17009.75,,,,,,,,,,2022-01-27,0,Thursday
103,2022-01-27,2022-01-27 14:00:00,Sell,17050,PE,28.7,-10,8.5,2022-01-27 14:25:00,17073.9,,,,,,,,,,2022-01-27,0,Thursday
104,2022-01-27,2022-01-27 14:30:00,Sell,17100,PE,12.65,-10,4.1,2022-01-27 14:45:00,17144.65,,,,,,,,,,2022-01-27,0,Thursday
105,2022-01-27,2022-01-27 14:45:00,Sell,17150,PE,15.9,-10,41.25,2022-01-27 15:25:00,17172.9,2022-01-27,2022-01-27 15:15:00,Buy,17100.0,PE,2.0,10.0,0.25,2022-01-27 15:25:00,2022-01-27,0,Thursday
106,2022-01-27,2022-01-27 15:00:00,Sell,17100,CE,15.05,-10,4.0,2022-01-27 15:02:00,17097.05,,,,,,,,,,2022-01-27,0,Thursday
107,2022-01-28,2022-01-28 09:30:00,Sell,17250,CE,266.05,-10,313.75,2022-02-03 15:24:00,17250.0,2022-01-28,2022-01-28 15:15:00,Buy,17650.0,CE,70.65,10.0,113.0,2022-02-03 15:24:00,2022-02-03,4,Friday
108,2022-01-28,2022-01-28 09:30:00,Sell,17250,PE,243.0,-10,80.25,2022-02-01 12:30:00,17250.0,2022-01-28,2022-01-28 15:15:00,Buy,16600.0,PE,75.95,10.0,35.45,2022-02-01 12:30:00,2022-02-03,4,Friday
109,2022-01-28,2022-01-28 09:45:00,Sell,17300,PE,231.0,-10,80.15,2022-02-01 12:40:00,17339.15,2022-01-28,2022-01-28 15:15:00,Buy,16600.0,PE,75.95,10.0,35.45,2022-02-01 12:40:00,2022-02-03,4,Friday
110,2022-01-28,2022-01-28 12:15:00,Sell,17350,PE,238.05,-10,83.0,2022-02-01 12:56:00,17352.45,2022-01-28,2022-01-28 15:15:00,Buy,16600.0,PE,75.95,10.0,35.45,2022-02-01 12:56:00,2022-02-03,4,Friday
111,2022-01-28,2022-01-28 13:45:00,Sell,17300,CE,226.65,-10,260.3,2022-02-03 15:25:00,17277.9,2022-01-28,2022-01-28 15:15:00,Buy,17650.0,CE,70.65,10.0,113.0,2022-02-03 15:25:00,2022-02-03,4,Friday
112,2022-01-28,2022-01-28 14:00:00,Sell,17250,CE,239.0,-10,313.75,2022-02-03 15:24:00,17246.35,2022-01-28,2022-01-28 15:15:00,Buy,17650.0,CE,70.65,10.0,113.0,2022-02-03 15:24:00,2022-02-03,4,Friday
113,2022-01-28,2022-01-28 14:15:00,Sell,17200,CE,239.05,-10,360.9,2022-02-03 15:25:00,17166.8,2022-01-28,2022-01-28 15:15:00,Buy,17650.0,CE,70.65,10.0,113.0,2022-02-03 15:25:00,2022-02-03,4,Friday
114,2022-01-28,2022-01-28 14:30:00,Sell,17150,CE,251.2,-10,410.75,2022-02-03 15:25:00,17145.9,2022-01-28,2022-01-28 15:15:00,Buy,17650.0,CE,70.65,10.0,113.0,2022-02-03 15:25:00,2022-02-03,4,Friday
115,2022-01-28,2022-01-28 15:15:00,Sell,17100,CE,250.25,-10,460.6,2022-02-03 15:25:00,17089.8,2022-01-28,2022-01-28 15:15:00,Buy,17650.0,CE,70.65,10.0,113.0,2022-02-03 15:25:00,2022-02-03,4,Friday
116,2022-01-31,2022-01-31 09:30:00,Sell,17150,PE,164.15,-10,56.45,2022-02-01 12:39:00,17312.1,2022-01-31,2022-01-31 15:15:00,Buy,16800.0,PE,61.65,10.0,57.95,2022-02-01 12:39:00,2022-02-03,3,Monday
117,2022-01-31,2022-01-31 09:30:00,Sell,17200,PE,181.7,-10,56.35,2022-02-01 12:40:00,17312.1,2022-01-31,2022-01-31 15:15:00,Buy,16800.0,PE,61.65,10.0,57.95,2022-02-01 12:40:00,2022-02-03,3,Monday
118,2022-01-31,2022-01-31 09:30:00,Sell,17250,PE,205.2,-10,67.5,2022-02-01 12:40:00,17312.1,2022-01-31,2022-01-31 15:15:00,Buy,16800.0,PE,61.65,10.0,57.95,2022-02-01 12:40:00,2022-02-03,3,Monday
119,2022-01-31,2022-01-31 09:30:00,Sell,17300,PE,227.15,-10,78.15,2022-02-01 12:41:00,17312.1,2022-01-31,2022-01-31 15:15:00,Buy,16800.0,PE,61.65,10.0,57.95,2022-02-01 12:41:00,2022-02-03,3,Monday
120,2022-01-31,2022-01-31 12:00:00,Sell,17350,PE,233.45,-10,78.6,2022-02-01 13:56:00,17350.4,2022-01-31,2022-01-31 15:15:00,Buy,16800.0,PE,61.65,10.0,57.95,2022-02-01 13:56:00,2022-02-03,3,Monday
121,2022-02-01,2022-02-01 09:30:00,Sell,17400,PE,174.25,-10,60.95,2022-02-01 15:17:00,17514.8,2022-02-01,2022-02-01 15:15:00,Buy,17300.0,PE,44.35,10.0,37.4,2022-02-01 15:17:00,2022-02-03,2,Tuesday
122,2022-02-01,2022-02-01 09:30:00,Sell,17450,PE,195.65,-10,53.0,2022-02-02 09:15:00,17514.8,2022-02-01,2022-02-01 15:15:00,Buy,17300.0,PE,44.35,10.0,19.85,2022-02-02 09:15:00,2022-02-03,2,Tuesday
123,2022-02-01,2022-02-01 09:30:00,Sell,17500,PE,217.4,-10,58.0,2022-02-02 09:15:00,17514.8,2022-02-01,2022-02-01 15:15:00,Buy,17300.0,PE,44.35,10.0,19.85,2022-02-02 09:15:00,2022-02-03,2,Tuesday
124,2022-02-01,2022-02-01 10:15:00,Sell,17550,PE,223.2,-10,45.45,2022-02-02 09:16:00,17577.5,2022-02-01,2022-02-01 15:15:00,Buy,17300.0,PE,44.35,10.0,7.6,2022-02-02 09:16:00,2022-02-03,2,Tuesday
125,2022-02-01,2022-02-01 12:30:00,Sell,17600,PE,206.5,-10,62.05,2022-02-02 09:16:00,17602.55,2022-02-01,2022-02-01 15:15:00,Buy,17300.0,PE,44.35,10.0,7.6,2022-02-02 09:16:00,2022-02-03,2,Tuesday
126,2022-02-01,2022-02-01 13:00:00,Sell,17550,CE,157.15,-10,52.4,2022-02-03 14:56:00,17534.45,2022-02-01,2022-02-01 15:15:00,Buy,17850.0,CE,41.8,10.0,0.2,2022-02-03 14:56:00,2022-02-03,2,Tuesday
127,2022-02-01,2022-02-01 13:15:00,Sell,17500,CE,77.95,-10,60.45,2022-02-03 15:25:00,17277.6,2022-02-01,2022-02-01 15:15:00,Buy,17850.0,CE,41.8,10.0,0.05,2022-02-03 15:25:00,2022-02-03,2,Tuesday
128,2022-02-01,2022-02-01 13:15:00,Sell,17450,CE,92.95,-10,110.35,2022-02-03 15:25:00,17277.6,2022-02-01,2022-02-01 15:15:00,Buy,17850.0,CE,41.8,10.0,0.05,2022-02-03 15:25:00,2022-02-03,2,Tuesday
129,2022-02-01,2022-02-01 13:15:00,Sell,17400,CE,109.2,-10,160.2,2022-02-03 15:25:00,17277.6,2022-02-01,2022-02-01 15:15:00,Buy,17850.0,CE,41.8,10.0,0.05,2022-02-03 15:25:00,2022-02-03,2,Tuesday
130,2022-02-01,2022-02-01 13:15:00,Sell,17350,CE,128.75,-10,210.3,2022-02-03 15:25:00,17277.6,2022-02-01,2022-02-01 15:15:00,Buy,17850.0,CE,41.8,10.0,0.05,2022-02-03 15:25:00,2022-02-03,2,Tuesday
131,2022-02-01,2022-02-01 13:15:00,Sell,17300,CE,150.0,-10,260.3,2022-02-03 15:25:00,17277.6,2022-02-01,2022-02-01 15:15:00,Buy,17850.0,CE,41.8,10.0,0.05,2022-02-03 15:25:00,2022-02-03,2,Tuesday
132,2022-02-01,2022-02-01 13:30:00,Sell,17350,PE,122.5,-10,42.7,2022-02-01 15:24:00,17447.25,2022-02-01,2022-02-01 15:15:00,Buy,17300.0,PE,44.35,10.0,32.5,2022-02-01 15:24:00,2022-02-03,2,Tuesday
133,2022-02-01,2022-02-01 13:30:00,Sell,17400,PE,142.3,-10,41.7,2022-02-02 09:15:00,17447.25,2022-02-01,2022-02-01 15:15:00,Buy,17300.0,PE,44.35,10.0,19.85,2022-02-02 09:15:00,2022-02-03,2,Tuesday
134,2022-02-01,2022-02-01 13:45:00,Sell,17450,PE,154.0,-10,53.0,2022-02-02 09:15:00,17468.35,2022-02-01,2022-02-01 15:15:00,Buy,17300.0,PE,44.35,10.0,19.85,2022-02-02 09:15:00,2022-02-03,2,Tuesday
135,2022-02-01,2022-02-01 14:00:00,Sell,17500,PE,151.9,-10,32.4,2022-02-02 09:16:00,17501.85,2022-02-01,2022-02-01 15:15:00,Buy,17300.0,PE,44.35,10.0,7.6,2022-02-02 09:16:00,2022-02-03,2,Tuesday
136,2022-02-01,2022-02-01 14:30:00,Sell,17550,PE,128.45,-10,44.85,2022-02-02 09:17:00,17583.15,2022-02-01,2022-02-01 15:15:00,Buy,17300.0,PE,44.35,10.0,8.6,2022-02-02 09:17:00,2022-02-03,2,Tuesday
137,2022-02-01,2022-02-01 14:45:00,Sell,17600,PE,135.85,-10,46.8,2022-02-02 09:30:00,17604.45,2022-02-01,2022-02-01 15:15:00,Buy,17300.0,PE,44.35,10.0,7.35,2022-02-02 09:30:00,2022-02-03,2,Tuesday
138,2022-02-02,2022-02-02 09:30:00,Sell,17650,PE,64.4,-10,22.5,2022-02-02 14:37:00,17726.9,,,,,,,,,,2022-02-03,1,Wednesday
139,2022-02-02,2022-02-02 09:30:00,Sell,17700,PE,85.95,-10,29.85,2022-02-02 15:23:00,17726.9,2022-02-02,2022-02-02 15:15:00,Buy,17650.0,PE,19.0,10.0,18.45,2022-02-02 15:23:00,2022-02-03,1,Wednesday
140,2022-02-02,2022-02-02 12:00:00,Sell,17750,PE,72.0,-10,12.2,2022-02-03 09:15:00,17767.1,2022-02-02,2022-02-02 15:15:00,Buy,17650.0,PE,19.0,10.0,17.65,2022-02-03 09:15:00,2022-02-03,1,Wednesday
141,2022-02-03,2022-02-03 10:30:00,Sell,17700,CE,36.25,-10,12.6,2022-02-03 13:02:00,17689.75,,,,,,,,,,2022-02-03,0,Thursday
142,2022-02-03,2022-02-03 12:15:00,Sell,17650,CE,31.35,-10,10.7,2022-02-03 13:53:00,17629.6,,,,,,,,,,2022-02-03,0,Thursday
143,2022-02-03,2022-02-03 15:00:00,Sell,17600,CE,15.15,-10,4.25,2022-02-03 15:06:00,17595.1,,,,,,,,,,2022-02-03,0,Thursday
144,2022-02-04,2022-02-04 09:30:00,Sell,17600,CE,150.9,-10,51.4,2022-02-07 09:15:00,17600.0,2022-02-04,2022-02-04 15:15:00,Buy,17800.0,CE,41.1,10.0,29.85,2022-02-07 09:15:00,2022-02-10,4,Friday
145,2022-02-04,2022-02-04 09:30:00,Sell,17600,PE,173.9,-10,56.9,2022-02-10 10:34:00,17600.0,2022-02-04,2022-02-04 15:15:00,Buy,17200.0,PE,49.6,10.0,2.0,2022-02-10 10:34:00,2022-02-10,4,Friday
146,2022-02-04,2022-02-04 10:15:00,Sell,17550,CE,157.0,-10,54.3,2022-02-07 11:07:00,17546.2,2022-02-04,2022-02-04 15:15:00,Buy,17800.0,CE,41.1,10.0,13.15,2022-02-07 11:07:00,2022-02-10,4,Friday
147,2022-02-04,2022-02-04 13:00:00,Sell,17500,CE,152.7,-10,53.1,2022-02-07 12:04:00,17484.3,2022-02-04,2022-02-04 15:15:00,Buy,17800.0,CE,41.1,10.0,10.95,2022-02-07 12:04:00,2022-02-10,4,Friday
148,2022-02-04,2022-02-04 14:00:00,Sell,17550,PE,143.6,-10,47.35,2022-02-10 10:17:00,17552.7,2022-02-04,2022-02-04 15:15:00,Buy,17200.0,PE,49.6,10.0,2.1,2022-02-10 10:17:00,2022-02-10,4,Friday
149,2022-02-07,2022-02-07 09:30:00,Sell,17500,CE,109.5,-10,38.0,2022-02-07 13:47:00,17459.6,,,,,,,,,,2022-02-10,3,Monday
150,2022-02-07,2022-02-07 09:45:00,Sell,17450,CE,125.3,-10,43.85,2022-02-07 13:55:00,17447.8,,,,,,,,,,2022-02-10,3,Monday
151,2022-02-07,2022-02-07 11:00:00,Sell,17400,CE,120.0,-10,38.0,2022-02-08 09:15:00,17380.4,2022-02-07,2022-02-07 15:15:00,Buy,17500.0,CE,34.25,10.0,42.5,2022-02-08 09:15:00,2022-02-10,3,Monday
152,2022-02-07,2022-02-07 11:15:00,Sell,17350,CE,125.0,-10,43.35,2022-02-08 10:30:00,17338.6,2022-02-07,2022-02-07 15:15:00,Buy,17500.0,CE,34.25,10.0,17.1,2022-02-08 10:30:00,2022-02-10,3,Monday
153,2022-02-07,2022-02-07 12:15:00,Sell,17300,CE,121.95,-10,42.15,2022-02-08 10:54:00,17271.45,2022-02-07,2022-02-07 15:15:00,Buy,17500.0,CE,34.25,10.0,13.75,2022-02-08 10:54:00,2022-02-10,3,Monday
154,2022-02-07,2022-02-07 13:45:00,Sell,17250,CE,123.15,-10,42.15,2022-02-08 11:10:00,17214.7,2022-02-07,2022-02-07 15:15:00,Buy,17500.0,CE,34.25,10.0,11.3,2022-02-08 11:10:00,2022-02-10,3,Monday
155,2022-02-07,2022-02-07 14:00:00,Sell,17200,CE,123.2,-10,405.55,2022-02-10 15:25:00,17128.35,2022-02-07,2022-02-07 15:15:00,Buy,17500.0,CE,34.25,10.0,105.95,2022-02-10 15:25:00,2022-02-10,3,Monday
156,2022-02-07,2022-02-07 14:00:00,Sell,17150,CE,146.9,-10,456.35,2022-02-10 15:25:00,17128.35,2022-02-07,2022-02-07 15:15:00,Buy,17500.0,CE,34.25,10.0,105.95,2022-02-10 15:25:00,2022-02-10,3,Monday
157,2022-02-07,2022-02-07 14:30:00,Sell,17200,PE,137.2,-10,39.9,2022-02-09 09:15:00,17209.55,2022-02-07,2022-02-07 15:15:00,Buy,16900.0,PE,38.2,10.0,8.45,2022-02-09 09:15:00,2022-02-10,3,Monday
158,2022-02-08,2022-02-08 10:30:00,Sell,17150,CE,121.9,-10,456.35,2022-02-10 15:25:00,17142.7,2022-02-08,2022-02-08 15:15:00,Buy,17450.0,CE,29.85,10.0,155.9,2022-02-10 15:25:00,2022-02-10,2,Tuesday
159,2022-02-08,2022-02-08 10:45:00,Sell,17100,CE,123.4,-10,505.4,2022-02-10 15:25:00,17090.1,2022-02-08,2022-02-08 15:15:00,Buy,17450.0,CE,29.85,10.0,155.9,2022-02-10 15:25:00,2022-02-10,2,Tuesday
160,2022-02-08,2022-02-08 11:45:00,Sell,17150,PE,111.2,-10,20.15,2022-02-09 09:16:00,17162.15,2022-02-08,2022-02-08 15:15:00,Buy,17050.0,PE,28.7,10.0,11.5,2022-02-09 09:16:00,2022-02-10,2,Tuesday
161,2022-02-08,2022-02-08 12:30:00,Sell,17200,PE,91.65,-10,28.65,2022-02-09 09:16:00,17237.45,2022-02-08,2022-02-08 15:15:00,Buy,17050.0,PE,28.7,10.0,11.5,2022-02-09 09:16:00,2022-02-10,2,Tuesday
162,2022-02-08,2022-02-08 12:45:00,Sell,17250,PE,100.7,-10,34.0,2022-02-09 09:18:00,17261.85,2022-02-08,2022-02-08 15:15:00,Buy,17050.0,PE,28.7,10.0,9.7,2022-02-09 09:18:00,2022-02-10,2,Tuesday
163,2022-02-08,2022-02-08 13:15:00,Sell,17200,CE,85.25,-10,405.55,2022-02-10 15:25:00,17136.1,2022-02-08,2022-02-08 15:15:00,Buy,17450.0,CE,29.85,10.0,155.9,2022-02-10 15:25:00,2022-02-10,2,Tuesday
164,2022-02-08,2022-02-08 13:15:00,Sell,17150,CE,109.0,-10,456.35,2022-02-10 15:25:00,17136.1,2022-02-08,2022-02-08 15:15:00,Buy,17450.0,CE,29.85,10.0,155.9,2022-02-10 15:25:00,2022-02-10,2,Tuesday
165,2022-02-08,2022-02-08 15:00:00,Sell,17200,PE,79.25,-10,26.15,2022-02-09 09:17:00,17251.5,2022-02-08,2022-02-08 15:15:00,Buy,17050.0,PE,28.7,10.0,10.3,2022-02-09 09:17:00,2022-02-10,2,Tuesday
166,2022-02-08,2022-02-08 15:00:00,Sell,17250,PE,100.5,-10,34.0,2022-02-09 09:18:00,17251.5,2022-02-08,2022-02-08 15:15:00,Buy,17050.0,PE,28.7,10.0,9.7,2022-02-09 09:18:00,2022-02-10,2,Tuesday
167,2022-02-09,2022-02-09 09:30:00,Sell,17300,PE,38.4,-10,13.15,2022-02-09 14:59:00,17413.35,,,,,,,,,,2022-02-10,1,Wednesday
168,2022-02-09,2022-02-09 09:30:00,Sell,17350,PE,54.0,-10,16.0,2022-02-09 15:09:00,17413.35,,,,,,,,,,2022-02-10,1,Wednesday
169,2022-02-09,2022-02-09 09:30:00,Sell,17400,PE,74.35,-10,14.7,2022-02-10 09:15:00,17413.35,2022-02-09,2022-02-09 15:15:00,Buy,17350.0,PE,18.6,10.0,7.8,2022-02-10 09:15:00,2022-02-10,1,Wednesday
170,2022-02-09,2022-02-09 14:45:00,Sell,17450,PE,56.65,-10,19.5,2022-02-10 10:15:00,17455.25,2022-02-09,2022-02-09 15:15:00,Buy,17350.0,PE,18.6,10.0,6.7,2022-02-10 10:15:00,2022-02-10,1,Wednesday
171,2022-02-10,2022-02-10 10:15:00,Sell,17500,PE,35.4,-10,11.7,2022-02-10 11:30:00,17510.7,,,,,,,,,,2022-02-10,0,Thursday
172,2022-02-10,2022-02-10 10:45:00,Sell,17550,PE,23.8,-10,8.1,2022-02-10 13:00:00,17584.75,,,,,,,,,,2022-02-10,0,Thursday
173,2022-02-10,2022-02-10 11:45:00,Sell,17600,PE,30.75,-10,9.0,2022-02-10 14:16:00,17609.7,,,,,,,,,,2022-02-10,0,Thursday
174,2022-02-11,2022-02-11 09:30:00,Sell,17400,CE,153.85,-10,34.9,2022-02-14 09:16:00,17400.0,2022-02-11,2022-02-11 15:15:00,Buy,17650.0,CE,42.0,10.0,10.7,2022-02-14 09:16:00,2022-02-17,4,Friday
175,2022-02-11,2022-02-11 09:30:00,Sell,17400,PE,146.2,-10,49.8,2022-02-16 13:45:00,17400.0,2022-02-11,2022-02-11 15:15:00,Buy,17050.0,PE,47.1,10.0,8.85,2022-02-16 13:45:00,2022-02-17,4,Friday
176,2022-02-11,2022-02-11 10:15:00,Sell,17350,CE,145.0,-10,44.95,2022-02-14 09:16:00,17327.5,2022-02-11,2022-02-11 15:15:00,Buy,17650.0,CE,42.0,10.0,10.7,2022-02-14 09:16:00,2022-02-17,4,Friday
177,2022-02-11,2022-02-11 12:45:00,Sell,17400,PE,151.3,-10,49.8,2022-02-16 13:45:00,17403.65,2022-02-11,2022-02-11 15:15:00,Buy,17050.0,PE,47.1,10.0,8.85,2022-02-16 13:45:00,2022-02-17,4,Friday
178,2022-02-14,2022-02-14 09:30:00,Sell,17350,CE,50.2,-10,17.5,2022-02-14 15:27:00,16987.6,2022-02-14,2022-02-14 15:15:00,Buy,17200.0,CE,38.95,10.0,35.75,2022-02-14 15:27:00,2022-02-17,3,Monday
179,2022-02-14,2022-02-14 09:30:00,Sell,17300,CE,63.0,-10,22.0,2022-02-14 15:27:00,16987.6,2022-02-14,2022-02-14 15:15:00,Buy,17200.0,CE,38.95,10.0,35.75,2022-02-14 15:27:00,2022-02-17,3,Monday
180,2022-02-14,2022-02-14 09:30:00,Sell,17250,CE,78.05,-10,25.5,2022-02-15 09:43:00,16987.6,2022-02-14,2022-02-14 15:15:00,Buy,17200.0,CE,38.95,10.0,34.55,2022-02-15 09:43:00,2022-02-17,3,Monday
181,2022-02-14,2022-02-14 09:30:00,Sell,17200,CE,93.8,-10,32.0,2022-02-15 09:50:00,16987.6,2022-02-14,2022-02-14 15:15:00,Buy,17200.0,CE,38.95,10.0,32.0,2022-02-15 09:50:00,2022-02-17,3,Monday
182,2022-02-14,2022-02-14 09:30:00,Sell,17150,CE,116.1,-10,39.2,2022-02-15 10:01:00,16987.6,2022-02-14,2022-02-14 15:15:00,Buy,17200.0,CE,38.95,10.0,29.3,2022-02-15 10:01:00,2022-02-17,3,Monday
183,2022-02-14,2022-02-14 09:30:00,Sell,17100,CE,138.35,-10,47.55,2022-02-15 10:03:00,16987.6,2022-02-14,2022-02-14 15:15:00,Buy,17200.0,CE,38.95,10.0,26.2,2022-02-15 10:03:00,2022-02-17,3,Monday
184,2022-02-14,2022-02-14 09:30:00,Sell,17050,CE,163.5,-10,254.4,2022-02-17 15:25:00,16987.6,2022-02-14,2022-02-14 15:15:00,Buy,17200.0,CE,38.95,10.0,104.95,2022-02-17 15:25:00,2022-02-17,3,Monday
185,2022-02-14,2022-02-14 09:30:00,Sell,17000,CE,187.45,-10,304.8,2022-02-17 15:25:00,16987.6,2022-02-14,2022-02-14 15:15:00,Buy,17200.0,CE,38.95,10.0,104.95,2022-02-17 15:25:00,2022-02-17,3,Monday
186,2022-02-14,2022-02-14 10:30:00,Sell,17050,PE,172.05,-10,59.65,2022-02-15 14:02:00,17054.9,2022-02-14,2022-02-14 15:15:00,Buy,16250.0,PE,37.8,10.0,6.35,2022-02-15 14:02:00,2022-02-17,3,Monday
187,2022-02-14,2022-02-14 12:45:00,Sell,17000,CE,148.95,-10,304.8,2022-02-17 15:25:00,16967.65,2022-02-14,2022-02-14 15:15:00,Buy,17200.0,CE,38.95,10.0,104.95,2022-02-17 15:25:00,2022-02-17,3,Monday
188,2022-02-14,2022-02-14 14:15:00,Sell,16950,CE,156.6,-10,355.7,2022-02-17 15:25:00,16922.5,2022-02-14,2022-02-14 15:15:00,Buy,17200.0,CE,38.95,10.0,104.95,2022-02-17 15:25:00,2022-02-17,3,Monday
189,2022-02-14,2022-02-14 14:30:00,Sell,16900,CE,159.95,-10,404.0,2022-02-17 15:25:00,16875.65,2022-02-14,2022-02-14 15:15:00,Buy,17200.0,CE,38.95,10.0,104.95,2022-02-17 15:25:00,2022-02-17,3,Monday
190,2022-02-14,2022-02-14 15:15:00,Sell,16850,CE,168.95,-10,454.65,2022-02-17 15:25:00,16837.9,2022-02-14,2022-02-14 15:15:00,Buy,17200.0,CE,38.95,10.0,104.95,2022-02-17 15:25:00,2022-02-17,3,Monday
191,2022-02-15,2022-02-15 09:30:00,Sell,16900,PE,132.95,-10,44.45,2022-02-15 13:50:00,16943.75,,,,,,,,,,2022-02-17,2,Tuesday
192,2022-02-15,2022-02-15 11:30:00,Sell,16950,PE,126.9,-10,43.9,2022-02-15 13:57:00,16970.7,,,,,,,,,,2022-02-17,2,Tuesday
193,2022-02-15,2022-02-15 11:45:00,Sell,17000,PE,136.85,-10,46.7,2022-02-15 14:09:00,17002.3,,,,,,,,,,2022-02-17,2,Tuesday
194,2022-02-15,2022-02-15 12:15:00,Sell,17050,PE,132.55,-10,45.05,2022-02-15 14:40:00,17070.35,,,,,,,,,,2022-02-17,2,Tuesday
195,2022-02-15,2022-02-15 13:15:00,Sell,17100,PE,133.6,-10,45.6,2022-02-15 14:51:00,17100.15,,,,,,,,,,2022-02-17,2,Tuesday
196,2022-02-15,2022-02-15 13:45:00,Sell,17150,PE,122.45,-10,25.65,2022-02-16 09:16:00,17167.25,2022-02-15,2022-02-15 15:15:00,Buy,17050.0,PE,32.95,10.0,15.3,2022-02-16 09:16:00,2022-02-17,2,Tuesday
197,2022-02-15,2022-02-15 14:00:00,Sell,17200,PE,117.2,-10,32.2,2022-02-16 09:16:00,17226.15,2022-02-15,2022-02-15 15:15:00,Buy,17050.0,PE,32.95,10.0,15.3,2022-02-16 09:16:00,2022-02-17,2,Tuesday
198,2022-02-15,2022-02-15 14:15:00,Sell,17250,PE,123.0,-10,42.35,2022-02-16 09:16:00,17288.95,2022-02-15,2022-02-15 15:15:00,Buy,17050.0,PE,32.95,10.0,15.3,2022-02-16 09:16:00,2022-02-17,2,Tuesday
199,2022-02-15,2022-02-15 14:45:00,Sell,17300,PE,115.75,-10,37.7,2022-02-16 13:11:00,17319.05,2022-02-15,2022-02-15 15:15:00,Buy,17050.0,PE,32.95,10.0,12.05,2022-02-16 13:11:00,2022-02-17,2,Tuesday
200,2022-02-15,2022-02-15 15:15:00,Sell,17350,PE,115.9,-10,40.3,2022-02-16 13:43:00,17353.5,2022-02-15,2022-02-15 15:15:00,Buy,17050.0,PE,32.95,10.0,9.5,2022-02-16 13:43:00,2022-02-17,2,Tuesday
201,2022-02-16,2022-02-16 11:00:00,Sell,17300,CE,91.35,-10,30.3,2022-02-17 14:46:00,17286.0,2022-02-16,2022-02-16 15:15:00,Buy,17500.0,CE,19.3,10.0,0.3,2022-02-17 14:46:00,2022-02-17,1,Wednesday
202,2022-02-16,2022-02-16 12:30:00,Sell,17350,PE,70.3,-10,23.6,2022-02-17 12:33:00,17384.15,2022-02-16,2022-02-16 15:15:00,Buy,17100.0,PE,22.75,10.0,3.1,2022-02-17 12:33:00,2022-02-17,1,Wednesday
203,2022-02-16,2022-02-16 12:45:00,Sell,17400,PE,83.0,-10,27.05,2022-02-17 13:43:00,17407.65,2022-02-16,2022-02-16 15:15:00,Buy,17100.0,PE,22.75,10.0,1.35,2022-02-17 13:43:00,2022-02-17,1,Wednesday
204,2022-02-16,2022-02-16 13:45:00,Sell,17450,PE,70.1,-10,145.1,2022-02-17 15:25:00,17456.55,2022-02-16,2022-02-16 15:15:00,Buy,17100.0,PE,22.75,10.0,0.1,2022-02-17 15:25:00,2022-02-17,1,Wednesday
205,2022-02-16,2022-02-16 14:45:00,Sell,17400,CE,61.5,-10,20.75,2022-02-17 10:25:00,17370.6,2022-02-16,2022-02-16 15:15:00,Buy,17500.0,CE,19.3,10.0,6.2,2022-02-17 10:25:00,2022-02-17,1,Wednesday
206,2022-02-16,2022-02-16 15:00:00,Sell,17350,CE,85.75,-10,24.45,2022-02-17 10:30:00,17348.5,2022-02-16,2022-02-16 15:15:00,Buy,17500.0,CE,19.3,10.0,4.85,2022-02-17 10:30:00,2022-02-17,1,Wednesday
207,2022-02-17,2022-02-17 10:30:00,Sell,17300,CE,40.85,-10,7.45,2022-02-17 15:15:00,17250.05,,,,,,,,,,2022-02-17,0,Thursday
208,2022-02-17,2022-02-17 11:00:00,Sell,17350,PE,48.55,-10,16.9,2022-02-17 13:01:00,17360.85,,,,,,,,,,2022-02-17,0,Thursday
209,2022-02-17,2022-02-17 13:45:00,Sell,17400,PE,25.7,-10,95.25,2022-02-17 15:25:00,17412.9,2022-02-17,2022-02-17 15:15:00,Buy,17300.0,PE,5.35,10.0,0.4,2022-02-17 15:25:00,2022-02-17,0,Thursday
210,2022-02-17,2022-02-17 14:15:00,Sell,17350,CE,21.0,-10,6.1,2022-02-17 14:47:00,17329.7,,,,,,,,,,2022-02-17,0,Thursday
211,2022-02-17,2022-02-17 15:15:00,Sell,17300,CE,7.45,-10,4.9,2022-02-17 15:25:00,17283.7,2022-02-17,2022-02-17 15:15:00,Buy,17300.0,CE,7.45,10.0,4.9,2022-02-17 15:25:00,2022-02-17,0,Thursday
212,2022-02-18,2022-02-18 09:30:00,Sell,17300,CE,210.6,-10,57.5,2022-02-22 09:15:00,17300.0,2022-02-18,2022-02-18 15:15:00,Buy,17600.0,CE,57.75,10.0,11.1,2022-02-22 09:15:00,2022-02-24,4,Friday
213,2022-02-18,2022-02-18 09:30:00,Sell,17300,PE,222.55,-10,1054.05,2022-02-24 15:25:00,17300.0,2022-02-18,2022-02-18 15:15:00,Buy,16750.0,PE,58.6,10.0,507.15,2022-02-24 15:25:00,2022-02-24,4,Friday
214,2022-02-18,2022-02-18 12:45:00,Sell,17350,PE,179.05,-10,1108.0,2022-02-24 15:25:00,17360.6,2022-02-18,2022-02-18 15:15:00,Buy,16750.0,PE,58.6,10.0,507.15,2022-02-24 15:25:00,2022-02-24,4,Friday
215,2022-02-18,2022-02-18 14:30:00,Sell,17300,CE,187.75,-10,57.5,2022-02-22 09:15:00,17278.85,2022-02-18,2022-02-18 15:15:00,Buy,17600.0,CE,57.75,10.0,11.1,2022-02-22 09:15:00,2022-02-24,4,Friday
216,2022-02-21,2022-02-21 09:30:00,Sell,17250,CE,117.25,-10,37.6,2022-02-22 09:16:00,17110.05,2022-02-21,2022-02-21 15:15:00,Buy,17450.0,CE,49.2,10.0,13.2,2022-02-22 09:16:00,2022-02-24,3,Monday
217,2022-02-21,2022-02-21 09:30:00,Sell,17200,CE,140.15,-10,45.9,2022-02-22 09:21:00,17110.05,2022-02-21,2022-02-21 15:15:00,Buy,17450.0,CE,49.2,10.0,12.2,2022-02-22 09:21:00,2022-02-24,3,Monday
218,2022-02-21,2022-02-21 09:30:00,Sell,17150,CE,165.05,-10,57.75,2022-02-22 09:39:00,17110.05,2022-02-21,2022-02-21 15:15:00,Buy,17450.0,CE,49.2,10.0,14.2,2022-02-22 09:39:00,2022-02-24,3,Monday
219,2022-02-21,2022-02-21 11:00:00,Sell,17200,PE,155.0,-10,958.0,2022-02-24 15:25:00,17211.05,2022-02-21,2022-02-21 15:15:00,Buy,16800.0,PE,44.35,10.0,555.45,2022-02-24 15:25:00,2022-02-24,3,Monday
220,2022-02-21,2022-02-21 11:45:00,Sell,17250,PE,145.7,-10,1006.4,2022-02-24 15:25:00,17266.85,2022-02-21,2022-02-21 15:15:00,Buy,16800.0,PE,44.35,10.0,555.45,2022-02-24 15:25:00,2022-02-24,3,Monday
221,2022-02-21,2022-02-21 12:15:00,Sell,17300,PE,157.0,-10,1054.05,2022-02-24 15:25:00,17302.3,2022-02-21,2022-02-21 15:15:00,Buy,16800.0,PE,44.35,10.0,555.45,2022-02-24 15:25:00,2022-02-24,3,Monday
222,2022-02-21,2022-02-21 14:15:00,Sell,17250,CE,145.05,-10,37.6,2022-02-22 09:16:00,17233.5,2022-02-21,2022-02-21 15:15:00,Buy,17450.0,CE,49.2,10.0,13.2,2022-02-22 09:16:00,2022-02-24,3,Monday
223,2022-02-21,2022-02-21 14:45:00,Sell,17200,CE,149.3,-10,50.05,2022-02-22 09:16:00,17193.85,2022-02-21,2022-02-21 15:15:00,Buy,17450.0,CE,49.2,10.0,13.2,2022-02-22 09:16:00,2022-02-24,3,Monday
224,2022-02-22,2022-02-22 09:30:00,Sell,17150,CE,64.35,-10,5.1,2022-02-24 09:15:00,16917.05,2022-02-22,2022-02-22 15:15:00,Buy,17350.0,CE,35.7,10.0,2.8,2022-02-24 09:15:00,2022-02-24,2,Tuesday
225,2022-02-22,2022-02-22 09:30:00,Sell,17100,CE,80.6,-10,13.0,2022-02-24 09:15:00,16917.05,2022-02-22,2022-02-22 15:15:00,Buy,17350.0,CE,35.7,10.0,2.8,2022-02-24 09:15:00,2022-02-24,2,Tuesday
226,2022-02-22,2022-02-22 09:30:00,Sell,17050,CE,100.25,-10,33.0,2022-02-24 09:15:00,16917.05,2022-02-22,2022-02-22 15:15:00,Buy,17350.0,CE,35.7,10.0,2.8,2022-02-24 09:15:00,2022-02-24,2,Tuesday
227,2022-02-22,2022-02-22 09:30:00,Sell,17000,CE,121.7,-10,25.0,2022-02-24 09:15:00,16917.05,2022-02-22,2022-02-22 15:15:00,Buy,17350.0,CE,35.7,10.0,2.8,2022-02-24 09:15:00,2022-02-24,2,Tuesday
228,2022-02-22,2022-02-22 09:30:00,Sell,16950,CE,147.9,-10,12.45,2022-02-24 09:16:00,16917.05,2022-02-22,2022-02-22 15:15:00,Buy,17350.0,CE,35.7,10.0,1.95,2022-02-24 09:16:00,2022-02-24,2,Tuesday
229,2022-02-22,2022-02-22 09:45:00,Sell,16900,CE,149.65,-10,50.4,2022-02-24 09:15:00,16869.3,2022-02-22,2022-02-22 15:15:00,Buy,17350.0,CE,35.7,10.0,2.8,2022-02-24 09:15:00,2022-02-24,2,Tuesday
230,2022-02-22,2022-02-22 10:30:00,Sell,16950,PE,157.35,-10,38.8,2022-02-23 09:16:00,16957.85,2022-02-22,2022-02-22 15:15:00,Buy,16650.0,PE,36.35,10.0,11.55,2022-02-23 09:16:00,2022-02-24,2,Tuesday
231,2022-02-22,2022-02-22 11:30:00,Sell,17000,PE,157.75,-10,47.65,2022-02-23 09:16:00,17006.55,2022-02-22,2022-02-22 15:15:00,Buy,16650.0,PE,36.35,10.0,11.55,2022-02-23 09:16:00,2022-02-24,2,Tuesday
232,2022-02-22,2022-02-22 13:00:00,Sell,16950,CE,123.35,-10,12.45,2022-02-24 09:16:00,16932.05,2022-02-22,2022-02-22 15:15:00,Buy,17350.0,CE,35.7,10.0,1.95,2022-02-24 09:16:00,2022-02-24,2,Tuesday
233,2022-02-22,2022-02-22 14:15:00,Sell,17000,PE,109.3,-10,37.25,2022-02-23 09:29:00,17080.6,2022-02-22,2022-02-22 15:15:00,Buy,16650.0,PE,36.35,10.0,9.45,2022-02-23 09:29:00,2022-02-24,2,Tuesday
234,2022-02-22,2022-02-22 14:15:00,Sell,17050,PE,129.0,-10,44.95,2022-02-23 11:33:00,17080.6,2022-02-22,2022-02-22 15:15:00,Buy,16650.0,PE,36.35,10.0,7.95,2022-02-23 11:33:00,2022-02-24,2,Tuesday
235,2022-02-22,2022-02-22 14:30:00,Sell,17100,PE,138.55,-10,855.1,2022-02-24 15:25:00,17111.1,2022-02-22,2022-02-22 15:15:00,Buy,16650.0,PE,36.35,10.0,405.25,2022-02-24 15:25:00,2022-02-24,2,Tuesday
236,2022-02-23,2022-02-23 09:30:00,Sell,17150,PE,78.85,-10,908.4,2022-02-24 15:25:00,17215.85,2022-02-23,2022-02-23 15:15:00,Buy,16850.0,PE,22.2,10.0,605.0,2022-02-24 15:25:00,2022-02-24,1,Wednesday
237,2022-02-23,2022-02-23 09:30:00,Sell,17200,PE,98.05,-10,958.0,2022-02-24 15:25:00,17215.85,2022-02-23,2022-02-23 15:15:00,Buy,16850.0,PE,22.2,10.0,605.0,2022-02-24 15:25:00,2022-02-24,1,Wednesday
238,2022-02-23,2022-02-23 10:15:00,Sell,17150,CE,103.25,-10,5.1,2022-02-24 09:15:00,17147.9,2022-02-23,2022-02-23 15:15:00,Buy,17200.0,CE,29.85,10.0,8.0,2022-02-24 09:15:00,2022-02-24,1,Wednesday
239,2022-02-23,2022-02-23 15:15:00,Sell,17100,CE,61.3,-10,13.0,2022-02-24 09:15:00,17046.9,2022-02-23,2022-02-23 15:15:00,Buy,17200.0,CE,29.85,10.0,8.0,2022-02-24 09:15:00,2022-02-24,1,Wednesday
240,2022-02-23,2022-02-23 15:15:00,Sell,17050,CE,85.4,-10,5.05,2022-02-24 09:16:00,17046.9,2022-02-23,2022-02-23 15:15:00,Buy,17200.0,CE,29.85,10.0,3.3,2022-02-24 09:16:00,2022-02-24,1,Wednesday
241,2022-02-24,2022-02-24 09:30:00,Sell,17000,CE,6.05,-10,2.1,2022-02-24 10:33:00,16638.05,,,,,,,,,,2022-02-24,0,Thursday
242,2022-02-24,2022-02-24 09:30:00,Sell,16950,CE,8.75,-10,3.05,2022-02-24 10:20:00,16638.05,,,,,,,,,,2022-02-24,0,Thursday
243,2022-02-24,2022-02-24 09:30:00,Sell,16900,CE,12.85,-10,3.6,2022-02-24 10:34:00,16638.05,,,,,,,,,,2022-02-24,0,Thursday
244,2022-02-24,2022-02-24 09:30:00,Sell,16850,CE,20.6,-10,7.15,2022-02-24 10:20:00,16638.05,,,,,,,,,,2022-02-24,0,Thursday
245,2022-02-24,2022-02-24 09:30:00,Sell,16800,CE,32.1,-10,10.0,2022-02-24 10:34:00,16638.05,,,,,,,,,,2022-02-24,0,Thursday
246,2022-02-24,2022-02-24 09:30:00,Sell,16750,CE,47.7,-10,16.35,2022-02-24 10:36:00,16638.05,,,,,,,,,,2022-02-24,0,Thursday
247,2022-02-24,2022-02-24 09:30:00,Sell,16700,CE,68.4,-10,23.15,2022-02-24 11:02:00,16638.05,,,,,,,,,,2022-02-24,0,Thursday
248,2022-02-24,2022-02-24 09:30:00,Sell,16650,CE,92.2,-10,31.6,2022-02-24 12:00:00,16638.05,,,,,,,,,,2022-02-24,0,Thursday
249,2022-02-24,2022-02-24 09:45:00,Sell,16600,CE,70.2,-10,24.3,2022-02-24 12:43:00,16548.6,,,,,,,,,,2022-02-24,0,Thursday
250,2022-02-24,2022-02-24 09:45:00,Sell,16550,CE,92.95,-10,29.15,2022-02-24 12:49:00,16548.6,,,,,,,,,,2022-02-24,0,Thursday
251,2022-02-24,2022-02-24 11:30:00,Sell,16600,PE,63.95,-10,355.85,2022-02-24 15:25:00,16620.95,2022-02-24,2022-02-24 15:15:00,Buy,16250.0,PE,4.7,10.0,6.85,2022-02-24 15:25:00,2022-02-24,0,Thursday
252,2022-02-24,2022-02-24 12:30:00,Sell,16550,CE,57.95,-10,20.05,2022-02-24 12:58:00,16543.75,,,,,,,,,,2022-02-24,0,Thursday
253,2022-02-24,2022-02-24 13:00:00,Sell,16500,CE,44.25,-10,14.15,2022-02-24 14:25:00,16467.35,,,,,,,,,,2022-02-24,0,Thursday
254,2022-02-24,2022-02-24 13:30:00,Sell,16450,CE,56.95,-10,15.9,2022-02-24 14:34:00,16449.05,,,,,,,,,,2022-02-24,0,Thursday
255,2022-02-24,2022-02-24 14:30:00,Sell,16400,CE,44.2,-10,12.75,2022-02-24 14:54:00,16396.2,,,,,,,,,,2022-02-24,0,Thursday
256,2022-02-24,2022-02-24 15:00:00,Sell,16350,CE,13.45,-10,4.65,2022-02-24 15:02:00,16320.7,,,,,,,,,,2022-02-24,0,Thursday
257,2022-02-24,2022-02-24 15:15:00,Sell,16300,CE,2.25,-10,0.6,2022-02-24 15:17:00,16275.65,2022-02-24,2022-02-24 15:15:00,Buy,16300.0,CE,2.25,10.0,0.6,2022-02-24 15:17:00,2022-02-24,0,Thursday
258,2022-02-25,2022-02-25 09:30:00,Sell,16600,CE,236.4,-10,80.65,2022-03-03 10:52:00,16600.0,2022-02-25,2022-02-25 15:15:00,Buy,17050.0,CE,67.65,10.0,1.25,2022-03-03 10:52:00,2022-03-03,4,Friday
259,2022-02-25,2022-02-25 09:30:00,Sell,16600,PE,260.1,-10,30.35,2022-03-03 09:16:00,16600.0,2022-02-25,2022-02-25 15:15:00,Buy,15950.0,PE,71.0,10.0,1.95,2022-03-03 09:16:00,2022-03-03,4,Friday
260,2022-02-25,2022-02-25 10:00:00,Sell,16650,PE,242.0,-10,40.9,2022-03-03 09:16:00,16655.85,2022-02-25,2022-02-25 15:15:00,Buy,15950.0,PE,71.0,10.0,1.95,2022-03-03 09:16:00,2022-03-03,4,Friday
261,2022-02-25,2022-02-25 10:45:00,Sell,16700,PE,228.4,-10,55.8,2022-03-03 09:16:00,16736.4,2022-02-25,2022-02-25 15:15:00,Buy,15950.0,PE,71.0,10.0,1.95,2022-03-03 09:16:00,2022-03-03,4,Friday
262,2022-02-25,2022-02-25 12:45:00,Sell,16650,CE,227.65,-10,72.0,2022-03-02 09:15:00,16642.65,2022-02-25,2022-02-25 15:15:00,Buy,17050.0,CE,67.65,10.0,64.0,2022-03-02 09:15:00,2022-03-03,4,Friday
263,2022-02-25,2022-02-25 14:30:00,Sell,16700,PE,242.3,-10,55.8,2022-03-03 09:16:00,16703.55,2022-02-25,2022-02-25 15:15:00,Buy,15950.0,PE,71.0,10.0,1.95,2022-03-03 09:16:00,2022-03-03,4,Friday
264,2022-02-28,2022-02-28 09:30:00,Sell,16650,CE,106.5,-10,33.8,2022-03-03 12:20:00,16368.3,2022-02-28,2022-02-28 15:15:00,Buy,17150.0,CE,60.2,10.0,0.55,2022-03-03 12:20:00,2022-03-03,3,Monday
265,2022-02-28,2022-02-28 09:30:00,Sell,16600,CE,125.65,-10,42.0,2022-03-03 12:25:00,16368.3,2022-02-28,2022-02-28 15:15:00,Buy,17150.0,CE,60.2,10.0,0.65,2022-03-03 12:25:00,2022-03-03,3,Monday
266,2022-02-28,2022-02-28 09:30:00,Sell,16550,CE,146.85,-10,50.5,2022-03-03 12:38:00,16368.3,2022-02-28,2022-02-28 15:15:00,Buy,17150.0,CE,60.2,10.0,0.8,2022-03-03 12:38:00,2022-03-03,3,Monday
267,2022-02-28,2022-02-28 09:30:00,Sell,16500,CE,170.1,-10,57.8,2022-03-03 13:02:00,16368.3,2022-02-28,2022-02-28 15:15:00,Buy,17150.0,CE,60.2,10.0,0.6,2022-03-03 13:02:00,2022-03-03,3,Monday
268,2022-02-28,2022-02-28 09:30:00,Sell,16450,CE,194.55,-10,67.55,2022-03-03 13:29:00,16368.3,2022-02-28,2022-02-28 15:15:00,Buy,17150.0,CE,60.2,10.0,0.6,2022-03-03 13:29:00,2022-03-03,3,Monday
269,2022-02-28,2022-02-28 09:30:00,Sell,16400,CE,222.55,-10,70.9,2022-03-03 15:04:00,16368.3,2022-02-28,2022-02-28 15:15:00,Buy,17150.0,CE,60.2,10.0,0.15,2022-03-03 15:04:00,2022-03-03,3,Monday
270,2022-02-28,2022-02-28 09:45:00,Sell,16450,PE,231.0,-10,80.5,2022-03-02 15:24:00,16455.4,2022-02-28,2022-02-28 15:15:00,Buy,16050.0,PE,60.95,10.0,29.4,2022-03-02 15:24:00,2022-03-03,3,Monday
271,2022-02-28,2022-02-28 10:45:00,Sell,16500,PE,218.85,-10,49.95,2022-03-03 09:15:00,16539.9,2022-02-28,2022-02-28 15:15:00,Buy,16050.0,PE,60.95,10.0,5.55,2022-03-03 09:15:00,2022-03-03,3,Monday
272,2022-02-28,2022-02-28 11:00:00,Sell,16550,PE,222.55,-10,37.65,2022-03-03 09:15:00,16575.9,2022-02-28,2022-02-28 15:15:00,Buy,16050.0,PE,60.95,10.0,5.55,2022-03-03 09:15:00,2022-03-03,3,Monday
273,2022-02-28,2022-02-28 11:30:00,Sell,16600,PE,234.0,-10,30.35,2022-03-03 09:16:00,16623.05,2022-02-28,2022-02-28 15:15:00,Buy,16050.0,PE,60.95,10.0,2.4,2022-03-03 09:16:00,2022-03-03,3,Monday
274,2022-02-28,2022-02-28 12:00:00,Sell,16650,PE,240.7,-10,40.9,2022-03-03 09:16:00,16685.1,2022-02-28,2022-02-28 15:15:00,Buy,16050.0,PE,60.95,10.0,2.4,2022-03-03 09:16:00,2022-03-03,3,Monday
275,2022-02-28,2022-02-28 13:15:00,Sell,16700,PE,229.25,-10,55.8,2022-03-03 09:16:00,16719.05,2022-02-28,2022-02-28 15:15:00,Buy,16050.0,PE,60.95,10.0,2.4,2022-03-03 09:16:00,2022-03-03,3,Monday
276,2022-02-28,2022-02-28 15:15:00,Sell,16750,PE,208.4,-10,65.0,2022-03-03 09:15:00,16798.4,2022-02-28,2022-02-28 15:15:00,Buy,16050.0,PE,60.95,10.0,5.55,2022-03-03 09:15:00,2022-03-03,3,Monday
277,2022-03-02,2022-03-02 09:30:00,Sell,16700,CE,177.4,-10,61.15,2022-03-02 14:21:00,16676.25,,,,,,,,,,2022-03-03,1,Wednesday
278,2022-03-02,2022-03-02 09:45:00,Sell,16650,CE,156.45,-10,53.85,2022-03-03 10:52:00,16616.1,2022-03-02,2022-03-02 15:15:00,Buy,16850.0,CE,43.95,10.0,5.45,2022-03-03 10:52:00,2022-03-03,1,Wednesday
279,2022-03-02,2022-03-02 10:00:00,Sell,16600,CE,168.35,-10,57.5,2022-03-03 12:20:00,16587.9,2022-03-02,2022-03-02 15:15:00,Buy,16850.0,CE,43.95,10.0,1.95,2022-03-03 12:20:00,2022-03-03,1,Wednesday
280,2022-03-02,2022-03-02 12:00:00,Sell,16550,CE,147.95,-10,51.65,2022-03-03 12:34:00,16527.8,2022-03-02,2022-03-02 15:15:00,Buy,16850.0,CE,43.95,10.0,1.7,2022-03-03 12:34:00,2022-03-03,1,Wednesday
281,2022-03-02,2022-03-02 14:30:00,Sell,16500,CE,143.95,-10,45.95,2022-03-03 13:22:00,16499.5,2022-03-02,2022-03-02 15:15:00,Buy,16850.0,CE,43.95,10.0,0.9,2022-03-03 13:22:00,2022-03-03,1,Wednesday
282,2022-03-02,2022-03-02 15:15:00,Sell,16550,PE,125.2,-10,37.65,2022-03-03 09:15:00,16607.9,2022-03-02,2022-03-02 15:15:00,Buy,16200.0,PE,44.15,10.0,24.0,2022-03-03 09:15:00,2022-03-03,1,Wednesday
283,2022-03-02,2022-03-02 15:15:00,Sell,16600,PE,145.35,-10,30.35,2022-03-03 09:16:00,16607.9,2022-03-02,2022-03-02 15:15:00,Buy,16200.0,PE,44.15,10.0,3.9,2022-03-03 09:16:00,2022-03-03,1,Wednesday
284,2022-03-03,2022-03-03 09:30:00,Sell,16650,PE,57.0,-10,150.6,2022-03-03 15:25:00,16689.1,2022-03-03,2022-03-03 15:15:00,Buy,16500.0,PE,5.75,10.0,1.95,2022-03-03 15:25:00,2022-03-03,0,Thursday
285,2022-03-03,2022-03-03 12:30:00,Sell,16600,CE,39.6,-10,12.3,2022-03-03 13:22:00,16571.15,,,,,,,,,,2022-03-03,0,Thursday
286,2022-03-03,2022-03-03 13:00:00,Sell,16550,CE,41.5,-10,14.45,2022-03-03 14:21:00,16536.45,,,,,,,,,,2022-03-03,0,Thursday
287,2022-03-03,2022-03-03 13:30:00,Sell,16500,CE,40.75,-10,11.15,2022-03-03 15:02:00,16487.35,,,,,,,,,,2022-03-03,0,Thursday
288,2022-03-03,2022-03-03 13:45:00,Sell,16550,PE,44.75,-10,51.1,2022-03-03 15:25:00,16550.35,2022-03-03,2022-03-03 15:15:00,Buy,16500.0,PE,5.75,10.0,1.95,2022-03-03 15:25:00,2022-03-03,0,Thursday
289,2022-03-04,2022-03-04 09:30:00,Sell,16250,CE,276.8,-10,90.0,2022-03-07 09:15:00,16250.0,2022-03-04,2022-03-04 15:15:00,Buy,16700.0,CE,68.6,10.0,24.0,2022-03-07 09:15:00,2022-03-10,4,Friday
290,2022-03-04,2022-03-04 09:30:00,Sell,16250,PE,262.8,-10,91.25,2022-03-09 13:52:00,16250.0,2022-03-04,2022-03-04 15:15:00,Buy,15650.0,PE,76.1,10.0,10.65,2022-03-09 13:52:00,2022-03-10,4,Friday
291,2022-03-04,2022-03-04 10:30:00,Sell,16200,CE,250.05,-10,86.65,2022-03-07 09:23:00,16180.25,2022-03-04,2022-03-04 15:15:00,Buy,16700.0,CE,68.6,10.0,17.0,2022-03-07 09:23:00,2022-03-10,4,Friday
292,2022-03-04,2022-03-04 12:00:00,Sell,16250,PE,241.8,-10,83.75,2022-03-09 13:58:00,16265.95,2022-03-04,2022-03-04 15:15:00,Buy,15650.0,PE,76.1,10.0,9.15,2022-03-09 13:58:00,2022-03-10,4,Friday
293,2022-03-04,2022-03-04 12:45:00,Sell,16300,PE,232.1,-10,81.1,2022-03-09 14:27:00,16331.3,2022-03-04,2022-03-04 15:15:00,Buy,15650.0,PE,76.1,10.0,7.55,2022-03-09 14:27:00,2022-03-10,4,Friday
294,2022-03-04,2022-03-04 13:00:00,Sell,16350,PE,244.25,-10,82.75,2022-03-09 14:51:00,16361.25,2022-03-04,2022-03-04 15:15:00,Buy,15650.0,PE,76.1,10.0,6.3,2022-03-09 14:51:00,2022-03-10,4,Friday
295,2022-03-04,2022-03-04 13:30:00,Sell,16400,PE,230.85,-10,40.2,2022-03-10 09:15:00,16438.8,2022-03-04,2022-03-04 15:15:00,Buy,15650.0,PE,76.1,10.0,3.45,2022-03-10 09:15:00,2022-03-10,4,Friday
296,2022-03-04,2022-03-04 14:15:00,Sell,16350,CE,236.0,-10,54.45,2022-03-07 09:16:00,16342.65,2022-03-04,2022-03-04 15:15:00,Buy,16700.0,CE,68.6,10.0,15.7,2022-03-07 09:16:00,2022-03-10,4,Friday
297,2022-03-04,2022-03-04 14:45:00,Sell,16300,CE,232.7,-10,61.0,2022-03-07 09:15:00,16283.8,2022-03-04,2022-03-04 15:15:00,Buy,16700.0,CE,68.6,10.0,24.0,2022-03-07 09:15:00,2022-03-10,4,Friday
298,2022-03-04,2022-03-04 15:15:00,Sell,16250,CE,243.2,-10,77.85,2022-03-07 09:16:00,16246.35,2022-03-04,2022-03-04 15:15:00,Buy,16700.0,CE,68.6,10.0,15.7,2022-03-07 09:16:00,2022-03-10,4,Friday
299,2022-03-07,2022-03-07 09:30:00,Sell,16200,CE,79.4,-10,395.25,2022-03-10 15:25:00,15826.05,2022-03-07,2022-03-07 15:15:00,Buy,16350.0,CE,58.65,10.0,244.45,2022-03-10 15:25:00,2022-03-10,3,Monday
300,2022-03-07,2022-03-07 09:30:00,Sell,16150,CE,93.45,-10,444.7,2022-03-10 15:25:00,15826.05,2022-03-07,2022-03-07 15:15:00,Buy,16350.0,CE,58.65,10.0,244.45,2022-03-10 15:25:00,2022-03-10,3,Monday
301,2022-03-07,2022-03-07 09:30:00,Sell,16100,CE,109.05,-10,495.1,2022-03-10 15:25:00,15826.05,2022-03-07,2022-03-07 15:15:00,Buy,16350.0,CE,58.65,10.0,244.45,2022-03-10 15:25:00,2022-03-10,3,Monday
302,2022-03-07,2022-03-07 09:30:00,Sell,16050,CE,126.6,-10,545.4,2022-03-10 15:25:00,15826.05,2022-03-07,2022-03-07 15:15:00,Buy,16350.0,CE,58.65,10.0,244.45,2022-03-10 15:25:00,2022-03-10,3,Monday
303,2022-03-07,2022-03-07 09:30:00,Sell,16000,CE,146.2,-10,595.45,2022-03-10 15:25:00,15826.05,2022-03-07,2022-03-07 15:15:00,Buy,16350.0,CE,58.65,10.0,244.45,2022-03-10 15:25:00,2022-03-10,3,Monday
304,2022-03-07,2022-03-07 09:30:00,Sell,15950,CE,167.6,-10,645.9,2022-03-10 15:25:00,15826.05,2022-03-07,2022-03-07 15:15:00,Buy,16350.0,CE,58.65,10.0,244.45,2022-03-10 15:25:00,2022-03-10,3,Monday
305,2022-03-07,2022-03-07 09:30:00,Sell,15900,CE,191.6,-10,695.0,2022-03-10 15:25:00,15826.05,2022-03-07,2022-03-07 15:15:00,Buy,16350.0,CE,58.65,10.0,244.45,2022-03-10 15:25:00,2022-03-10,3,Monday
306,2022-03-07,2022-03-07 09:30:00,Sell,15850,CE,216.3,-10,744.8,2022-03-10 15:25:00,15826.05,2022-03-07,2022-03-07 15:15:00,Buy,16350.0,CE,58.65,10.0,244.45,2022-03-10 15:25:00,2022-03-10,3,Monday
307,2022-03-07,2022-03-07 09:45:00,Sell,15800,CE,211.4,-10,795.6,2022-03-10 15:25:00,15797.55,2022-03-07,2022-03-07 15:15:00,Buy,16350.0,CE,58.65,10.0,244.45,2022-03-10 15:25:00,2022-03-10,3,Monday
308,2022-03-07,2022-03-07 10:00:00,Sell,15850,PE,236.0,-10,79.6,2022-03-09 09:17:00,16196.2,2022-03-07,2022-03-07 15:15:00,Buy,15300.0,PE,63.75,10.0,9.0,2022-03-09 09:17:00,2022-03-10,3,Monday
309,2022-03-07,2022-03-07 10:00:00,Sell,15900,PE,261.6,-10,91.25,2022-03-09 09:21:00,16196.2,2022-03-07,2022-03-07 15:15:00,Buy,15300.0,PE,63.75,10.0,8.05,2022-03-09 09:21:00,2022-03-10,3,Monday
310,2022-03-07,2022-03-07 10:00:00,Sell,15950,PE,288.6,-10,100.4,2022-03-09 09:22:00,16196.2,2022-03-07,2022-03-07 15:15:00,Buy,15300.0,PE,63.75,10.0,7.5,2022-03-09 09:22:00,2022-03-10,3,Monday
311,2022-03-07,2022-03-07 10:00:00,Sell,16000,PE,317.2,-10,108.55,2022-03-09 09:26:00,16196.2,2022-03-07,2022-03-07 15:15:00,Buy,15300.0,PE,63.75,10.0,6.9,2022-03-09 09:26:00,2022-03-10,3,Monday
312,2022-03-07,2022-03-07 10:00:00,Sell,16050,PE,350.25,-10,122.0,2022-03-09 09:27:00,16196.2,2022-03-07,2022-03-07 15:15:00,Buy,15300.0,PE,63.75,10.0,6.75,2022-03-09 09:27:00,2022-03-10,3,Monday
313,2022-03-07,2022-03-07 10:00:00,Sell,16100,PE,381.2,-10,132.55,2022-03-09 09:33:00,16196.2,2022-03-07,2022-03-07 15:15:00,Buy,15300.0,PE,63.75,10.0,6.65,2022-03-09 09:33:00,2022-03-10,3,Monday
314,2022-03-07,2022-03-07 10:00:00,Sell,16150,PE,417.6,-10,140.9,2022-03-09 10:08:00,16196.2,2022-03-07,2022-03-07 15:15:00,Buy,15300.0,PE,63.75,10.0,6.7,2022-03-09 10:08:00,2022-03-10,3,Monday
315,2022-03-07,2022-03-07 10:15:00,Sell,16100,CE,98.8,-10,495.1,2022-03-10 15:25:00,15886.45,2022-03-07,2022-03-07 15:15:00,Buy,16350.0,CE,58.65,10.0,244.45,2022-03-10 15:25:00,2022-03-10,3,Monday
316,2022-03-07,2022-03-07 10:15:00,Sell,16050,CE,114.5,-10,545.4,2022-03-10 15:25:00,15886.45,2022-03-07,2022-03-07 15:15:00,Buy,16350.0,CE,58.65,10.0,244.45,2022-03-10 15:25:00,2022-03-10,3,Monday
317,2022-03-07,2022-03-07 10:15:00,Sell,16000,CE,132.15,-10,595.45,2022-03-10 15:25:00,15886.45,2022-03-07,2022-03-07 15:15:00,Buy,16350.0,CE,58.65,10.0,244.45,2022-03-10 15:25:00,2022-03-10,3,Monday
318,2022-03-07,2022-03-07 10:15:00,Sell,15950,CE,150.85,-10,645.9,2022-03-10 15:25:00,15886.45,2022-03-07,2022-03-07 15:15:00,Buy,16350.0,CE,58.65,10.0,244.45,2022-03-10 15:25:00,2022-03-10,3,Monday
319,2022-03-07,2022-03-07 10:15:00,Sell,15900,CE,173.35,-10,695.0,2022-03-10 15:25:00,15886.45,2022-03-07,2022-03-07 15:15:00,Buy,16350.0,CE,58.65,10.0,244.45,2022-03-10 15:25:00,2022-03-10,3,Monday
320,2022-03-07,2022-03-07 10:30:00,Sell,15850,CE,201.55,-10,744.8,2022-03-10 15:25:00,15792.1,2022-03-07,2022-03-07 15:15:00,Buy,16350.0,CE,58.65,10.0,244.45,2022-03-10 15:25:00,2022-03-10,3,Monday
321,2022-03-07,2022-03-07 10:30:00,Sell,15800,CE,227.65,-10,795.6,2022-03-10 15:25:00,15792.1,2022-03-07,2022-03-07 15:15:00,Buy,16350.0,CE,58.65,10.0,244.45,2022-03-10 15:25:00,2022-03-10,3,Monday
322,2022-03-07,2022-03-07 11:00:00,Sell,15850,PE,226.95,-10,77.05,2022-03-09 09:21:00,15859.4,2022-03-07,2022-03-07 15:15:00,Buy,15300.0,PE,63.75,10.0,8.05,2022-03-09 09:21:00,2022-03-10,3,Monday
323,2022-03-07,2022-03-07 11:30:00,Sell,15900,PE,237.05,-10,82.35,2022-03-09 09:24:00,15900.6,2022-03-07,2022-03-07 15:15:00,Buy,15300.0,PE,63.75,10.0,7.25,2022-03-09 09:24:00,2022-03-10,3,Monday
324,2022-03-07,2022-03-07 13:30:00,Sell,15850,CE,216.55,-10,744.8,2022-03-10 15:25:00,15829.55,2022-03-07,2022-03-07 15:15:00,Buy,16350.0,CE,58.65,10.0,244.45,2022-03-10 15:25:00,2022-03-10,3,Monday
325,2022-03-07,2022-03-07 14:15:00,Sell,15800,CE,216.9,-10,795.6,2022-03-10 15:25:00,15756.05,2022-03-07,2022-03-07 15:15:00,Buy,16350.0,CE,58.65,10.0,244.45,2022-03-10 15:25:00,2022-03-10,3,Monday
326,2022-03-07,2022-03-07 15:15:00,Sell,15850,PE,218.15,-10,71.25,2022-03-09 09:22:00,15867.75,2022-03-07,2022-03-07 15:15:00,Buy,15300.0,PE,63.75,10.0,7.5,2022-03-09 09:22:00,2022-03-10,3,Monday
327,2022-03-08,2022-03-08 11:00:00,Sell,15800,CE,198.2,-10,795.6,2022-03-10 15:25:00,15790.3,2022-03-08,2022-03-08 15:15:00,Buy,16350.0,CE,54.65,10.0,244.45,2022-03-10 15:25:00,2022-03-10,2,Tuesday
328,2022-03-08,2022-03-08 12:00:00,Sell,15750,CE,180.0,-10,844.2,2022-03-10 15:25:00,15699.9,2022-03-08,2022-03-08 15:15:00,Buy,16350.0,CE,54.65,10.0,244.45,2022-03-10 15:25:00,2022-03-10,2,Tuesday
329,2022-03-08,2022-03-08 12:00:00,Sell,15700,CE,205.5,-10,895.35,2022-03-10 15:25:00,15699.9,2022-03-08,2022-03-08 15:15:00,Buy,16350.0,CE,54.65,10.0,244.45,2022-03-10 15:25:00,2022-03-10,2,Tuesday
330,2022-03-08,2022-03-08 12:30:00,Sell,15750,PE,186.85,-10,65.05,2022-03-09 09:15:00,15756.15,2022-03-08,2022-03-08 15:15:00,Buy,15550.0,PE,52.65,10.0,41.8,2022-03-09 09:15:00,2022-03-10,2,Tuesday
331,2022-03-08,2022-03-08 13:30:00,Sell,15700,CE,193.4,-10,895.35,2022-03-10 15:25:00,15682.85,2022-03-08,2022-03-08 15:15:00,Buy,16350.0,CE,54.65,10.0,244.45,2022-03-10 15:25:00,2022-03-10,2,Tuesday
332,2022-03-08,2022-03-08 13:45:00,Sell,15750,PE,174.7,-10,55.8,2022-03-09 09:17:00,15781.75,2022-03-08,2022-03-08 15:15:00,Buy,15550.0,PE,52.65,10.0,26.15,2022-03-09 09:17:00,2022-03-10,2,Tuesday
333,2022-03-08,2022-03-08 14:00:00,Sell,15800,PE,172.4,-10,59.7,2022-03-09 09:22:00,15834.85,2022-03-08,2022-03-08 15:15:00,Buy,15550.0,PE,52.65,10.0,21.55,2022-03-09 09:22:00,2022-03-10,2,Tuesday
334,2022-03-08,2022-03-08 14:15:00,Sell,15850,PE,183.15,-10,61.35,2022-03-09 09:27:00,15858.85,2022-03-08,2022-03-08 15:15:00,Buy,15550.0,PE,52.65,10.0,18.7,2022-03-09 09:27:00,2022-03-10,2,Tuesday
335,2022-03-08,2022-03-08 14:45:00,Sell,15900,PE,163.45,-10,56.95,2022-03-09 10:20:00,15955.2,2022-03-08,2022-03-08 15:15:00,Buy,15550.0,PE,52.65,10.0,15.65,2022-03-09 10:20:00,2022-03-10,2,Tuesday
336,2022-03-08,2022-03-08 14:45:00,Sell,15950,PE,184.45,-10,62.2,2022-03-09 11:41:00,15955.2,2022-03-08,2022-03-08 15:15:00,Buy,15550.0,PE,52.65,10.0,14.85,2022-03-09 11:41:00,2022-03-10,2,Tuesday
337,2022-03-08,2022-03-08 15:00:00,Sell,16000,PE,187.35,-10,63.15,2022-03-09 12:00:00,16008.45,2022-03-08,2022-03-08 15:15:00,Buy,15550.0,PE,52.65,10.0,11.9,2022-03-09 12:00:00,2022-03-10,2,Tuesday
338,2022-03-09,2022-03-09 09:30:00,Sell,16050,PE,121.3,-10,42.35,2022-03-09 13:52:00,16120.35,,,,,,,,,,2022-03-10,1,Wednesday
339,2022-03-09,2022-03-09 09:30:00,Sell,16100,PE,142.2,-10,49.75,2022-03-09 13:53:00,16120.35,,,,,,,,,,2022-03-10,1,Wednesday
340,2022-03-09,2022-03-09 10:30:00,Sell,16150,PE,137.7,-10,47.15,2022-03-09 14:19:00,16154.9,,,,,,,,,,2022-03-10,1,Wednesday
341,2022-03-09,2022-03-09 12:30:00,Sell,16200,PE,117.95,-10,39.85,2022-03-09 14:51:00,16235.85,,,,,,,,,,2022-03-10,1,Wednesday
342,2022-03-09,2022-03-09 13:00:00,Sell,16250,PE,111.1,-10,20.0,2022-03-10 09:15:00,16297.0,2022-03-09,2022-03-09 15:15:00,Buy,16100.0,PE,34.1,10.0,8.4,2022-03-10 09:15:00,2022-03-10,1,Wednesday
343,2022-03-09,2022-03-09 13:15:00,Sell,16300,PE,121.2,-10,21.0,2022-03-10 09:15:00,16318.55,2022-03-09,2022-03-09 15:15:00,Buy,16100.0,PE,34.1,10.0,8.4,2022-03-10 09:15:00,2022-03-10,1,Wednesday
344,2022-03-09,2022-03-09 14:30:00,Sell,16350,PE,99.05,-10,9.95,2022-03-10 09:16:00,16379.65,2022-03-09,2022-03-09 15:15:00,Buy,16100.0,PE,34.1,10.0,4.35,2022-03-10 09:16:00,2022-03-10,1,Wednesday
345,2022-03-10,2022-03-10 09:30:00,Sell,16400,PE,11.3,-10,3.95,2022-03-10 10:18:00,16643.4,,,,,,,,,,2022-03-10,0,Thursday
346,2022-03-10,2022-03-10 09:30:00,Sell,16450,PE,16.95,-10,5.8,2022-03-10 10:15:00,16643.4,,,,,,,,,,2022-03-10,0,Thursday
347,2022-03-10,2022-03-10 09:30:00,Sell,16500,PE,26.15,-10,8.85,2022-03-10 10:07:00,16643.4,,,,,,,,,,2022-03-10,0,Thursday
348,2022-03-10,2022-03-10 09:30:00,Sell,16550,PE,38.3,-10,13.25,2022-03-10 10:07:00,16643.4,,,,,,,,,,2022-03-10,0,Thursday
349,2022-03-10,2022-03-10 09:30:00,Sell,16600,PE,56.05,-10,18.1,2022-03-10 10:17:00,16643.4,,,,,,,,,,2022-03-10,0,Thursday
350,2022-03-10,2022-03-10 10:00:00,Sell,16650,PE,46.9,-10,54.95,2022-03-10 15:25:00,16689.35,2022-03-10,2022-03-10 15:15:00,Buy,16600.0,PE,4.0,10.0,5.85,2022-03-10 15:25:00,2022-03-10,0,Thursday
351,2022-03-10,2022-03-10 10:15:00,Sell,16700,PE,52.8,-10,104.95,2022-03-10 15:25:00,16719.75,2022-03-10,2022-03-10 15:15:00,Buy,16600.0,PE,4.0,10.0,5.85,2022-03-10 15:25:00,2022-03-10,0,Thursday
352,2022-03-10,2022-03-10 12:45:00,Sell,16650,CE,55.45,-10,16.05,2022-03-10 13:49:00,16649.0,,,,,,,,,,2022-03-10,0,Thursday
353,2022-03-10,2022-03-10 13:45:00,Sell,16600,CE,48.6,-10,17.0,2022-03-10 13:56:00,16595.75,,,,,,,,,,2022-03-10,0,Thursday
354,2022-03-10,2022-03-10 14:00:00,Sell,16550,CE,38.9,-10,12.7,2022-03-10 14:22:00,16534.3,,,,,,,,,,2022-03-10,0,Thursday
355,2022-03-10,2022-03-10 15:15:00,Sell,16600,PE,4.0,-10,5.85,2022-03-10 15:25:00,16615.65,2022-03-10,2022-03-10 15:15:00,Buy,16600.0,PE,4.0,10.0,5.85,2022-03-10 15:25:00,2022-03-10,0,Thursday
356,2022-03-11,2022-03-11 09:30:00,Sell,16600,CE,246.7,-10,689.65,2022-03-17 15:25:00,16600.0,2022-03-11,2022-03-11 15:15:00,Buy,17000.0,CE,73.2,10.0,288.8,2022-03-17 15:25:00,2022-03-17,4,Friday
357,2022-03-11,2022-03-11 09:30:00,Sell,16600,PE,226.85,-10,62.0,2022-03-16 09:15:00,16600.0,2022-03-11,2022-03-11 15:15:00,Buy,16050.0,PE,69.2,10.0,11.0,2022-03-16 09:15:00,2022-03-17,4,Friday
358,2022-03-11,2022-03-11 10:00:00,Sell,16650,PE,223.65,-10,47.65,2022-03-16 09:16:00,16667.95,2022-03-11,2022-03-11 15:15:00,Buy,16050.0,PE,69.2,10.0,6.2,2022-03-16 09:16:00,2022-03-17,4,Friday
359,2022-03-11,2022-03-11 10:30:00,Sell,16600,CE,228.45,-10,689.65,2022-03-17 15:25:00,16584.6,2022-03-11,2022-03-11 15:15:00,Buy,17000.0,CE,73.2,10.0,288.8,2022-03-17 15:25:00,2022-03-17,4,Friday
360,2022-03-14,2022-03-14 09:30:00,Sell,16650,PE,209.95,-10,47.65,2022-03-16 09:16:00,16656.7,2022-03-14,2022-03-14 15:15:00,Buy,16350.0,PE,62.25,10.0,14.7,2022-03-16 09:16:00,2022-03-17,3,Monday
361,2022-03-14,2022-03-14 11:00:00,Sell,16700,PE,203.45,-10,59.05,2022-03-16 09:16:00,16710.2,2022-03-14,2022-03-14 15:15:00,Buy,16350.0,PE,62.25,10.0,14.7,2022-03-16 09:16:00,2022-03-17,3,Monday
362,2022-03-14,2022-03-14 11:30:00,Sell,16750,PE,212.5,-10,73.3,2022-03-16 09:16:00,16752.25,2022-03-14,2022-03-14 15:15:00,Buy,16350.0,PE,62.25,10.0,14.7,2022-03-16 09:16:00,2022-03-17,3,Monday
363,2022-03-14,2022-03-14 14:15:00,Sell,16800,PE,200.05,-10,68.75,2022-03-16 12:47:00,16811.1,2022-03-14,2022-03-14 15:15:00,Buy,16350.0,PE,62.25,10.0,11.35,2022-03-16 12:47:00,2022-03-17,3,Monday
364,2022-03-14,2022-03-14 14:30:00,Sell,16850,PE,206.95,-10,70.65,2022-03-16 15:04:00,16858.15,2022-03-14,2022-03-14 15:15:00,Buy,16350.0,PE,62.25,10.0,8.55,2022-03-16 15:04:00,2022-03-17,3,Monday
365,2022-03-15,2022-03-15 09:30:00,Sell,16900,PE,189.8,-10,12.0,2022-03-17 09:15:00,16903.6,2022-03-15,2022-03-15 15:15:00,Buy,16200.0,PE,48.8,10.0,1.75,2022-03-17 09:15:00,2022-03-17,2,Tuesday
366,2022-03-15,2022-03-15 09:45:00,Sell,16850,CE,184.9,-10,438.4,2022-03-17 15:25:00,16846.5,2022-03-15,2022-03-15 15:15:00,Buy,17000.0,CE,48.25,10.0,288.8,2022-03-17 15:25:00,2022-03-17,2,Tuesday
367,2022-03-15,2022-03-15 12:45:00,Sell,16800,CE,175.05,-10,489.35,2022-03-17 15:25:00,16780.1,2022-03-15,2022-03-15 15:15:00,Buy,17000.0,CE,48.25,10.0,288.8,2022-03-17 15:25:00,2022-03-17,2,Tuesday
368,2022-03-15,2022-03-15 13:15:00,Sell,16750,CE,171.85,-10,537.6,2022-03-17 15:25:00,16737.65,2022-03-15,2022-03-15 15:15:00,Buy,17000.0,CE,48.25,10.0,288.8,2022-03-17 15:25:00,2022-03-17,2,Tuesday
369,2022-03-15,2022-03-15 14:00:00,Sell,16700,CE,161.0,-10,590.0,2022-03-17 15:25:00,16660.45,2022-03-15,2022-03-15 15:15:00,Buy,17000.0,CE,48.25,10.0,288.8,2022-03-17 15:25:00,2022-03-17,2,Tuesday
370,2022-03-15,2022-03-15 14:15:00,Sell,16650,CE,176.75,-10,638.8,2022-03-17 15:25:00,16643.45,2022-03-15,2022-03-15 15:15:00,Buy,17000.0,CE,48.25,10.0,288.8,2022-03-17 15:25:00,2022-03-17,2,Tuesday
371,2022-03-15,2022-03-15 14:30:00,Sell,16600,CE,174.35,-10,689.65,2022-03-17 15:25:00,16583.95,2022-03-15,2022-03-15 15:15:00,Buy,17000.0,CE,48.25,10.0,288.8,2022-03-17 15:25:00,2022-03-17,2,Tuesday
372,2022-03-15,2022-03-15 15:00:00,Sell,16650,PE,164.75,-10,47.65,2022-03-16 09:16:00,16698.15,2022-03-15,2022-03-15 15:15:00,Buy,16200.0,PE,48.8,10.0,9.45,2022-03-16 09:16:00,2022-03-17,2,Tuesday
373,2022-03-16,2022-03-16 09:30:00,Sell,16700,PE,49.35,-10,11.7,2022-03-17 09:15:00,16930.15,2022-03-16,2022-03-16 15:15:00,Buy,16600.0,PE,26.55,10.0,2.7,2022-03-17 09:15:00,2022-03-17,1,Wednesday
374,2022-03-16,2022-03-16 09:30:00,Sell,16750,PE,61.05,-10,6.6,2022-03-17 09:15:00,16930.15,2022-03-16,2022-03-16 15:15:00,Buy,16600.0,PE,26.55,10.0,2.7,2022-03-17 09:15:00,2022-03-17,1,Wednesday
375,2022-03-16,2022-03-16 09:30:00,Sell,16800,PE,74.95,-10,10.1,2022-03-17 09:15:00,16930.15,2022-03-16,2022-03-16 15:15:00,Buy,16600.0,PE,26.55,10.0,2.7,2022-03-17 09:15:00,2022-03-17,1,Wednesday
376,2022-03-16,2022-03-16 09:30:00,Sell,16850,PE,91.65,-10,2.25,2022-03-17 09:15:00,16930.15,2022-03-16,2022-03-16 15:15:00,Buy,16600.0,PE,26.55,10.0,2.7,2022-03-17 09:15:00,2022-03-17,1,Wednesday
377,2022-03-16,2022-03-16 09:30:00,Sell,16900,PE,111.25,-10,12.0,2022-03-17 09:15:00,16930.15,2022-03-16,2022-03-16 15:15:00,Buy,16600.0,PE,26.55,10.0,2.7,2022-03-17 09:15:00,2022-03-17,1,Wednesday
378,2022-03-16,2022-03-16 15:15:00,Sell,16950,PE,107.25,-10,9.7,2022-03-17 09:16:00,16979.7,2022-03-16,2022-03-16 15:15:00,Buy,16600.0,PE,26.55,10.0,1.8,2022-03-17 09:16:00,2022-03-17,1,Wednesday
379,2022-03-17,2022-03-17 09:30:00,Sell,17000,PE,17.35,-10,5.6,2022-03-17 11:30:00,17184.9,,,,,,,,,,2022-03-17,0,Thursday
380,2022-03-17,2022-03-17 09:30:00,Sell,17050,PE,25.75,-10,7.55,2022-03-17 11:30:00,17184.9,,,,,,,,,,2022-03-17,0,Thursday
381,2022-03-17,2022-03-17 09:30:00,Sell,17100,PE,37.2,-10,11.0,2022-03-17 11:30:00,17184.9,,,,,,,,,,2022-03-17,0,Thursday
382,2022-03-17,2022-03-17 09:30:00,Sell,17150,PE,54.0,-10,16.4,2022-03-17 11:30:00,17184.9,,,,,,,,,,2022-03-17,0,Thursday
383,2022-03-17,2022-03-17 10:00:00,Sell,17200,PE,46.8,-10,15.3,2022-03-17 12:36:00,17240.65,,,,,,,,,,2022-03-17,0,Thursday
384,2022-03-17,2022-03-17 10:15:00,Sell,17250,PE,53.95,-10,16.85,2022-03-17 13:56:00,17265.8,,,,,,,,,,2022-03-17,0,Thursday
385,2022-03-17,2022-03-17 12:30:00,Sell,17300,PE,47.4,-10,16.25,2022-03-17 14:59:00,17306.25,,,,,,,,,,2022-03-17,0,Thursday
386,2022-03-21,2022-03-21 10:00:00,Sell,17250,CE,182.85,-10,22.15,2022-03-24 09:16:00,17237.7,2022-03-21,2022-03-21 15:15:00,Buy,17500.0,CE,54.85,10.0,2.1,2022-03-24 09:16:00,2022-03-24,3,Monday
387,2022-03-21,2022-03-21 12:45:00,Sell,17200,CE,179.3,-10,38.0,2022-03-24 09:16:00,17161.65,2022-03-21,2022-03-21 15:15:00,Buy,17500.0,CE,54.85,10.0,2.1,2022-03-24 09:16:00,2022-03-24,3,Monday
388,2022-03-21,2022-03-21 13:00:00,Sell,17150,CE,195.85,-10,61.1,2022-03-24 09:16:00,17149.35,2022-03-21,2022-03-21 15:15:00,Buy,17500.0,CE,54.85,10.0,2.1,2022-03-24 09:16:00,2022-03-24,3,Monday
389,2022-03-22,2022-03-22 09:30:00,Sell,17100,CE,159.25,-10,124.2,2022-03-24 15:25:00,17066.7,2022-03-22,2022-03-22 15:15:00,Buy,17600.0,CE,41.8,10.0,0.05,2022-03-24 15:25:00,2022-03-24,2,Tuesday
390,2022-03-22,2022-03-22 10:15:00,Sell,17050,CE,168.85,-10,174.2,2022-03-24 15:25:00,17035.35,2022-03-22,2022-03-22 15:15:00,Buy,17600.0,CE,41.8,10.0,0.05,2022-03-24 15:25:00,2022-03-24,2,Tuesday
391,2022-03-22,2022-03-22 12:45:00,Sell,17100,PE,127.65,-10,38.7,2022-03-23 09:15:00,17137.55,2022-03-22,2022-03-22 15:15:00,Buy,17050.0,PE,45.2,10.0,27.0,2022-03-23 09:15:00,2022-03-24,2,Tuesday
392,2022-03-22,2022-03-22 13:00:00,Sell,17150,PE,135.9,-10,32.5,2022-03-23 09:15:00,17162.85,2022-03-22,2022-03-22 15:15:00,Buy,17050.0,PE,45.2,10.0,27.0,2022-03-23 09:15:00,2022-03-24,2,Tuesday
393,2022-03-22,2022-03-22 13:15:00,Sell,17200,PE,128.8,-10,32.15,2022-03-23 09:16:00,17231.8,2022-03-22,2022-03-22 15:15:00,Buy,17050.0,PE,45.2,10.0,13.5,2022-03-23 09:16:00,2022-03-24,2,Tuesday
394,2022-03-22,2022-03-22 13:45:00,Sell,17250,PE,127.65,-10,42.45,2022-03-23 09:16:00,17271.7,2022-03-22,2022-03-22 15:15:00,Buy,17050.0,PE,45.2,10.0,13.5,2022-03-23 09:16:00,2022-03-24,2,Tuesday
395,2022-03-22,2022-03-22 14:00:00,Sell,17300,PE,133.0,-10,75.85,2022-03-24 15:25:00,17311.5,2022-03-22,2022-03-22 15:15:00,Buy,17050.0,PE,45.2,10.0,0.1,2022-03-24 15:25:00,2022-03-24,2,Tuesday
396,2022-03-23,2022-03-23 09:30:00,Sell,17350,PE,93.8,-10,126.0,2022-03-24 15:25:00,17378.85,2022-03-23,2022-03-23 15:15:00,Buy,17050.0,PE,29.8,10.0,0.1,2022-03-24 15:25:00,2022-03-24,1,Wednesday
397,2022-03-23,2022-03-23 12:00:00,Sell,17300,CE,109.45,-10,34.7,2022-03-24 09:15:00,17299.35,2022-03-23,2022-03-23 15:15:00,Buy,17450.0,CE,28.2,10.0,7.8,2022-03-24 09:15:00,2022-03-24,1,Wednesday
398,2022-03-23,2022-03-23 12:45:00,Sell,17250,CE,103.05,-10,22.15,2022-03-24 09:16:00,17225.0,2022-03-23,2022-03-23 15:15:00,Buy,17450.0,CE,28.2,10.0,2.75,2022-03-24 09:16:00,2022-03-24,1,Wednesday
399,2022-03-24,2022-03-24 12:15:00,Sell,17200,CE,42.25,-10,24.2,2022-03-24 15:25:00,17186.45,2022-03-24,2022-03-24 15:15:00,Buy,17250.0,CE,0.45,10.0,0.1,2022-03-24 15:25:00,2022-03-24,0,Thursday
400,2022-03-25,2022-03-25 09:30:00,Sell,17200,CE,203.2,-10,266.6,2022-03-31 15:25:00,17200.0,2022-03-25,2022-03-25 15:15:00,Buy,17500.0,CE,53.25,10.0,0.1,2022-03-31 15:25:00,2022-03-31,4,Friday
401,2022-03-25,2022-03-25 09:30:00,Sell,17200,PE,188.25,-10,65.65,2022-03-29 09:16:00,17200.0,2022-03-25,2022-03-25 15:15:00,Buy,16750.0,PE,54.55,10.0,9.4,2022-03-29 09:16:00,2022-03-31,4,Friday
402,2022-03-25,2022-03-25 12:15:00,Sell,17150,CE,189.4,-10,316.2,2022-03-31 15:25:00,17125.6,2022-03-25,2022-03-25 15:15:00,Buy,17500.0,CE,53.25,10.0,0.1,2022-03-31 15:25:00,2022-03-31,4,Friday
403,2022-03-28,2022-03-28 09:30:00,Sell,17100,CE,165.8,-10,366.05,2022-03-31 15:25:00,17082.65,2022-03-28,2022-03-28 15:15:00,Buy,17500.0,CE,41.65,10.0,0.1,2022-03-31 15:25:00,2022-03-31,3,Monday
404,2022-03-28,2022-03-28 10:15:00,Sell,17050,CE,167.05,-10,417.0,2022-03-31 15:25:00,17043.4,2022-03-28,2022-03-28 15:15:00,Buy,17500.0,CE,41.65,10.0,0.1,2022-03-31 15:25:00,2022-03-31,3,Monday
405,2022-03-28,2022-03-28 12:45:00,Sell,17100,PE,108.35,-10,37.7,2022-03-29 09:28:00,17144.65,2022-03-28,2022-03-28 15:15:00,Buy,16950.0,PE,40.5,10.0,20.0,2022-03-29 09:28:00,2022-03-31,3,Monday
406,2022-03-28,2022-03-28 13:00:00,Sell,17150,PE,104.9,-10,35.95,2022-03-29 14:53:00,17197.15,2022-03-28,2022-03-28 15:15:00,Buy,16950.0,PE,40.5,10.0,15.4,2022-03-29 14:53:00,2022-03-31,3,Monday
407,2022-03-28,2022-03-28 13:15:00,Sell,17200,PE,122.5,-10,42.6,2022-03-29 14:54:00,17218.8,2022-03-28,2022-03-28 15:15:00,Buy,16950.0,PE,40.5,10.0,14.85,2022-03-29 14:54:00,2022-03-31,3,Monday
408,2022-03-29,2022-03-29 09:30:00,Sell,17250,PE,78.25,-10,20.8,2022-03-30 09:16:00,17286.65,2022-03-29,2022-03-29 15:15:00,Buy,17100.0,PE,24.95,10.0,10.85,2022-03-30 09:16:00,2022-03-31,2,Tuesday
409,2022-03-29,2022-03-29 09:45:00,Sell,17300,PE,85.9,-10,27.65,2022-03-30 09:15:00,17307.0,2022-03-29,2022-03-29 15:15:00,Buy,17100.0,PE,24.95,10.0,8.0,2022-03-30 09:15:00,2022-03-31,2,Tuesday
410,2022-03-30,2022-03-30 09:30:00,Sell,17350,PE,36.95,-10,11.25,2022-03-31 09:15:00,17416.8,2022-03-30,2022-03-30 15:15:00,Buy,17300.0,PE,14.7,10.0,12.0,2022-03-31 09:15:00,2022-03-31,1,Wednesday
411,2022-03-30,2022-03-30 09:30:00,Sell,17400,PE,50.45,-10,15.95,2022-03-31 09:16:00,17416.8,2022-03-30,2022-03-30 15:15:00,Buy,17300.0,PE,14.7,10.0,6.15,2022-03-31 09:16:00,2022-03-31,1,Wednesday
412,2022-03-30,2022-03-30 10:00:00,Sell,17450,PE,60.65,-10,21.2,2022-03-31 09:34:00,17456.5,2022-03-30,2022-03-30 15:15:00,Buy,17300.0,PE,14.7,10.0,4.25,2022-03-31 09:34:00,2022-03-31,1,Wednesday
413,2022-03-30,2022-03-30 11:15:00,Sell,17500,PE,66.2,-10,23.1,2022-03-31 09:57:00,17503.1,2022-03-30,2022-03-30 15:15:00,Buy,17300.0,PE,14.7,10.0,3.2,2022-03-31 09:57:00,2022-03-31,1,Wednesday
414,2022-03-31,2022-03-31 14:45:00,Sell,17450,CE,16.85,-10,16.2,2022-03-31 15:25:00,17441.55,2022-03-31,2022-03-31 15:15:00,Buy,17500.0,CE,0.15,10.0,0.1,2022-03-31 15:25:00,2022-03-31,0,Thursday
415,2022-04-01,2022-04-01 09:30:00,Sell,17450,CE,174.95,-10,189.15,2022-04-07 15:25:00,17450.0,2022-04-01,2022-04-01 15:15:00,Buy,17900.0,CE,43.65,10.0,0.1,2022-04-07 15:25:00,2022-04-07,4,Friday
416,2022-04-01,2022-04-01 09:30:00,Sell,17450,PE,151.25,-10,32.0,2022-04-04 09:16:00,17450.0,2022-04-01,2022-04-01 15:15:00,Buy,17350.0,PE,43.7,10.0,21.85,2022-04-04 09:16:00,2022-04-07,4,Friday
417,2022-04-01,2022-04-01 10:00:00,Sell,17500,PE,137.2,-10,39.3,2022-04-04 09:16:00,17526.95,2022-04-01,2022-04-01 15:15:00,Buy,17350.0,PE,43.7,10.0,21.85,2022-04-04 09:16:00,2022-04-07,4,Friday
418,2022-04-01,2022-04-01 13:30:00,Sell,17550,PE,138.5,-10,48.05,2022-04-04 09:16:00,17562.35,2022-04-01,2022-04-01 15:15:00,Buy,17350.0,PE,43.7,10.0,21.85,2022-04-04 09:16:00,2022-04-07,4,Friday
419,2022-04-01,2022-04-01 15:15:00,Sell,17600,PE,104.25,-10,35.85,2022-04-04 09:36:00,17670.75,2022-04-01,2022-04-01 15:15:00,Buy,17350.0,PE,43.7,10.0,17.6,2022-04-04 09:36:00,2022-04-07,4,Friday
420,2022-04-01,2022-04-01 15:15:00,Sell,17650,PE,123.8,-10,43.25,2022-04-04 09:34:00,17670.75,2022-04-01,2022-04-01 15:15:00,Buy,17350.0,PE,43.7,10.0,18.45,2022-04-04 09:34:00,2022-04-07,4,Friday
421,2022-04-04,2022-04-04 09:30:00,Sell,17700,PE,59.7,-10,20.85,2022-04-04 14:43:00,17902.55,,,,,,,,,,2022-04-07,3,Monday
422,2022-04-04,2022-04-04 09:30:00,Sell,17750,PE,72.1,-10,25.05,2022-04-04 14:41:00,17902.55,,,,,,,,,,2022-04-07,3,Monday
423,2022-04-04,2022-04-04 09:30:00,Sell,17800,PE,87.25,-10,30.0,2022-04-04 14:43:00,17902.55,,,,,,,,,,2022-04-07,3,Monday
424,2022-04-04,2022-04-04 09:30:00,Sell,17850,PE,105.65,-10,36.9,2022-04-04 14:44:00,17902.55,,,,,,,,,,2022-04-07,3,Monday
425,2022-04-04,2022-04-04 09:30:00,Sell,17900,PE,127.15,-10,42.75,2022-04-05 09:28:00,17902.55,2022-04-04,2022-04-04 15:15:00,Buy,17800.0,PE,33.25,10.0,26.8,2022-04-05 09:28:00,2022-04-07,3,Monday
426,2022-04-04,2022-04-04 09:45:00,Sell,17950,PE,115.55,-10,39.15,2022-04-05 13:26:00,17978.15,2022-04-04,2022-04-04 15:15:00,Buy,17800.0,PE,33.25,10.0,17.5,2022-04-05 13:26:00,2022-04-07,3,Monday
427,2022-04-04,2022-04-04 10:15:00,Sell,18000,PE,105.25,-10,361.15,2022-04-07 15:25:00,18067.7,2022-04-04,2022-04-04 15:15:00,Buy,17800.0,PE,33.25,10.0,160.55,2022-04-07 15:25:00,2022-04-07,3,Monday
428,2022-04-04,2022-04-04 10:15:00,Sell,18050,PE,126.55,-10,411.55,2022-04-07 15:25:00,18067.7,2022-04-04,2022-04-04 15:15:00,Buy,17800.0,PE,33.25,10.0,160.55,2022-04-07 15:25:00,2022-04-07,3,Monday
429,2022-04-04,2022-04-04 11:00:00,Sell,18000,CE,120.85,-10,32.5,2022-04-06 09:15:00,17995.4,2022-04-04,2022-04-04 15:15:00,Buy,18300.0,CE,30.2,10.0,6.0,2022-04-06 09:15:00,2022-04-07,3,Monday
430,2022-04-04,2022-04-04 12:15:00,Sell,17950,CE,110.9,-10,38.35,2022-04-06 09:17:00,17925.15,2022-04-04,2022-04-04 15:15:00,Buy,18300.0,CE,30.2,10.0,4.3,2022-04-06 09:17:00,2022-04-07,3,Monday
431,2022-04-04,2022-04-04 14:00:00,Sell,18000,PE,109.15,-10,361.15,2022-04-07 15:25:00,18001.75,2022-04-04,2022-04-04 15:15:00,Buy,17800.0,PE,33.25,10.0,160.55,2022-04-07 15:25:00,2022-04-07,3,Monday
432,2022-04-04,2022-04-04 14:45:00,Sell,18050,PE,96.7,-10,411.55,2022-04-07 15:25:00,18059.15,2022-04-04,2022-04-04 15:15:00,Buy,17800.0,PE,33.25,10.0,160.55,2022-04-07 15:25:00,2022-04-07,3,Monday
433,2022-04-05,2022-04-05 09:45:00,Sell,18000,CE,106.5,-10,32.5,2022-04-06 09:15:00,17985.85,2022-04-05,2022-04-05 15:15:00,Buy,18150.0,CE,31.6,10.0,14.85,2022-04-06 09:15:00,2022-04-07,2,Tuesday
434,2022-04-05,2022-04-05 13:15:00,Sell,18050,PE,71.8,-10,411.55,2022-04-07 15:25:00,18068.35,2022-04-05,2022-04-05 15:15:00,Buy,17750.0,PE,25.75,10.0,110.7,2022-04-07 15:25:00,2022-04-07,2,Tuesday
435,2022-04-05,2022-04-05 14:30:00,Sell,18000,CE,101.55,-10,32.5,2022-04-06 09:15:00,17991.45,2022-04-05,2022-04-05 15:15:00,Buy,18150.0,CE,31.6,10.0,14.85,2022-04-06 09:15:00,2022-04-07,2,Tuesday
436,2022-04-05,2022-04-05 15:15:00,Sell,17950,CE,104.3,-10,36.4,2022-04-06 09:56:00,17948.75,2022-04-05,2022-04-05 15:15:00,Buy,18150.0,CE,31.6,10.0,9.25,2022-04-06 09:56:00,2022-04-07,2,Tuesday
437,2022-04-06,2022-04-06 09:30:00,Sell,17900,CE,60.5,-10,9.9,2022-04-07 09:15:00,17853.75,2022-04-06,2022-04-06 15:15:00,Buy,17950.0,CE,17.7,10.0,5.8,2022-04-07 09:15:00,2022-04-07,1,Wednesday
438,2022-04-06,2022-04-06 10:00:00,Sell,17850,CE,70.2,-10,15.15,2022-04-07 09:15:00,17819.35,2022-04-06,2022-04-06 15:15:00,Buy,17950.0,CE,17.7,10.0,5.8,2022-04-07 09:15:00,2022-04-07,1,Wednesday
439,2022-04-06,2022-04-06 13:30:00,Sell,17800,CE,67.9,-10,19.3,2022-04-07 09:17:00,17789.55,2022-04-06,2022-04-06 15:15:00,Buy,17950.0,CE,17.7,10.0,2.6,2022-04-07 09:17:00,2022-04-07,1,Wednesday
440,2022-04-07,2022-04-07 09:30:00,Sell,17750,CE,25.7,-10,8.65,2022-04-07 13:33:00,17703.75,,,,,,,,,,2022-04-07,0,Thursday
441,2022-04-07,2022-04-07 10:30:00,Sell,17700,CE,31.1,-10,9.9,2022-04-07 13:57:00,17686.4,,,,,,,,,,2022-04-07,0,Thursday
442,2022-04-07,2022-04-07 12:00:00,Sell,17750,PE,30.1,-10,110.7,2022-04-07 15:25:00,17752.45,2022-04-07,2022-04-07 15:15:00,Buy,17650.0,PE,13.4,10.0,10.55,2022-04-07 15:25:00,2022-04-07,0,Thursday
443,2022-04-07,2022-04-07 13:45:00,Sell,17700,CE,21.6,-10,7.3,2022-04-07 14:13:00,17697.8,,,,,,,,,,2022-04-07,0,Thursday
444,2022-04-07,2022-04-07 14:15:00,Sell,17650,CE,23.4,-10,8.05,2022-04-07 14:56:00,17645.55,,,,,,,,,,2022-04-07,0,Thursday
445,2022-04-08,2022-04-08 09:30:00,Sell,17650,CE,158.8,-10,46.45,2022-04-12 09:16:00,17650.0,2022-04-08,2022-04-08 15:15:00,Buy,18050.0,CE,39.0,10.0,3.3,2022-04-12 09:16:00,2022-04-13,3,Friday
446,2022-04-08,2022-04-08 09:30:00,Sell,17650,PE,143.75,-10,49.85,2022-04-08 14:14:00,17650.0,,,,,,,,,,2022-04-13,3,Friday
447,2022-04-08,2022-04-08 12:15:00,Sell,17700,PE,111.65,-10,223.4,2022-04-13 15:25:00,17710.6,2022-04-08,2022-04-08 15:15:00,Buy,17500.0,PE,33.05,10.0,23.65,2022-04-13 15:25:00,2022-04-13,3,Friday
448,2022-04-08,2022-04-08 13:45:00,Sell,17750,PE,96.05,-10,273.6,2022-04-13 15:25:00,17772.2,2022-04-08,2022-04-08 15:15:00,Buy,17500.0,PE,33.05,10.0,23.65,2022-04-13 15:25:00,2022-04-13,3,Friday
449,2022-04-08,2022-04-08 14:15:00,Sell,17800,PE,96.6,-10,323.0,2022-04-13 15:25:00,17833.65,2022-04-08,2022-04-08 15:15:00,Buy,17500.0,PE,33.05,10.0,23.65,2022-04-13 15:25:00,2022-04-13,3,Friday
450,2022-04-11,2022-04-11 09:30:00,Sell,17750,CE,84.75,-10,21.6,2022-04-12 09:16:00,17682.5,2022-04-11,2022-04-11 15:15:00,Buy,17900.0,CE,24.65,10.0,7.4,2022-04-12 09:16:00,2022-04-13,2,Monday
451,2022-04-11,2022-04-11 09:30:00,Sell,17700,CE,107.75,-10,15.55,2022-04-12 09:15:00,17682.5,2022-04-11,2022-04-11 15:15:00,Buy,17900.0,CE,24.65,10.0,9.9,2022-04-12 09:15:00,2022-04-13,2,Monday
452,2022-04-11,2022-04-11 13:30:00,Sell,17750,PE,96.0,-10,273.6,2022-04-13 15:25:00,17750.2,2022-04-11,2022-04-11 15:15:00,Buy,17500.0,PE,29.1,10.0,23.65,2022-04-13 15:25:00,2022-04-13,2,Monday
453,2022-04-11,2022-04-11 15:00:00,Sell,17700,CE,93.85,-10,15.55,2022-04-12 09:15:00,17694.05,2022-04-11,2022-04-11 15:15:00,Buy,17900.0,CE,24.65,10.0,9.9,2022-04-12 09:15:00,2022-04-13,2,Monday
454,2022-04-12,2022-04-12 09:30:00,Sell,17650,CE,46.3,-10,15.7,2022-04-12 13:43:00,17581.45,,,,,,,,,,2022-04-13,1,Tuesday
455,2022-04-12,2022-04-12 09:30:00,Sell,17600,CE,67.0,-10,21.95,2022-04-12 13:45:00,17581.45,,,,,,,,,,2022-04-13,1,Tuesday
456,2022-04-12,2022-04-12 10:00:00,Sell,17550,CE,61.55,-10,18.15,2022-04-13 12:15:00,17516.55,2022-04-12,2022-04-12 15:15:00,Buy,17650.0,CE,18.5,10.0,4.9,2022-04-13 12:15:00,2022-04-13,1,Tuesday
457,2022-04-12,2022-04-12 10:15:00,Sell,17500,CE,78.55,-10,27.45,2022-04-13 12:54:00,17495.0,2022-04-12,2022-04-12 15:15:00,Buy,17650.0,CE,18.5,10.0,3.35,2022-04-13 12:54:00,2022-04-13,1,Tuesday
458,2022-04-12,2022-04-12 13:45:00,Sell,17450,CE,76.05,-10,24.7,2022-04-13 15:14:00,17449.05,2022-04-12,2022-04-12 15:15:00,Buy,17650.0,CE,18.5,10.0,0.1,2022-04-13 15:14:00,2022-04-13,1,Tuesday
459,2022-04-12,2022-04-12 14:15:00,Sell,17500,PE,44.7,-10,8.55,2022-04-13 09:16:00,17549.5,2022-04-12,2022-04-12 15:15:00,Buy,17400.0,PE,16.3,10.0,2.8,2022-04-13 09:16:00,2022-04-13,1,Tuesday
460,2022-04-12,2022-04-12 14:30:00,Sell,17550,PE,52.5,-10,16.1,2022-04-13 09:16:00,17571.35,2022-04-12,2022-04-12 15:15:00,Buy,17400.0,PE,16.3,10.0,2.8,2022-04-13 09:16:00,2022-04-13,1,Tuesday
461,2022-04-13,2022-04-13 09:30:00,Sell,17600,PE,22.25,-10,123.55,2022-04-13 15:25:00,17649.0,2022-04-13,2022-04-13 15:15:00,Buy,17450.0,PE,0.35,10.0,0.1,2022-04-13 15:25:00,2022-04-13,0,Wednesday
462,2022-04-13,2022-04-13 10:30:00,Sell,17550,CE,42.95,-10,14.45,2022-04-13 12:30:00,17534.55,,,,,,,,,,2022-04-13,0,Wednesday
463,2022-04-13,2022-04-13 12:15:00,Sell,17500,CE,35.0,-10,11.5,2022-04-13 14:59:00,17483.25,,,,,,,,,,2022-04-13,0,Wednesday
464,2022-04-18,2022-04-18 09:30:00,Sell,17450,CE,51.05,-10,17.6,2022-04-19 13:02:00,17226.35,2022-04-18,2022-04-18 15:15:00,Buy,17450.0,CE,34.7,10.0,17.6,2022-04-19 13:02:00,2022-04-21,3,Monday
465,2022-04-18,2022-04-18 09:30:00,Sell,17400,CE,65.5,-10,22.7,2022-04-19 13:09:00,17226.35,2022-04-18,2022-04-18 15:15:00,Buy,17450.0,CE,34.7,10.0,15.45,2022-04-19 13:09:00,2022-04-21,3,Monday
466,2022-04-18,2022-04-18 09:30:00,Sell,17350,CE,83.65,-10,28.35,2022-04-19 14:54:00,17226.35,2022-04-18,2022-04-18 15:15:00,Buy,17450.0,CE,34.7,10.0,12.45,2022-04-19 14:54:00,2022-04-21,3,Monday
467,2022-04-18,2022-04-18 09:30:00,Sell,17300,CE,105.25,-10,35.1,2022-04-19 14:56:00,17226.35,2022-04-18,2022-04-18 15:15:00,Buy,17450.0,CE,34.7,10.0,10.45,2022-04-19 14:56:00,2022-04-21,3,Monday
468,2022-04-18,2022-04-18 09:30:00,Sell,17250,CE,130.1,-10,43.9,2022-04-19 14:58:00,17226.35,2022-04-18,2022-04-18 15:15:00,Buy,17450.0,CE,34.7,10.0,9.25,2022-04-19 14:58:00,2022-04-21,3,Monday
469,2022-04-18,2022-04-18 10:15:00,Sell,17200,CE,121.4,-10,42.1,2022-04-19 15:04:00,17150.3,2022-04-18,2022-04-18 15:15:00,Buy,17450.0,CE,34.7,10.0,6.6,2022-04-19 15:04:00,2022-04-21,3,Monday
470,2022-04-18,2022-04-18 10:30:00,Sell,17150,CE,140.25,-10,42.8,2022-04-19 15:07:00,17137.35,2022-04-18,2022-04-18 15:15:00,Buy,17450.0,CE,34.7,10.0,6.15,2022-04-19 15:07:00,2022-04-21,3,Monday
471,2022-04-18,2022-04-18 13:00:00,Sell,17100,CE,139.7,-10,47.95,2022-04-19 15:19:00,17084.0,2022-04-18,2022-04-18 15:15:00,Buy,17450.0,CE,34.7,10.0,6.15,2022-04-19 15:19:00,2022-04-21,3,Monday
472,2022-04-18,2022-04-18 14:00:00,Sell,17150,PE,124.0,-10,42.45,2022-04-19 14:03:00,17150.45,2022-04-18,2022-04-18 15:15:00,Buy,16900.0,PE,33.25,10.0,9.25,2022-04-19 14:03:00,2022-04-21,3,Monday
473,2022-04-19,2022-04-19 09:30:00,Sell,17200,PE,96.95,-10,30.0,2022-04-21 09:16:00,17202.6,2022-04-19,2022-04-19 15:15:00,Buy,16700.0,PE,26.75,10.0,0.85,2022-04-21 09:16:00,2022-04-21,2,Tuesday
474,2022-04-19,2022-04-19 15:00:00,Sell,17150,CE,85.85,-10,26.75,2022-04-19 15:21:00,17134.2,2022-04-19,2022-04-19 15:15:00,Buy,17250.0,CE,21.05,10.0,14.5,2022-04-19 15:21:00,2022-04-21,2,Tuesday
475,2022-04-19,2022-04-19 15:15:00,Sell,17100,CE,51.35,-10,292.75,2022-04-21 15:25:00,16960.75,2022-04-19,2022-04-19 15:15:00,Buy,17250.0,CE,21.05,10.0,143.25,2022-04-21 15:25:00,2022-04-21,2,Tuesday
476,2022-04-19,2022-04-19 15:15:00,Sell,17050,CE,67.75,-10,342.95,2022-04-21 15:25:00,16960.75,2022-04-19,2022-04-19 15:15:00,Buy,17250.0,CE,21.05,10.0,143.25,2022-04-21 15:25:00,2022-04-21,2,Tuesday
477,2022-04-19,2022-04-19 15:15:00,Sell,17000,CE,88.35,-10,393.25,2022-04-21 15:25:00,16960.75,2022-04-19,2022-04-19 15:15:00,Buy,17250.0,CE,21.05,10.0,143.25,2022-04-21 15:25:00,2022-04-21,2,Tuesday
478,2022-04-20,2022-04-20 09:30:00,Sell,17050,PE,68.4,-10,10.25,2022-04-21 09:15:00,17089.5,2022-04-20,2022-04-20 15:15:00,Buy,16950.0,PE,19.45,10.0,4.4,2022-04-21 09:15:00,2022-04-21,1,Wednesday
479,2022-04-20,2022-04-20 09:45:00,Sell,17100,PE,79.45,-10,15.0,2022-04-21 09:15:00,17102.15,2022-04-20,2022-04-20 15:15:00,Buy,16950.0,PE,19.45,10.0,4.4,2022-04-21 09:15:00,2022-04-21,1,Wednesday
480,2022-04-20,2022-04-20 12:45:00,Sell,17150,PE,68.1,-10,16.8,2022-04-21 09:16:00,17160.1,2022-04-20,2022-04-20 15:15:00,Buy,16950.0,PE,19.45,10.0,3.1,2022-04-21 09:16:00,2022-04-21,1,Wednesday
481,2022-04-20,2022-04-20 14:00:00,Sell,17100,CE,71.3,-10,292.75,2022-04-21 15:25:00,17086.65,2022-04-20,2022-04-20 15:15:00,Buy,17250.0,CE,21.55,10.0,143.25,2022-04-21 15:25:00,2022-04-21,1,Wednesday
482,2022-04-21,2022-04-21 09:30:00,Sell,17150,PE,16.2,-10,5.65,2022-04-21 11:14:00,17227.9,,,,,,,,,,2022-04-21,0,Thursday
483,2022-04-21,2022-04-21 09:30:00,Sell,17200,PE,29.55,-10,10.0,2022-04-21 11:06:00,17227.9,,,,,,,,,,2022-04-21,0,Thursday
484,2022-04-21,2022-04-21 09:45:00,Sell,17250,PE,39.3,-10,12.1,2022-04-21 11:25:00,17251.5,,,,,,,,,,2022-04-21,0,Thursday
485,2022-04-21,2022-04-21 11:15:00,Sell,17300,PE,25.55,-10,8.6,2022-04-21 13:27:00,17339.35,,,,,,,,,,2022-04-21,0,Thursday
486,2022-04-21,2022-04-21 12:45:00,Sell,17350,PE,25.05,-10,7.55,2022-04-21 14:16:00,17361.35,,,,,,,,,,2022-04-21,0,Thursday
487,2022-04-21,2022-04-21 14:30:00,Sell,17400,PE,16.5,-10,6.8,2022-04-21 15:25:00,17406.95,2022-04-21,2022-04-21 15:15:00,Buy,17350.0,PE,0.35,10.0,0.05,2022-04-21 15:25:00,2022-04-21,0,Thursday
488,2022-04-22,2022-04-22 09:30:00,Sell,17250,CE,148.1,-10,37.25,2022-04-25 09:16:00,17250.0,2022-04-22,2022-04-22 15:15:00,Buy,17450.0,CE,42.45,10.0,11.3,2022-04-25 09:16:00,2022-04-28,4,Friday
489,2022-04-22,2022-04-22 09:30:00,Sell,17250,PE,149.9,-10,49.4,2022-04-28 12:59:00,17250.0,2022-04-22,2022-04-22 15:15:00,Buy,16800.0,PE,39.95,10.0,1.0,2022-04-28 12:59:00,2022-04-28,4,Friday
490,2022-04-22,2022-04-22 12:00:00,Sell,17300,PE,139.75,-10,44.6,2022-04-28 13:44:00,17304.65,2022-04-22,2022-04-22 15:15:00,Buy,16800.0,PE,39.95,10.0,0.7,2022-04-28 13:44:00,2022-04-28,4,Friday
491,2022-04-22,2022-04-22 14:15:00,Sell,17250,CE,128.2,-10,37.25,2022-04-25 09:16:00,17218.6,2022-04-22,2022-04-22 15:15:00,Buy,17450.0,CE,42.45,10.0,11.3,2022-04-25 09:16:00,2022-04-28,4,Friday
492,2022-04-22,2022-04-22 14:45:00,Sell,17200,CE,138.45,-10,41.0,2022-04-25 09:15:00,17182.95,2022-04-22,2022-04-22 15:15:00,Buy,17450.0,CE,42.45,10.0,15.05,2022-04-25 09:15:00,2022-04-28,4,Friday
493,2022-04-25,2022-04-25 09:30:00,Sell,17150,CE,69.95,-10,22.4,2022-04-28 10:35:00,16989.15,2022-04-25,2022-04-25 15:15:00,Buy,17250.0,CE,31.75,10.0,4.05,2022-04-28 10:35:00,2022-04-28,3,Monday
494,2022-04-25,2022-04-25 09:30:00,Sell,17100,CE,88.0,-10,142.0,2022-04-28 15:25:00,16989.15,2022-04-25,2022-04-25 15:15:00,Buy,17250.0,CE,31.75,10.0,0.05,2022-04-28 15:25:00,2022-04-28,3,Monday
495,2022-04-25,2022-04-25 09:30:00,Sell,17050,CE,109.2,-10,191.95,2022-04-28 15:25:00,16989.15,2022-04-25,2022-04-25 15:15:00,Buy,17250.0,CE,31.75,10.0,0.05,2022-04-28 15:25:00,2022-04-28,3,Monday
496,2022-04-25,2022-04-25 09:30:00,Sell,17000,CE,133.75,-10,241.65,2022-04-28 15:25:00,16989.15,2022-04-25,2022-04-25 15:15:00,Buy,17250.0,CE,31.75,10.0,0.05,2022-04-28 15:25:00,2022-04-28,3,Monday
497,2022-04-25,2022-04-25 12:30:00,Sell,16950,CE,137.45,-10,292.8,2022-04-28 15:25:00,16942.2,2022-04-25,2022-04-25 15:15:00,Buy,17250.0,CE,31.75,10.0,0.05,2022-04-28 15:25:00,2022-04-28,3,Monday
498,2022-04-25,2022-04-25 14:45:00,Sell,16900,CE,132.0,-10,342.2,2022-04-28 15:25:00,16890.9,2022-04-25,2022-04-25 15:15:00,Buy,17250.0,CE,31.75,10.0,0.05,2022-04-28 15:25:00,2022-04-28,3,Monday
499,2022-04-25,2022-04-25 15:00:00,Sell,16950,PE,145.75,-10,49.8,2022-04-26 09:16:00,16953.3,2022-04-25,2022-04-25 15:15:00,Buy,16550.0,PE,32.55,10.0,7.65,2022-04-26 09:16:00,2022-04-28,3,Monday
500,2022-04-26,2022-04-26 09:30:00,Sell,17000,PE,51.95,-10,16.7,2022-04-28 09:15:00,17157.45,2022-04-26,2022-04-26 15:15:00,Buy,16950.0,PE,24.35,10.0,24.0,2022-04-28 09:15:00,2022-04-28,2,Tuesday
501,2022-04-26,2022-04-26 09:30:00,Sell,17050,PE,64.95,-10,15.0,2022-04-28 09:15:00,17157.45,2022-04-26,2022-04-26 15:15:00,Buy,16950.0,PE,24.35,10.0,24.0,2022-04-28 09:15:00,2022-04-28,2,Tuesday
502,2022-04-26,2022-04-26 09:30:00,Sell,17100,PE,82.05,-10,27.1,2022-04-28 11:30:00,17157.45,2022-04-26,2022-04-26 15:15:00,Buy,16950.0,PE,24.35,10.0,3.85,2022-04-28 11:30:00,2022-04-28,2,Tuesday
503,2022-04-26,2022-04-26 09:30:00,Sell,17150,PE,102.55,-10,35.35,2022-04-28 11:47:00,17157.45,2022-04-26,2022-04-26 15:15:00,Buy,16950.0,PE,24.35,10.0,3.2,2022-04-28 11:47:00,2022-04-28,2,Tuesday
504,2022-04-26,2022-04-26 13:00:00,Sell,17100,CE,102.6,-10,35.8,2022-04-28 10:46:00,17082.25,2022-04-26,2022-04-26 15:15:00,Buy,17400.0,CE,25.05,10.0,0.75,2022-04-28 10:46:00,2022-04-28,2,Tuesday
505,2022-04-26,2022-04-26 15:15:00,Sell,17150,PE,66.75,-10,23.05,2022-04-28 12:19:00,17211.65,2022-04-26,2022-04-26 15:15:00,Buy,16950.0,PE,24.35,10.0,2.4,2022-04-28 12:19:00,2022-04-28,2,Tuesday
506,2022-04-26,2022-04-26 15:15:00,Sell,17200,PE,86.7,-10,26.85,2022-04-28 12:51:00,17211.65,2022-04-26,2022-04-26 15:15:00,Buy,16950.0,PE,24.35,10.0,1.8,2022-04-28 12:51:00,2022-04-28,2,Tuesday
507,2022-04-27,2022-04-27 09:30:00,Sell,17150,CE,64.75,-10,22.4,2022-04-28 10:35:00,17088.6,2022-04-27,2022-04-27 15:15:00,Buy,17200.0,CE,21.9,10.0,10.25,2022-04-28 10:35:00,2022-04-28,1,Wednesday
508,2022-04-27,2022-04-27 09:30:00,Sell,17100,CE,87.7,-10,142.0,2022-04-28 15:25:00,17088.6,2022-04-27,2022-04-27 15:15:00,Buy,17200.0,CE,21.9,10.0,42.15,2022-04-28 15:25:00,2022-04-28,1,Wednesday
509,2022-04-27,2022-04-27 10:30:00,Sell,17050,CE,90.35,-10,191.95,2022-04-28 15:25:00,17046.35,2022-04-27,2022-04-27 15:15:00,Buy,17200.0,CE,21.9,10.0,42.15,2022-04-28 15:25:00,2022-04-28,1,Wednesday
510,2022-04-27,2022-04-27 13:00:00,Sell,17000,CE,79.65,-10,241.65,2022-04-28 15:25:00,16969.15,2022-04-27,2022-04-27 15:15:00,Buy,17200.0,CE,21.9,10.0,42.15,2022-04-28 15:25:00,2022-04-28,1,Wednesday
511,2022-04-27,2022-04-27 14:15:00,Sell,17050,PE,72.05,-10,15.0,2022-04-28 09:15:00,17061.1,2022-04-27,2022-04-27 15:15:00,Buy,16850.0,PE,21.0,10.0,8.25,2022-04-28 09:15:00,2022-04-28,1,Wednesday
512,2022-04-28,2022-04-28 09:30:00,Sell,17100,PE,39.4,-10,12.7,2022-04-28 12:02:00,17126.55,,,,,,,,,,2022-04-28,0,Thursday
513,2022-04-28,2022-04-28 12:00:00,Sell,17150,PE,31.85,-10,11.0,2022-04-28 12:58:00,17164.8,,,,,,,,,,2022-04-28,0,Thursday
514,2022-04-28,2022-04-28 12:45:00,Sell,17200,PE,33.75,-10,11.8,2022-04-28 13:10:00,17202.45,,,,,,,,,,2022-04-28,0,Thursday
515,2022-04-28,2022-04-28 13:15:00,Sell,17250,PE,29.25,-10,9.55,2022-04-28 14:00:00,17250.45,,,,,,,,,,2022-04-28,0,Thursday
516,2022-04-28,2022-04-28 14:30:00,Sell,17300,PE,17.3,-10,57.55,2022-04-28 15:25:00,17301.5,2022-04-28,2022-04-28 15:15:00,Buy,17200.0,PE,0.9,10.0,0.2,2022-04-28 15:25:00,2022-04-28,0,Thursday
517,2022-04-28,2022-04-28 15:15:00,Sell,17250,CE,0.65,-10,0.15,2022-04-28 15:23:00,17224.85,2022-04-28,2022-04-28 15:15:00,Buy,17250.0,CE,0.65,10.0,0.15,2022-04-28 15:23:00,2022-04-28,0,Thursday
518,2022-04-29,2022-04-29 09:30:00,Sell,17300,CE,164.7,-10,39.0,2022-05-02 09:15:00,17300.0,2022-04-29,2022-04-29 15:15:00,Buy,17450.0,CE,38.25,10.0,18.75,2022-05-02 09:15:00,2022-05-05,4,Friday
519,2022-04-29,2022-04-29 09:30:00,Sell,17300,PE,131.15,-10,617.8,2022-05-05 15:25:00,17300.0,2022-04-29,2022-04-29 15:15:00,Buy,16700.0,PE,38.15,10.0,17.7,2022-05-05 15:25:00,2022-05-05,4,Friday
520,2022-04-29,2022-04-29 13:00:00,Sell,17350,PE,135.3,-10,665.45,2022-05-05 15:25:00,17362.35,2022-04-29,2022-04-29 15:15:00,Buy,16700.0,PE,38.15,10.0,17.7,2022-05-05 15:25:00,2022-05-05,4,Friday
521,2022-04-29,2022-04-29 14:15:00,Sell,17300,CE,145.1,-10,39.0,2022-05-02 09:15:00,17294.3,2022-04-29,2022-04-29 15:15:00,Buy,17450.0,CE,38.25,10.0,18.75,2022-05-02 09:15:00,2022-05-05,4,Friday
522,2022-04-29,2022-04-29 14:30:00,Sell,17250,CE,145.1,-10,29.0,2022-05-02 09:15:00,17242.1,2022-04-29,2022-04-29 15:15:00,Buy,17450.0,CE,38.25,10.0,18.75,2022-05-02 09:15:00,2022-05-05,4,Friday
523,2022-04-29,2022-04-29 15:15:00,Sell,17200,CE,106.85,-10,37.25,2022-05-04 10:29:00,17072.05,2022-04-29,2022-04-29 15:15:00,Buy,17450.0,CE,38.25,10.0,6.35,2022-05-04 10:29:00,2022-05-05,4,Friday
524,2022-04-29,2022-04-29 15:15:00,Sell,17150,CE,128.0,-10,43.5,2022-05-04 10:41:00,17072.05,2022-04-29,2022-04-29 15:15:00,Buy,17450.0,CE,38.25,10.0,6.25,2022-05-04 10:41:00,2022-05-05,4,Friday
525,2022-04-29,2022-04-29 15:15:00,Sell,17100,CE,150.7,-10,52.15,2022-05-04 11:48:00,17072.05,2022-04-29,2022-04-29 15:15:00,Buy,17450.0,CE,38.25,10.0,6.25,2022-05-04 11:48:00,2022-05-05,4,Friday
526,2022-05-02,2022-05-02 09:30:00,Sell,17050,CE,95.3,-10,29.85,2022-05-04 14:09:00,16945.0,2022-05-02,2022-05-02 15:15:00,Buy,17300.0,CE,41.75,10.0,7.85,2022-05-04 14:09:00,2022-05-05,3,Monday
527,2022-05-02,2022-05-02 09:30:00,Sell,17000,CE,117.0,-10,39.1,2022-05-04 14:09:00,16945.0,2022-05-02,2022-05-02 15:15:00,Buy,17300.0,CE,41.75,10.0,7.85,2022-05-04 14:09:00,2022-05-05,3,Monday
528,2022-05-02,2022-05-02 09:30:00,Sell,16950,CE,141.65,-10,49.55,2022-05-04 14:12:00,16945.0,2022-05-02,2022-05-02 15:15:00,Buy,17300.0,CE,41.75,10.0,8.65,2022-05-04 14:12:00,2022-05-05,3,Monday
529,2022-05-02,2022-05-02 09:45:00,Sell,17000,PE,140.15,-10,316.8,2022-05-05 15:25:00,17013.0,2022-05-02,2022-05-02 15:15:00,Buy,16800.0,PE,39.5,10.0,117.25,2022-05-05 15:25:00,2022-05-05,3,Monday
530,2022-05-02,2022-05-02 15:00:00,Sell,17050,PE,119.7,-10,367.25,2022-05-05 15:25:00,17062.7,2022-05-02,2022-05-02 15:15:00,Buy,16800.0,PE,39.5,10.0,117.25,2022-05-05 15:25:00,2022-05-05,3,Monday
531,2022-05-04,2022-05-04 10:30:00,Sell,17000,CE,107.0,-10,37.4,2022-05-04 14:16:00,16978.45,,,,,,,,,,2022-05-05,1,Wednesday
532,2022-05-04,2022-05-04 10:45:00,Sell,16950,CE,119.05,-10,40.8,2022-05-04 14:33:00,16946.65,,,,,,,,,,2022-05-05,1,Wednesday
533,2022-05-04,2022-05-04 12:45:00,Sell,16900,CE,101.0,-10,34.3,2022-05-04 14:39:00,16850.15,,,,,,,,,,2022-05-05,1,Wednesday
534,2022-05-04,2022-05-04 14:15:00,Sell,16850,CE,85.4,-10,27.6,2022-05-04 14:52:00,16801.05,,,,,,,,,,2022-05-05,1,Wednesday
535,2022-05-04,2022-05-04 14:45:00,Sell,16800,CE,46.7,-10,16.3,2022-05-05 13:44:00,16661.95,2022-05-04,2022-05-04 15:15:00,Buy,16950.0,CE,20.8,10.0,1.75,2022-05-05 13:44:00,2022-05-05,1,Wednesday
536,2022-05-04,2022-05-04 14:45:00,Sell,16750,CE,62.3,-10,19.45,2022-05-05 14:01:00,16661.95,2022-05-04,2022-05-04 15:15:00,Buy,16950.0,CE,20.8,10.0,1.1,2022-05-05 14:01:00,2022-05-05,1,Wednesday
537,2022-05-04,2022-05-04 14:45:00,Sell,16700,CE,83.2,-10,28.25,2022-05-05 14:12:00,16661.95,2022-05-04,2022-05-04 15:15:00,Buy,16950.0,CE,20.8,10.0,1.05,2022-05-05 14:12:00,2022-05-05,1,Wednesday
538,2022-05-05,2022-05-05 09:30:00,Sell,16750,PE,34.4,-10,11.75,2022-05-05 10:06:00,16825.5,,,,,,,,,,2022-05-05,0,Thursday
539,2022-05-05,2022-05-05 09:30:00,Sell,16800,PE,52.65,-10,16.6,2022-05-05 10:07:00,16825.5,,,,,,,,,,2022-05-05,0,Thursday
540,2022-05-05,2022-05-05 10:15:00,Sell,16850,PE,24.0,-10,167.55,2022-05-05 15:25:00,16920.7,2022-05-05,2022-05-05 15:15:00,Buy,16650.0,PE,0.35,10.0,0.05,2022-05-05 15:25:00,2022-05-05,0,Thursday
541,2022-05-05,2022-05-05 10:15:00,Sell,16900,PE,41.45,-10,217.55,2022-05-05 15:25:00,16920.7,2022-05-05,2022-05-05 15:15:00,Buy,16650.0,PE,0.35,10.0,0.05,2022-05-05 15:25:00,2022-05-05,0,Thursday
542,2022-05-05,2022-05-05 12:00:00,Sell,16850,CE,37.65,-10,11.95,2022-05-05 13:16:00,16837.25,,,,,,,,,,2022-05-05,0,Thursday
543,2022-05-05,2022-05-05 13:45:00,Sell,16800,CE,11.95,-10,3.55,2022-05-05 14:10:00,16759.0,,,,,,,,,,2022-05-05,0,Thursday
544,2022-05-05,2022-05-05 14:15:00,Sell,16750,CE,12.85,-10,4.45,2022-05-05 14:23:00,16710.85,,,,,,,,,,2022-05-05,0,Thursday
545,2022-05-05,2022-05-05 15:15:00,Sell,16700,CE,0.9,-10,0.25,2022-05-05 15:21:00,16683.15,2022-05-05,2022-05-05 15:15:00,Buy,16700.0,CE,0.9,10.0,0.25,2022-05-05 15:21:00,2022-05-05,0,Thursday
546,2022-05-06,2022-05-06 09:30:00,Sell,16450,CE,176.8,-10,60.95,2022-05-09 09:22:00,16450.0,2022-05-06,2022-05-06 15:15:00,Buy,16700.0,CE,61.5,10.0,17.45,2022-05-09 09:22:00,2022-05-12,4,Friday
547,2022-05-06,2022-05-06 09:30:00,Sell,16450,PE,194.0,-10,642.6,2022-05-12 15:25:00,16450.0,2022-05-06,2022-05-06 15:15:00,Buy,16000.0,PE,56.75,10.0,191.4,2022-05-12 15:25:00,2022-05-12,4,Friday
548,2022-05-06,2022-05-06 10:15:00,Sell,16400,CE,188.2,-10,65.65,2022-05-09 09:34:00,16399.2,2022-05-06,2022-05-06 15:15:00,Buy,16700.0,CE,61.5,10.0,14.45,2022-05-09 09:34:00,2022-05-12,4,Friday
549,2022-05-09,2022-05-09 09:30:00,Sell,16350,CE,84.8,-10,29.15,2022-05-11 11:03:00,16156.3,2022-05-09,2022-05-09 15:15:00,Buy,16600.0,CE,37.6,10.0,5.9,2022-05-11 11:03:00,2022-05-12,3,Monday
550,2022-05-09,2022-05-09 09:30:00,Sell,16300,CE,103.0,-10,35.4,2022-05-11 12:32:00,16156.3,2022-05-09,2022-05-09 15:15:00,Buy,16600.0,CE,37.6,10.0,4.3,2022-05-11 12:32:00,2022-05-12,3,Monday
551,2022-05-09,2022-05-09 09:30:00,Sell,16250,CE,123.7,-10,42.6,2022-05-11 12:37:00,16156.3,2022-05-09,2022-05-09 15:15:00,Buy,16600.0,CE,37.6,10.0,4.3,2022-05-11 12:37:00,2022-05-12,3,Monday
552,2022-05-09,2022-05-09 09:30:00,Sell,16200,CE,147.1,-10,49.95,2022-05-11 12:47:00,16156.3,2022-05-09,2022-05-09 15:15:00,Buy,16600.0,CE,37.6,10.0,4.3,2022-05-11 12:47:00,2022-05-12,3,Monday
553,2022-05-09,2022-05-09 11:45:00,Sell,16250,PE,134.25,-10,442.3,2022-05-12 15:25:00,16307.85,2022-05-09,2022-05-09 15:15:00,Buy,15950.0,PE,39.65,10.0,141.5,2022-05-12 15:25:00,2022-05-12,3,Monday
554,2022-05-09,2022-05-09 11:45:00,Sell,16300,PE,155.55,-10,490.0,2022-05-12 15:25:00,16307.85,2022-05-09,2022-05-09 15:15:00,Buy,15950.0,PE,39.65,10.0,141.5,2022-05-12 15:25:00,2022-05-12,3,Monday
555,2022-05-09,2022-05-09 12:45:00,Sell,16350,PE,138.3,-10,541.2,2022-05-12 15:25:00,16392.5,2022-05-09,2022-05-09 15:15:00,Buy,15950.0,PE,39.65,10.0,141.5,2022-05-12 15:25:00,2022-05-12,3,Monday
556,2022-05-09,2022-05-09 14:15:00,Sell,16300,CE,130.05,-10,43.8,2022-05-11 10:28:00,16250.9,2022-05-09,2022-05-09 15:15:00,Buy,16600.0,CE,37.6,10.0,6.55,2022-05-11 10:28:00,2022-05-12,3,Monday
557,2022-05-10,2022-05-10 12:00:00,Sell,16350,PE,134.35,-10,541.2,2022-05-12 15:25:00,16355.9,2022-05-10,2022-05-10 15:15:00,Buy,16000.0,PE,39.35,10.0,191.4,2022-05-12 15:25:00,2022-05-12,2,Tuesday
558,2022-05-10,2022-05-10 15:00:00,Sell,16300,CE,117.65,-10,40.75,2022-05-11 10:45:00,16280.1,2022-05-10,2022-05-10 15:15:00,Buy,16500.0,CE,32.25,10.0,11.35,2022-05-11 10:45:00,2022-05-12,2,Tuesday
559,2022-05-10,2022-05-10 15:15:00,Sell,16250,CE,119.0,-10,40.65,2022-05-11 12:44:00,16239.75,2022-05-10,2022-05-10 15:15:00,Buy,16500.0,CE,32.25,10.0,7.55,2022-05-11 12:44:00,2022-05-12,2,Tuesday
560,2022-05-11,2022-05-11 09:30:00,Sell,16300,PE,100.2,-10,490.0,2022-05-12 15:25:00,16307.2,2022-05-11,2022-05-11 15:15:00,Buy,16000.0,PE,31.45,10.0,191.4,2022-05-12 15:25:00,2022-05-12,1,Wednesday
561,2022-05-11,2022-05-11 09:45:00,Sell,16250,CE,95.55,-10,32.45,2022-05-11 12:55:00,16218.1,,,,,,,,,,2022-05-12,1,Wednesday
562,2022-05-11,2022-05-11 10:00:00,Sell,16200,CE,104.5,-10,36.0,2022-05-11 13:22:00,16178.3,,,,,,,,,,2022-05-12,1,Wednesday
563,2022-05-11,2022-05-11 10:30:00,Sell,16150,CE,98.3,-10,11.95,2022-05-12 09:16:00,16103.0,2022-05-11,2022-05-11 15:15:00,Buy,16300.0,CE,31.9,10.0,2.8,2022-05-12 09:16:00,2022-05-12,1,Wednesday
564,2022-05-11,2022-05-11 10:45:00,Sell,16100,CE,113.15,-10,22.45,2022-05-12 09:16:00,16088.95,2022-05-11,2022-05-11 15:15:00,Buy,16300.0,CE,31.9,10.0,2.8,2022-05-12 09:16:00,2022-05-12,1,Wednesday
565,2022-05-11,2022-05-11 13:00:00,Sell,16050,CE,101.8,-10,33.65,2022-05-12 09:18:00,16039.4,2022-05-11,2022-05-11 15:15:00,Buy,16300.0,CE,31.9,10.0,3.1,2022-05-12 09:18:00,2022-05-12,1,Wednesday
566,2022-05-11,2022-05-11 14:00:00,Sell,16100,PE,84.7,-10,291.5,2022-05-12 15:25:00,16119.05,2022-05-11,2022-05-11 15:15:00,Buy,16000.0,PE,31.45,10.0,191.4,2022-05-12 15:25:00,2022-05-12,1,Wednesday
567,2022-05-11,2022-05-11 14:15:00,Sell,16150,PE,82.75,-10,341.55,2022-05-12 15:25:00,16173.9,2022-05-11,2022-05-11 15:15:00,Buy,16000.0,PE,31.45,10.0,191.4,2022-05-12 15:25:00,2022-05-12,1,Wednesday
568,2022-05-11,2022-05-11 14:45:00,Sell,16200,PE,82.25,-10,391.0,2022-05-12 15:25:00,16214.35,2022-05-11,2022-05-11 15:15:00,Buy,16000.0,PE,31.45,10.0,191.4,2022-05-12 15:25:00,2022-05-12,1,Wednesday
569,2022-05-12,2022-05-12 09:30:00,Sell,16150,CE,9.65,-10,3.1,2022-05-12 11:46:00,15909.75,,,,,,,,,,2022-05-12,0,Thursday
570,2022-05-12,2022-05-12 09:30:00,Sell,16100,CE,15.25,-10,4.8,2022-05-12 11:46:00,15909.75,,,,,,,,,,2022-05-12,0,Thursday
571,2022-05-12,2022-05-12 09:30:00,Sell,16050,CE,23.55,-10,8.05,2022-05-12 11:46:00,15909.75,,,,,,,,,,2022-05-12,0,Thursday
572,2022-05-12,2022-05-12 09:30:00,Sell,16000,CE,36.85,-10,12.7,2022-05-12 11:48:00,15909.75,,,,,,,,,,2022-05-12,0,Thursday
573,2022-05-12,2022-05-12 09:30:00,Sell,15950,CE,55.05,-10,17.7,2022-05-12 12:29:00,15909.75,,,,,,,,,,2022-05-12,0,Thursday
574,2022-05-12,2022-05-12 09:45:00,Sell,15900,CE,65.55,-10,22.75,2022-05-12 12:33:00,15875.1,,,,,,,,,,2022-05-12,0,Thursday
575,2022-05-12,2022-05-12 11:15:00,Sell,15850,CE,57.8,-10,15.4,2022-05-12 14:06:00,15834.4,,,,,,,,,,2022-05-12,0,Thursday
576,2022-05-12,2022-05-12 14:15:00,Sell,15800,CE,28.5,-10,9.75,2022-05-12 14:34:00,15790.4,,,,,,,,,,2022-05-12,0,Thursday
577,2022-05-13,2022-05-13 09:30:00,Sell,16000,CE,199.3,-10,69.6,2022-05-16 12:41:00,16000.0,2022-05-13,2022-05-13 15:15:00,Buy,16100.0,CE,51.85,10.0,42.55,2022-05-16 12:41:00,2022-05-19,4,Friday
578,2022-05-13,2022-05-13 09:30:00,Sell,16000,PE,176.05,-10,60.9,2022-05-17 14:15:00,16000.0,2022-05-13,2022-05-13 15:15:00,Buy,15350.0,PE,54.0,10.0,6.8,2022-05-17 14:15:00,2022-05-19,4,Friday
579,2022-05-13,2022-05-13 10:00:00,Sell,15950,CE,180.0,-10,57.45,2022-05-19 09:19:00,15914.1,2022-05-13,2022-05-13 15:15:00,Buy,16100.0,CE,51.85,10.0,10.2,2022-05-19 09:19:00,2022-05-19,4,Friday
580,2022-05-13,2022-05-13 10:15:00,Sell,15900,CE,195.05,-10,66.8,2022-05-19 09:46:00,15891.95,2022-05-13,2022-05-13 15:15:00,Buy,16100.0,CE,51.85,10.0,6.65,2022-05-19 09:46:00,2022-05-19,4,Friday
581,2022-05-13,2022-05-13 10:45:00,Sell,15950,PE,174.5,-10,59.7,2022-05-17 13:59:00,15966.0,2022-05-13,2022-05-13 15:15:00,Buy,15350.0,PE,54.0,10.0,7.4,2022-05-17 13:59:00,2022-05-19,4,Friday
582,2022-05-13,2022-05-13 11:15:00,Sell,16000,PE,180.95,-10,63.3,2022-05-17 14:14:00,16003.05,2022-05-13,2022-05-13 15:15:00,Buy,15350.0,PE,54.0,10.0,6.95,2022-05-17 14:14:00,2022-05-19,4,Friday
583,2022-05-13,2022-05-13 13:15:00,Sell,16050,PE,166.5,-10,56.5,2022-05-17 14:51:00,16076.35,2022-05-13,2022-05-13 15:15:00,Buy,15350.0,PE,54.0,10.0,4.75,2022-05-17 14:51:00,2022-05-19,4,Friday
584,2022-05-13,2022-05-13 14:15:00,Sell,16000,CE,144.05,-10,49.0,2022-05-19 09:15:00,15935.55,2022-05-13,2022-05-13 15:15:00,Buy,16100.0,CE,51.85,10.0,48.0,2022-05-19 09:15:00,2022-05-19,4,Friday
585,2022-05-13,2022-05-13 14:15:00,Sell,15950,CE,168.1,-10,57.45,2022-05-19 09:19:00,15935.55,2022-05-13,2022-05-13 15:15:00,Buy,16100.0,CE,51.85,10.0,10.2,2022-05-19 09:19:00,2022-05-19,4,Friday
586,2022-05-13,2022-05-13 14:30:00,Sell,15900,CE,162.0,-10,48.3,2022-05-19 11:20:00,15862.3,2022-05-13,2022-05-13 15:15:00,Buy,16100.0,CE,51.85,10.0,3.0,2022-05-19 11:20:00,2022-05-19,4,Friday
587,2022-05-13,2022-05-13 14:45:00,Sell,15850,CE,178.95,-10,60.6,2022-05-19 11:30:00,15845.85,2022-05-13,2022-05-13 15:15:00,Buy,16100.0,CE,51.85,10.0,2.5,2022-05-19 11:30:00,2022-05-19,4,Friday
588,2022-05-13,2022-05-13 15:15:00,Sell,15800,CE,161.85,-10,56.35,2022-05-19 13:07:00,15753.35,2022-05-13,2022-05-13 15:15:00,Buy,16100.0,CE,51.85,10.0,1.2,2022-05-19 13:07:00,2022-05-19,4,Friday
589,2022-05-16,2022-05-16 09:30:00,Sell,15850,PE,147.7,-10,51.5,2022-05-17 11:39:00,15888.8,2022-05-16,2022-05-16 15:15:00,Buy,15450.0,PE,43.8,10.0,12.25,2022-05-17 11:39:00,2022-05-19,3,Monday
590,2022-05-16,2022-05-16 09:45:00,Sell,15900,PE,150.5,-10,49.95,2022-05-17 13:59:00,15927.6,2022-05-16,2022-05-16 15:15:00,Buy,15450.0,PE,43.8,10.0,10.2,2022-05-17 13:59:00,2022-05-19,3,Monday
591,2022-05-16,2022-05-16 12:00:00,Sell,15850,CE,158.55,-10,53.8,2022-05-19 11:36:00,15842.9,2022-05-16,2022-05-16 15:15:00,Buy,16100.0,CE,43.55,10.0,2.5,2022-05-19 11:36:00,2022-05-19,3,Monday
592,2022-05-16,2022-05-16 12:45:00,Sell,15800,CE,152.15,-10,53.0,2022-05-19 13:08:00,15789.55,2022-05-16,2022-05-16 15:15:00,Buy,16100.0,CE,43.55,10.0,1.3,2022-05-19 13:08:00,2022-05-19,3,Monday
593,2022-05-16,2022-05-16 13:45:00,Sell,15850,PE,142.7,-10,49.4,2022-05-17 11:40:00,15874.15,2022-05-16,2022-05-16 15:15:00,Buy,15450.0,PE,43.8,10.0,11.85,2022-05-17 11:40:00,2022-05-19,3,Monday
594,2022-05-17,2022-05-17 09:30:00,Sell,15900,PE,112.0,-10,39.0,2022-05-17 14:25:00,15965.15,,,,,,,,,,2022-05-19,2,Tuesday
595,2022-05-17,2022-05-17 09:30:00,Sell,15950,PE,131.3,-10,45.45,2022-05-17 14:35:00,15965.15,,,,,,,,,,2022-05-19,2,Tuesday
596,2022-05-17,2022-05-17 10:30:00,Sell,16000,PE,124.0,-10,41.8,2022-05-17 15:01:00,16031.8,,,,,,,,,,2022-05-19,2,Tuesday
597,2022-05-17,2022-05-17 10:45:00,Sell,16050,PE,129.4,-10,44.6,2022-05-17 15:29:00,16071.4,2022-05-17,2022-05-17 15:15:00,Buy,15950.0,PE,36.15,10.0,30.3,2022-05-17 15:29:00,2022-05-19,2,Tuesday
598,2022-05-17,2022-05-17 11:30:00,Sell,16100,PE,127.7,-10,39.25,2022-05-18 09:16:00,16124.2,2022-05-17,2022-05-17 15:15:00,Buy,15950.0,PE,36.15,10.0,19.55,2022-05-18 09:16:00,2022-05-19,2,Tuesday
599,2022-05-17,2022-05-17 13:15:00,Sell,16150,PE,122.8,-10,42.6,2022-05-18 09:23:00,16172.5,2022-05-17,2022-05-17 15:15:00,Buy,15950.0,PE,36.15,10.0,17.4,2022-05-18 09:23:00,2022-05-19,2,Tuesday
600,2022-05-17,2022-05-17 14:15:00,Sell,16200,PE,123.0,-10,40.35,2022-05-18 09:50:00,16217.0,2022-05-17,2022-05-17 15:15:00,Buy,15950.0,PE,36.15,10.0,13.5,2022-05-18 09:50:00,2022-05-19,2,Tuesday
601,2022-05-18,2022-05-18 09:30:00,Sell,16250,PE,61.95,-10,439.35,2022-05-19 15:25:00,16368.0,2022-05-18,2022-05-18 15:15:00,Buy,16050.0,PE,25.05,10.0,239.0,2022-05-19 15:25:00,2022-05-19,1,Wednesday
602,2022-05-18,2022-05-18 09:30:00,Sell,16300,PE,79.5,-10,489.05,2022-05-19 15:25:00,16368.0,2022-05-18,2022-05-18 15:15:00,Buy,16050.0,PE,25.05,10.0,239.0,2022-05-19 15:25:00,2022-05-19,1,Wednesday
603,2022-05-18,2022-05-18 09:30:00,Sell,16350,PE,100.3,-10,540.55,2022-05-19 15:25:00,16368.0,2022-05-18,2022-05-18 15:15:00,Buy,16050.0,PE,25.05,10.0,239.0,2022-05-19 15:25:00,2022-05-19,1,Wednesday
604,2022-05-18,2022-05-18 12:30:00,Sell,16300,CE,58.25,-10,6.7,2022-05-19 09:15:00,16248.4,2022-05-18,2022-05-18 15:15:00,Buy,16350.0,CE,26.0,10.0,4.0,2022-05-19 09:15:00,2022-05-19,1,Wednesday
605,2022-05-18,2022-05-18 12:30:00,Sell,16250,CE,81.45,-10,3.2,2022-05-19 09:16:00,16248.4,2022-05-18,2022-05-18 15:15:00,Buy,16350.0,CE,26.0,10.0,1.65,2022-05-19 09:16:00,2022-05-19,1,Wednesday
606,2022-05-18,2022-05-18 13:45:00,Sell,16300,PE,69.2,-10,489.05,2022-05-19 15:25:00,16345.95,2022-05-18,2022-05-18 15:15:00,Buy,16050.0,PE,25.05,10.0,239.0,2022-05-19 15:25:00,2022-05-19,1,Wednesday
607,2022-05-18,2022-05-18 15:15:00,Sell,16250,CE,64.55,-10,3.2,2022-05-19 09:16:00,16237.1,2022-05-18,2022-05-18 15:15:00,Buy,16350.0,CE,26.0,10.0,1.65,2022-05-19 09:16:00,2022-05-19,1,Wednesday
608,2022-05-19,2022-05-19 09:30:00,Sell,16200,CE,4.1,-10,1.3,2022-05-19 11:44:00,15942.65,,,,,,,,,,2022-05-19,0,Thursday
609,2022-05-19,2022-05-19 09:30:00,Sell,16150,CE,6.25,-10,1.95,2022-05-19 11:20:00,15942.65,,,,,,,,,,2022-05-19,0,Thursday
610,2022-05-19,2022-05-19 09:30:00,Sell,16100,CE,11.4,-10,3.9,2022-05-19 11:17:00,15942.65,,,,,,,,,,2022-05-19,0,Thursday
611,2022-05-19,2022-05-19 09:30:00,Sell,16050,CE,19.95,-10,5.65,2022-05-19 11:20:00,15942.65,,,,,,,,,,2022-05-19,0,Thursday
612,2022-05-19,2022-05-19 09:30:00,Sell,16000,CE,35.8,-10,10.8,2022-05-19 11:25:00,15942.65,,,,,,,,,,2022-05-19,0,Thursday
613,2022-05-19,2022-05-19 09:30:00,Sell,15950,CE,58.05,-10,19.35,2022-05-19 11:28:00,15942.65,,,,,,,,,,2022-05-19,0,Thursday
614,2022-05-19,2022-05-19 11:30:00,Sell,15900,CE,35.95,-10,12.1,2022-05-19 13:07:00,15885.5,,,,,,,,,,2022-05-19,0,Thursday
615,2022-05-19,2022-05-19 12:45:00,Sell,15850,CE,36.6,-10,12.3,2022-05-19 14:15:00,15846.25,,,,,,,,,,2022-05-19,0,Thursday
616,2022-05-19,2022-05-19 14:45:00,Sell,15800,CE,16.55,-10,4.3,2022-05-19 15:12:00,15787.4,,,,,,,,,,2022-05-19,0,Thursday
617,2022-05-20,2022-05-20 09:30:00,Sell,16100,CE,193.55,-10,63.3,2022-05-25 13:01:00,16100.0,2022-05-20,2022-05-20 15:15:00,Buy,16550.0,CE,57.25,10.0,3.1,2022-05-25 13:01:00,2022-05-26,4,Friday
618,2022-05-20,2022-05-20 09:30:00,Sell,16100,PE,188.9,-10,61.7,2022-05-23 13:31:00,16100.0,2022-05-20,2022-05-20 15:15:00,Buy,15850.0,PE,59.3,10.0,29.3,2022-05-23 13:31:00,2022-05-26,4,Friday
619,2022-05-20,2022-05-20 10:00:00,Sell,16150,PE,181.55,-10,55.9,2022-05-26 13:16:00,16167.15,2022-05-20,2022-05-20 15:15:00,Buy,15850.0,PE,59.3,10.0,2.65,2022-05-26 13:16:00,2022-05-26,4,Friday
620,2022-05-20,2022-05-20 13:15:00,Sell,16200,PE,191.3,-10,61.0,2022-05-26 13:38:00,16207.45,2022-05-20,2022-05-20 15:15:00,Buy,15850.0,PE,59.3,10.0,2.25,2022-05-26 13:38:00,2022-05-26,4,Friday
621,2022-05-20,2022-05-20 15:00:00,Sell,16250,PE,180.85,-10,79.85,2022-05-26 15:25:00,16250.35,2022-05-20,2022-05-20 15:15:00,Buy,15850.0,PE,59.3,10.0,0.05,2022-05-26 15:25:00,2022-05-26,4,Friday
622,2022-05-23,2022-05-23 10:00:00,Sell,16300,PE,171.05,-10,129.95,2022-05-26 15:25:00,16311.8,2022-05-23,2022-05-23 15:15:00,Buy,15800.0,PE,44.2,10.0,0.1,2022-05-26 15:25:00,2022-05-26,3,Monday
623,2022-05-23,2022-05-23 11:30:00,Sell,16350,PE,161.7,-10,179.85,2022-05-26 15:25:00,16369.75,2022-05-23,2022-05-23 15:15:00,Buy,15800.0,PE,44.2,10.0,0.1,2022-05-26 15:25:00,2022-05-26,3,Monday
624,2022-05-23,2022-05-23 14:15:00,Sell,16300,CE,117.85,-10,38.75,2022-05-24 14:25:00,16263.5,2022-05-23,2022-05-23 15:15:00,Buy,16450.0,CE,48.1,10.0,14.1,2022-05-24 14:25:00,2022-05-26,3,Monday
625,2022-05-23,2022-05-23 14:45:00,Sell,16250,CE,136.9,-10,47.9,2022-05-24 14:49:00,16249.25,2022-05-23,2022-05-23 15:15:00,Buy,16450.0,CE,48.1,10.0,13.05,2022-05-24 14:49:00,2022-05-26,3,Monday
626,2022-05-24,2022-05-24 09:30:00,Sell,16200,CE,129.2,-10,43.7,2022-05-25 11:54:00,16186.4,2022-05-24,2022-05-24 15:15:00,Buy,16300.0,CE,41.65,10.0,20.2,2022-05-25 11:54:00,2022-05-26,2,Tuesday
627,2022-05-24,2022-05-24 10:00:00,Sell,16150,CE,127.55,-10,43.75,2022-05-25 13:07:00,16141.1,2022-05-24,2022-05-24 15:15:00,Buy,16300.0,CE,41.65,10.0,14.15,2022-05-25 13:07:00,2022-05-26,2,Tuesday
628,2022-05-24,2022-05-24 11:45:00,Sell,16200,PE,137.8,-10,47.15,2022-05-26 14:52:00,16220.85,2022-05-24,2022-05-24 15:15:00,Buy,15750.0,PE,33.75,10.0,0.3,2022-05-26 14:52:00,2022-05-26,2,Tuesday
629,2022-05-24,2022-05-24 14:15:00,Sell,16150,CE,109.25,-10,35.8,2022-05-25 13:41:00,16148.25,2022-05-24,2022-05-24 15:15:00,Buy,16300.0,CE,41.65,10.0,11.2,2022-05-25 13:41:00,2022-05-26,2,Tuesday
630,2022-05-24,2022-05-24 14:30:00,Sell,16100,CE,110.75,-10,36.85,2022-05-26 09:39:00,16095.0,2022-05-24,2022-05-24 15:15:00,Buy,16300.0,CE,41.65,10.0,2.6,2022-05-26 09:39:00,2022-05-26,2,Tuesday
631,2022-05-25,2022-05-25 09:30:00,Sell,16150,PE,81.2,-10,27.05,2022-05-26 14:44:00,16200.25,2022-05-25,2022-05-25 15:15:00,Buy,15800.0,PE,25.9,10.0,0.5,2022-05-26 14:44:00,2022-05-26,1,Wednesday
632,2022-05-25,2022-05-25 09:30:00,Sell,16200,PE,103.15,-10,33.4,2022-05-26 14:54:00,16200.25,2022-05-25,2022-05-25 15:15:00,Buy,15800.0,PE,25.9,10.0,0.3,2022-05-26 14:54:00,2022-05-26,1,Wednesday
633,2022-05-25,2022-05-25 10:00:00,Sell,16150,CE,97.5,-10,33.35,2022-05-25 14:46:00,16135.6,,,,,,,,,,2022-05-26,1,Wednesday
634,2022-05-25,2022-05-25 11:45:00,Sell,16100,CE,95.4,-10,29.9,2022-05-26 09:42:00,16097.45,2022-05-25,2022-05-25 15:15:00,Buy,16200.0,CE,23.4,10.0,7.55,2022-05-26 09:42:00,2022-05-26,1,Wednesday
635,2022-05-25,2022-05-25 13:45:00,Sell,16050,CE,75.7,-10,26.0,2022-05-26 10:29:00,16027.25,2022-05-25,2022-05-25 15:15:00,Buy,16200.0,CE,23.4,10.0,4.4,2022-05-26 10:29:00,2022-05-26,1,Wednesday
636,2022-05-26,2022-05-26 10:30:00,Sell,16000,CE,39.55,-10,12.7,2022-05-26 11:40:00,15959.2,,,,,,,,,,2022-05-26,0,Thursday
637,2022-05-26,2022-05-26 10:45:00,Sell,15950,CE,44.5,-10,220.65,2022-05-26 15:25:00,15944.15,2022-05-26,2022-05-26 15:15:00,Buy,16150.0,CE,13.75,10.0,20.2,2022-05-26 15:25:00,2022-05-26,0,Thursday
638,2022-05-26,2022-05-26 13:15:00,Sell,16000,PE,13.2,-10,4.15,2022-05-26 14:17:00,16097.75,,,,,,,,,,2022-05-26,0,Thursday
639,2022-05-26,2022-05-26 13:15:00,Sell,16050,PE,23.7,-10,6.1,2022-05-26 14:21:00,16097.75,,,,,,,,,,2022-05-26,0,Thursday
640,2022-05-26,2022-05-26 13:30:00,Sell,16100,PE,32.3,-10,11.0,2022-05-26 14:23:00,16128.7,,,,,,,,,,2022-05-26,0,Thursday
641,2022-05-26,2022-05-26 15:00:00,Sell,16150,PE,3.7,-10,1.25,2022-05-26 15:15:00,16183.25,,,,,,,,,,2022-05-26,0,Thursday
0,2021-10-01,2021-10-01 09:30:00,Sell,17500,CE,151.7,-10,291.4,2021-10-07 15:25:00,17500.0,2021-10-01,2021-10-01 15:15:00,Buy,17750.0,CE,46.75,10.0,41.4,2021-10-07 15:25:00,2021-10-07,4,Friday
1,2021-10-01,2021-10-01 09:30:00,Sell,17500,PE,161.95,-10,55.05,2021-10-04 09:46:00,17500.0,2021-10-01,2021-10-01 15:15:00,Buy,17300.0,PE,50.75,10.0,20.0,2021-10-04 09:46:00,2021-10-07,4,Friday
2,2021-10-04,2021-10-04 09:30:00,Sell,17550,PE,88.6,-10,30.45,2021-10-05 12:42:00,17620.05,2021-10-04,2021-10-04 15:15:00,Buy,17500.0,PE,29.95,10.0,22.35,2021-10-05 12:42:00,2021-10-07,3,Monday
3,2021-10-04,2021-10-04 09:30:00,Sell,17600,PE,110.8,-10,38.2,2021-10-05 12:43:00,17620.05,2021-10-04,2021-10-04 15:15:00,Buy,17500.0,PE,29.95,10.0,21.0,2021-10-05 12:43:00,2021-10-07,3,Monday
4,2021-10-04,2021-10-04 09:45:00,Sell,17650,PE,115.85,-10,40.3,2021-10-05 12:58:00,17652.6,2021-10-04,2021-10-04 15:15:00,Buy,17500.0,PE,29.95,10.0,16.55,2021-10-05 12:58:00,2021-10-07,3,Monday
5,2021-10-04,2021-10-04 10:00:00,Sell,17700,PE,114.0,-10,39.75,2021-10-05 14:15:00,17705.85,2021-10-04,2021-10-04 15:15:00,Buy,17500.0,PE,29.95,10.0,13.0,2021-10-05 14:15:00,2021-10-07,3,Monday
6,2021-10-05,2021-10-05 13:00:00,Sell,17750,PE,75.45,-10,26.35,2021-10-06 09:29:00,17759.6,2021-10-05,2021-10-05 15:15:00,Buy,17650.0,PE,23.35,10.0,12.45,2021-10-06 09:29:00,2021-10-07,2,Tuesday
7,2021-10-05,2021-10-05 14:45:00,Sell,17800,PE,62.0,-10,18.3,2021-10-07 11:43:00,17825.6,2021-10-05,2021-10-05 15:15:00,Buy,17650.0,PE,23.35,10.0,3.4,2021-10-07 11:43:00,2021-10-07,2,Tuesday
8,2021-10-06,2021-10-06 09:30:00,Sell,17850,PE,60.25,-10,19.0,2021-10-07 13:14:00,17869.4,2021-10-06,2021-10-06 15:15:00,Buy,17450.0,PE,12.2,10.0,0.85,2021-10-07 13:14:00,2021-10-07,1,Wednesday
9,2021-10-06,2021-10-06 13:15:00,Sell,17800,CE,50.85,-10,17.4,2021-10-06 14:48:00,17775.0,,,,,,,,,,2021-10-07,1,Wednesday
10,2021-10-06,2021-10-06 14:30:00,Sell,17750,CE,42.5,-10,41.4,2021-10-07 15:25:00,17709.15,2021-10-06,2021-10-06 15:15:00,Buy,17800.0,CE,14.7,10.0,0.1,2021-10-07 15:25:00,2021-10-07,1,Wednesday
11,2021-10-06,2021-10-06 14:45:00,Sell,17700,CE,50.6,-10,91.05,2021-10-07 15:25:00,17673.9,2021-10-06,2021-10-06 15:15:00,Buy,17800.0,CE,14.7,10.0,0.1,2021-10-07 15:25:00,2021-10-07,1,Wednesday
12,2021-10-07,2021-10-07 09:30:00,Sell,17750,PE,19.0,-10,6.55,2021-10-07 11:59:00,17810.1,,,,,,,,,,2021-10-07,0,Thursday
13,2021-10-07,2021-10-07 09:30:00,Sell,17800,PE,35.3,-10,12.1,2021-10-07 12:07:00,17810.1,,,,,,,,,,2021-10-07,0,Thursday
14,2021-10-08,2021-10-08 09:30:00,Sell,17900,CE,110.7,-10,437.45,2021-10-14 15:25:00,17900.0,2021-10-08,2021-10-08 15:15:00,Buy,18100.0,CE,33.75,10.0,237.0,2021-10-14 15:25:00,2021-10-14,4,Friday
15,2021-10-08,2021-10-08 09:30:00,Sell,17900,PE,142.0,-10,47.6,2021-10-11 13:03:00,17900.0,2021-10-08,2021-10-08 15:15:00,Buy,17650.0,PE,34.35,10.0,16.0,2021-10-11 13:03:00,2021-10-14,4,Friday
16,2021-10-11,2021-10-11 10:00:00,Sell,17950,PE,94.0,-10,32.2,2021-10-13 09:21:00,17971.2,2021-10-11,2021-10-11 15:15:00,Buy,17700.0,PE,24.2,10.0,7.5,2021-10-13 09:21:00,2021-10-14,3,Monday
17,2021-10-11,2021-10-11 11:15:00,Sell,18000,PE,90.3,-10,31.6,2021-10-13 10:29:00,18016.55,2021-10-11,2021-10-11 15:15:00,Buy,17700.0,PE,24.2,10.0,6.55,2021-10-13 10:29:00,2021-10-14,3,Monday
18,2021-10-12,2021-10-12 09:45:00,Sell,17950,CE,86.3,-10,387.0,2021-10-14 15:25:00,17948.0,2021-10-12,2021-10-12 15:15:00,Buy,18150.0,CE,19.45,10.0,187.2,2021-10-14 15:25:00,2021-10-14,2,Tuesday
19,2021-10-12,2021-10-12 12:00:00,Sell,17900,CE,83.2,-10,437.45,2021-10-14 15:25:00,17889.2,2021-10-12,2021-10-12 15:15:00,Buy,18150.0,CE,19.45,10.0,187.2,2021-10-14 15:25:00,2021-10-14,2,Tuesday
20,2021-10-12,2021-10-12 14:15:00,Sell,17950,PE,74.05,-10,25.7,2021-10-13 09:52:00,17964.55,2021-10-12,2021-10-12 15:15:00,Buy,17800.0,PE,24.35,10.0,11.55,2021-10-13 09:52:00,2021-10-14,2,Tuesday
21,2021-10-13,2021-10-13 09:30:00,Sell,18000,PE,42.0,-10,14.45,2021-10-13 14:38:00,18086.6,,,,,,,,,,2021-10-14,1,Wednesday
22,2021-10-13,2021-10-13 09:30:00,Sell,18050,PE,58.5,-10,20.05,2021-10-13 14:38:00,18086.6,,,,,,,,,,2021-10-14,1,Wednesday
23,2021-10-13,2021-10-13 10:00:00,Sell,18100,PE,64.0,-10,14.0,2021-10-14 09:15:00,18116.65,2021-10-13,2021-10-13 15:15:00,Buy,18050.0,PE,21.05,10.0,8.0,2021-10-14 09:15:00,2021-10-14,1,Wednesday
24,2021-10-13,2021-10-13 12:30:00,Sell,18150,PE,62.05,-10,13.6,2021-10-14 09:16:00,18155.2,2021-10-13,2021-10-13 15:15:00,Buy,18050.0,PE,21.05,10.0,4.0,2021-10-14 09:16:00,2021-10-14,1,Wednesday
25,2021-10-14,2021-10-14 09:30:00,Sell,18200,PE,17.0,-10,5.9,2021-10-14 11:31:00,18275.55,,,,,,,,,,2021-10-14,0,Thursday
26,2021-10-14,2021-10-14 09:30:00,Sell,18250,PE,32.05,-10,11.05,2021-10-14 11:47:00,18275.55,,,,,,,,,,2021-10-14,0,Thursday
27,2021-10-14,2021-10-14 11:30:00,Sell,18300,PE,29.8,-10,10.3,2021-10-14 14:17:00,18309.5,,,,,,,,,,2021-10-14,0,Thursday
28,2021-10-18,2021-10-18 09:30:00,Sell,18350,PE,53.95,-10,174.15,2021-10-21 15:25:00,18513.25,2021-10-18,2021-10-18 15:15:00,Buy,18200.0,PE,22.95,10.0,27.7,2021-10-21 15:25:00,2021-10-21,3,Monday
29,2021-10-18,2021-10-18 09:30:00,Sell,18400,PE,69.35,-10,224.0,2021-10-21 15:25:00,18513.25,2021-10-18,2021-10-18 15:15:00,Buy,18200.0,PE,22.95,10.0,27.7,2021-10-21 15:25:00,2021-10-21,3,Monday
30,2021-10-18,2021-10-18 09:30:00,Sell,18450,PE,87.75,-10,274.15,2021-10-21 15:25:00,18513.25,2021-10-18,2021-10-18 15:15:00,Buy,18200.0,PE,22.95,10.0,27.7,2021-10-21 15:25:00,2021-10-21,3,Monday
31,2021-10-18,2021-10-18 09:30:00,Sell,18500,PE,109.5,-10,325.0,2021-10-21 15:25:00,18513.25,2021-10-18,2021-10-18 15:15:00,Buy,18200.0,PE,22.95,10.0,27.7,2021-10-21 15:25:00,2021-10-21,3,Monday
32,2021-10-19,2021-10-19 09:30:00,Sell,18550,PE,80.65,-10,374.3,2021-10-21 15:25:00,18580.65,2021-10-19,2021-10-19 15:15:00,Buy,18150.0,PE,24.55,10.0,0.05,2021-10-21 15:25:00,2021-10-21,2,Tuesday
33,2021-10-19,2021-10-19 10:15:00,Sell,18500,CE,84.3,-10,28.8,2021-10-20 12:38:00,18459.45,2021-10-19,2021-10-19 15:15:00,Buy,18650.0,CE,21.9,10.0,8.0,2021-10-20 12:38:00,2021-10-21,2,Tuesday
34,2021-10-19,2021-10-19 11:30:00,Sell,18550,PE,87.1,-10,374.3,2021-10-21 15:25:00,18564.95,2021-10-19,2021-10-19 15:15:00,Buy,18150.0,PE,24.55,10.0,0.05,2021-10-21 15:25:00,2021-10-21,2,Tuesday
35,2021-10-19,2021-10-19 14:45:00,Sell,18500,CE,94.7,-10,32.85,2021-10-20 12:05:00,18498.8,2021-10-19,2021-10-19 15:15:00,Buy,18650.0,CE,21.9,10.0,10.05,2021-10-20 12:05:00,2021-10-21,2,Tuesday
36,2021-10-19,2021-10-19 15:15:00,Sell,18450,CE,85.2,-10,29.4,2021-10-20 13:37:00,18404.4,2021-10-19,2021-10-19 15:15:00,Buy,18650.0,CE,21.9,10.0,5.7,2021-10-20 13:37:00,2021-10-21,2,Tuesday
37,2021-10-20,2021-10-20 09:30:00,Sell,18400,CE,88.0,-10,29.55,2021-10-20 14:19:00,18376.7,,,,,,,,,,2021-10-21,1,Wednesday
38,2021-10-20,2021-10-20 12:00:00,Sell,18350,CE,94.25,-10,32.15,2021-10-21 09:29:00,18333.85,2021-10-20,2021-10-20 15:15:00,Buy,18400.0,CE,26.6,10.0,17.0,2021-10-21 09:29:00,2021-10-21,1,Wednesday
39,2021-10-20,2021-10-20 12:45:00,Sell,18300,CE,102.45,-10,32.9,2021-10-21 10:07:00,18293.9,2021-10-20,2021-10-20 15:15:00,Buy,18400.0,CE,26.6,10.0,8.95,2021-10-21 10:07:00,2021-10-21,1,Wednesday
40,2021-10-20,2021-10-20 14:30:00,Sell,18250,CE,83.65,-10,28.75,2021-10-21 10:45:00,18221.2,2021-10-20,2021-10-20 15:15:00,Buy,18400.0,CE,26.6,10.0,5.2,2021-10-21 10:45:00,2021-10-21,1,Wednesday
41,2021-10-21,2021-10-21 10:45:00,Sell,18200,CE,50.4,-10,16.45,2021-10-21 12:25:00,18182.2,,,,,,,,,,2021-10-21,0,Thursday
42,2021-10-21,2021-10-21 11:00:00,Sell,18150,CE,57.7,-10,18.55,2021-10-21 13:31:00,18143.25,,,,,,,,,,2021-10-21,0,Thursday
43,2021-10-21,2021-10-21 13:45:00,Sell,18100,CE,32.8,-10,10.65,2021-10-21 14:26:00,18090.15,,,,,,,,,,2021-10-21,0,Thursday
44,2021-10-21,2021-10-21 15:00:00,Sell,18150,PE,2.15,-10,0.6,2021-10-21 15:15:00,18177.2,,,,,,,,,,2021-10-21,0,Thursday
45,2021-10-22,2021-10-22 09:30:00,Sell,18300,CE,131.35,-10,45.65,2021-10-25 09:47:00,18300.0,2021-10-22,2021-10-22 15:15:00,Buy,18400.0,CE,46.15,10.0,26.65,2021-10-25 09:47:00,2021-10-28,4,Friday
46,2021-10-22,2021-10-22 09:30:00,Sell,18300,PE,151.1,-10,448.0,2021-10-28 15:25:00,18300.0,2021-10-22,2021-10-22 15:15:00,Buy,17850.0,PE,39.8,10.0,1.1,2021-10-28 15:25:00,2021-10-28,4,Friday
47,2021-10-22,2021-10-22 11:30:00,Sell,18250,CE,127.7,-10,40.85,2021-10-27 15:23:00,18203.8,2021-10-22,2021-10-22 15:15:00,Buy,18400.0,CE,46.15,10.0,8.3,2021-10-27 15:23:00,2021-10-28,4,Friday
48,2021-10-22,2021-10-22 12:00:00,Sell,18200,CE,134.05,-10,43.2,2021-10-28 09:16:00,18181.2,2021-10-22,2021-10-22 15:15:00,Buy,18400.0,CE,46.15,10.0,4.0,2021-10-28 09:16:00,2021-10-28,4,Friday
49,2021-10-22,2021-10-22 12:15:00,Sell,18150,CE,151.0,-10,48.05,2021-10-28 09:29:00,18145.25,2021-10-22,2021-10-22 15:15:00,Buy,18400.0,CE,46.15,10.0,3.75,2021-10-28 09:29:00,2021-10-28,4,Friday
50,2021-10-22,2021-10-22 13:15:00,Sell,18100,CE,144.0,-10,45.3,2021-10-28 09:45:00,18082.45,2021-10-22,2021-10-22 15:15:00,Buy,18400.0,CE,46.15,10.0,3.9,2021-10-28 09:45:00,2021-10-28,4,Friday
51,2021-10-25,2021-10-25 10:00:00,Sell,18050,CE,124.1,-10,42.75,2021-10-28 11:04:00,17986.5,2021-10-25,2021-10-25 15:15:00,Buy,18350.0,CE,43.05,10.0,4.6,2021-10-28 11:04:00,2021-10-28,3,Monday
52,2021-10-25,2021-10-25 10:00:00,Sell,18000,CE,148.85,-10,51.2,2021-10-28 12:25:00,17986.5,2021-10-25,2021-10-25 15:15:00,Buy,18350.0,CE,43.05,10.0,2.45,2021-10-28 12:25:00,2021-10-28,3,Monday
53,2021-10-25,2021-10-25 10:45:00,Sell,18050,PE,109.45,-10,37.55,2021-10-26 09:51:00,18092.0,2021-10-25,2021-10-25 15:15:00,Buy,17900.0,PE,40.6,10.0,18.25,2021-10-26 09:51:00,2021-10-28,3,Monday
54,2021-10-25,2021-10-25 11:00:00,Sell,18100,PE,127.35,-10,44.55,2021-10-26 09:58:00,18110.0,2021-10-25,2021-10-25 15:15:00,Buy,17900.0,PE,40.6,10.0,16.5,2021-10-26 09:58:00,2021-10-28,3,Monday
55,2021-10-25,2021-10-25 11:45:00,Sell,18150,PE,123.85,-10,39.9,2021-10-26 15:09:00,18153.35,2021-10-25,2021-10-25 15:15:00,Buy,17900.0,PE,40.6,10.0,10.75,2021-10-26 15:09:00,2021-10-28,3,Monday
56,2021-10-25,2021-10-25 14:30:00,Sell,18100,CE,131.1,-10,45.3,2021-10-28 09:45:00,18097.85,2021-10-25,2021-10-25 15:15:00,Buy,18350.0,CE,43.05,10.0,4.95,2021-10-28 09:45:00,2021-10-28,3,Monday
57,2021-10-26,2021-10-26 09:30:00,Sell,18150,PE,73.75,-10,25.5,2021-10-26 15:29:00,18233.4,2021-10-26,2021-10-26 15:15:00,Buy,18100.0,PE,29.4,10.0,18.85,2021-10-26 15:29:00,2021-10-28,2,Tuesday
58,2021-10-26,2021-10-26 09:30:00,Sell,18200,PE,91.8,-10,32.0,2021-10-26 15:30:00,18233.4,2021-10-26,2021-10-26 15:15:00,Buy,18100.0,PE,29.4,10.0,19.35,2021-10-26 15:30:00,2021-10-28,2,Tuesday
59,2021-10-26,2021-10-26 10:00:00,Sell,18250,PE,93.05,-10,398.3,2021-10-28 15:25:00,18260.25,2021-10-26,2021-10-26 15:15:00,Buy,18100.0,PE,29.4,10.0,248.6,2021-10-28 15:25:00,2021-10-28,2,Tuesday
60,2021-10-26,2021-10-26 10:45:00,Sell,18200,CE,108.7,-10,34.0,2021-10-28 09:20:00,18165.3,2021-10-26,2021-10-26 15:15:00,Buy,18450.0,CE,31.2,10.0,3.0,2021-10-28 09:20:00,2021-10-28,2,Tuesday
61,2021-10-26,2021-10-26 11:30:00,Sell,18150,CE,106.45,-10,34.35,2021-10-28 09:37:00,18118.15,2021-10-26,2021-10-26 15:15:00,Buy,18450.0,CE,31.2,10.0,4.0,2021-10-28 09:37:00,2021-10-28,2,Tuesday
62,2021-10-26,2021-10-26 13:45:00,Sell,18200,PE,80.55,-10,28.1,2021-10-27 11:52:00,18229.95,2021-10-26,2021-10-26 15:15:00,Buy,18100.0,PE,29.4,10.0,14.6,2021-10-27 11:52:00,2021-10-28,2,Tuesday
63,2021-10-26,2021-10-26 15:15:00,Sell,18250,PE,67.35,-10,398.3,2021-10-28 15:25:00,18264.2,2021-10-26,2021-10-26 15:15:00,Buy,18100.0,PE,29.4,10.0,248.6,2021-10-28 15:25:00,2021-10-28,2,Tuesday
64,2021-10-27,2021-10-27 09:30:00,Sell,18300,PE,80.0,-10,448.0,2021-10-28 15:25:00,18308.8,2021-10-27,2021-10-27 15:15:00,Buy,18100.0,PE,22.85,10.0,248.6,2021-10-28 15:25:00,2021-10-28,1,Wednesday
65,2021-10-27,2021-10-27 14:45:00,Sell,18250,CE,61.35,-10,21.3,2021-10-28 09:18:00,18222.3,2021-10-27,2021-10-27 15:15:00,Buy,18350.0,CE,23.2,10.0,6.35,2021-10-28 09:18:00,2021-10-28,1,Wednesday
66,2021-10-28,2021-10-28 09:30:00,Sell,18200,CE,26.15,-10,9.05,2021-10-28 11:35:00,18130.3,,,,,,,,,,2021-10-28,0,Thursday
67,2021-10-28,2021-10-28 09:30:00,Sell,18150,CE,46.05,-10,16.1,2021-10-28 10:48:00,18130.3,,,,,,,,,,2021-10-28,0,Thursday
68,2021-10-28,2021-10-28 09:45:00,Sell,18100,CE,45.3,-10,15.7,2021-10-28 12:16:00,18067.75,,,,,,,,,,2021-10-28,0,Thursday
69,2021-10-28,2021-10-28 10:45:00,Sell,18050,CE,54.35,-10,17.6,2021-10-28 13:32:00,18045.65,,,,,,,,,,2021-10-28,0,Thursday
70,2021-10-28,2021-10-28 12:30:00,Sell,18000,CE,41.25,-10,13.5,2021-10-28 14:02:00,17990.9,,,,,,,,,,2021-10-28,0,Thursday
71,2021-10-28,2021-10-28 14:00:00,Sell,17950,CE,33.3,-10,10.95,2021-10-28 14:39:00,17947.45,,,,,,,,,,2021-10-28,0,Thursday
72,2021-10-28,2021-10-28 15:15:00,Sell,17900,CE,0.7,-10,0.15,2021-10-28 15:19:00,17854.0,2021-10-28,2021-10-28 15:15:00,Buy,18000.0,CE,0.2,10.0,0.1,2021-10-28 15:19:00,2021-10-28,0,Thursday
73,2021-10-29,2021-10-29 09:30:00,Sell,17700,CE,198.5,-10,69.4,2021-11-03 14:33:00,17700.0,2021-10-29,2021-10-29 15:15:00,Buy,17950.0,CE,44.4,10.0,51.15,2021-11-03 14:33:00,2021-11-03,3,Friday
74,2021-10-29,2021-10-29 09:30:00,Sell,17700,PE,172.55,-10,60.1,2021-10-29 11:08:00,17700.0,,,,,,,,,,2021-11-03,3,Friday
75,2021-10-29,2021-10-29 09:45:00,Sell,17750,PE,144.3,-10,49.85,2021-11-01 13:32:00,17775.15,2021-10-29,2021-10-29 15:15:00,Buy,17400.0,PE,44.6,10.0,28.5,2021-11-01 13:32:00,2021-11-03,3,Friday
76,2021-10-29,2021-10-29 10:00:00,Sell,17800,PE,142.75,-10,47.75,2021-11-01 13:41:00,17813.45,2021-10-29,2021-10-29 15:15:00,Buy,17400.0,PE,44.6,10.0,28.5,2021-11-01 13:41:00,2021-11-03,3,Friday
77,2021-10-29,2021-10-29 10:15:00,Sell,17850,PE,136.85,-10,44.6,2021-11-01 14:27:00,17856.85,2021-10-29,2021-10-29 15:15:00,Buy,17400.0,PE,44.6,10.0,28.5,2021-11-01 14:27:00,2021-11-03,3,Friday
78,2021-10-29,2021-10-29 10:45:00,Sell,17900,PE,135.9,-10,44.25,2021-11-02 09:17:00,17900.05,2021-10-29,2021-10-29 15:15:00,Buy,17400.0,PE,44.6,10.0,28.5,2021-11-02 09:17:00,2021-11-03,3,Friday
79,2021-10-29,2021-10-29 11:15:00,Sell,17850,CE,157.5,-10,54.4,2021-11-03 12:19:00,17835.4,2021-10-29,2021-10-29 15:15:00,Buy,17950.0,CE,44.4,10.0,51.15,2021-11-03 12:19:00,2021-11-03,3,Friday
80,2021-10-29,2021-10-29 13:15:00,Sell,17800,CE,128.3,-10,40.3,2021-11-03 13:14:00,17741.1,2021-10-29,2021-10-29 15:15:00,Buy,17950.0,CE,44.4,10.0,51.15,2021-11-03 13:14:00,2021-11-03,3,Friday
81,2021-10-29,2021-10-29 13:15:00,Sell,17750,CE,154.9,-10,44.3,2021-11-03 14:29:00,17741.1,2021-10-29,2021-10-29 15:15:00,Buy,17950.0,CE,44.4,10.0,51.15,2021-11-03 14:29:00,2021-11-03,3,Friday
82,2021-10-29,2021-10-29 14:15:00,Sell,17700,CE,135.0,-10,130.45,2021-11-03 15:25:00,17643.15,2021-10-29,2021-10-29 15:15:00,Buy,17950.0,CE,44.4,10.0,51.15,2021-11-03 15:25:00,2021-11-03,3,Friday
83,2021-10-29,2021-10-29 14:15:00,Sell,17650,CE,162.2,-10,180.0,2021-11-03 15:25:00,17643.15,2021-10-29,2021-10-29 15:15:00,Buy,17950.0,CE,44.4,10.0,51.15,2021-11-03 15:25:00,2021-11-03,3,Friday
84,2021-10-29,2021-10-29 14:30:00,Sell,17700,PE,124.8,-10,43.45,2021-11-01 13:17:00,17703.2,2021-10-29,2021-10-29 15:15:00,Buy,17400.0,PE,44.6,10.0,28.5,2021-11-01 13:17:00,2021-11-03,3,Friday
85,2021-10-29,2021-10-29 15:15:00,Sell,17650,CE,155.85,-10,180.0,2021-11-03 15:25:00,17649.45,2021-10-29,2021-10-29 15:15:00,Buy,17950.0,CE,44.4,10.0,51.15,2021-11-03 15:25:00,2021-11-03,3,Friday
86,2021-11-01,2021-11-01 09:30:00,Sell,17700,PE,92.75,-10,32.35,2021-11-01 13:37:00,17746.35,,,,,,,,,,2021-11-03,2,Monday
87,2021-11-01,2021-11-01 09:45:00,Sell,17750,PE,100.6,-10,34.9,2021-11-01 13:46:00,17765.45,,,,,,,,,,2021-11-03,2,Monday
88,2021-11-01,2021-11-01 10:00:00,Sell,17800,PE,97.55,-10,33.05,2021-11-01 14:27:00,17812.35,,,,,,,,,,2021-11-03,2,Monday
89,2021-11-01,2021-11-01 10:45:00,Sell,17750,CE,134.0,-10,44.3,2021-11-03 14:29:00,17742.25,2021-11-01,2021-11-01 15:15:00,Buy,18200.0,CE,21.6,10.0,0.85,2021-11-03 14:29:00,2021-11-03,2,Monday
90,2021-11-01,2021-11-01 13:15:00,Sell,17800,PE,74.35,-10,22.45,2021-11-02 09:17:00,17811.25,2021-11-01,2021-11-01 15:15:00,Buy,17750.0,PE,26.9,10.0,15.75,2021-11-02 09:17:00,2021-11-03,2,Monday
91,2021-11-01,2021-11-01 13:45:00,Sell,17850,PE,60.8,-10,18.45,2021-11-03 09:16:00,17894.95,2021-11-01,2021-11-01 15:15:00,Buy,17750.0,PE,26.9,10.0,7.3,2021-11-03 09:16:00,2021-11-03,2,Monday
92,2021-11-01,2021-11-01 14:00:00,Sell,17900,PE,73.05,-10,24.4,2021-11-03 09:27:00,17908.0,2021-11-01,2021-11-01 15:15:00,Buy,17750.0,PE,26.9,10.0,5.1,2021-11-03 09:27:00,2021-11-03,2,Monday
93,2021-11-02,2021-11-02 09:30:00,Sell,17950,PE,69.45,-10,119.55,2021-11-03 15:25:00,17973.25,2021-11-02,2021-11-02 15:15:00,Buy,17800.0,PE,28.8,10.0,0.05,2021-11-03 15:25:00,2021-11-03,1,Tuesday
94,2021-11-02,2021-11-02 10:45:00,Sell,17900,CE,90.25,-10,29.0,2021-11-03 12:16:00,17897.05,2021-11-02,2021-11-02 15:15:00,Buy,18000.0,CE,28.55,10.0,6.1,2021-11-03 12:16:00,2021-11-03,1,Tuesday
95,2021-11-02,2021-11-02 11:30:00,Sell,17950,PE,74.45,-10,25.6,2021-11-03 11:16:00,17952.35,2021-11-02,2021-11-02 15:15:00,Buy,17800.0,PE,28.8,10.0,3.4,2021-11-03 11:16:00,2021-11-03,1,Tuesday
96,2021-11-02,2021-11-02 13:00:00,Sell,17900,CE,83.5,-10,29.0,2021-11-03 12:16:00,17896.95,2021-11-02,2021-11-02 15:15:00,Buy,18000.0,CE,28.55,10.0,6.1,2021-11-03 12:16:00,2021-11-03,1,Tuesday
97,2021-11-03,2021-11-03 09:30:00,Sell,17950,PE,40.65,-10,119.55,2021-11-03 15:25:00,17966.8,2021-11-03,2021-11-03 15:15:00,Buy,17800.0,PE,0.65,10.0,0.05,2021-11-03 15:25:00,2021-11-03,0,Wednesday
98,2021-11-03,2021-11-03 12:15:00,Sell,17900,CE,37.6,-10,11.5,2021-11-03 13:05:00,17897.05,,,,,,,,,,2021-11-03,0,Wednesday
99,2021-11-03,2021-11-03 13:15:00,Sell,17850,CE,17.55,-10,5.3,2021-11-03 14:29:00,17809.3,,,,,,,,,,2021-11-03,0,Wednesday
100,2021-11-03,2021-11-03 14:30:00,Sell,17800,CE,16.4,-10,30.35,2021-11-03 15:25:00,17782.8,2021-11-03,2021-11-03 15:15:00,Buy,17850.0,CE,0.4,10.0,0.1,2021-11-03 15:25:00,2021-11-03,0,Wednesday
101,2021-11-08,2021-11-08 09:45:00,Sell,17850,PE,105.55,-10,36.35,2021-11-08 12:54:00,17870.4,,,,,,,,,,2021-11-11,3,Monday
102,2021-11-08,2021-11-08 11:15:00,Sell,17900,PE,88.25,-10,30.85,2021-11-09 15:19:00,17917.55,2021-11-08,2021-11-08 15:15:00,Buy,17800.0,PE,22.8,10.0,16.45,2021-11-09 15:19:00,2021-11-11,3,Monday
103,2021-11-08,2021-11-08 12:15:00,Sell,17950,PE,81.55,-10,78.15,2021-11-11 15:25:00,17967.45,2021-11-08,2021-11-08 15:15:00,Buy,17800.0,PE,22.8,10.0,0.05,2021-11-11 15:25:00,2021-11-11,3,Monday
104,2021-11-08,2021-11-08 13:00:00,Sell,18000,PE,77.55,-10,128.05,2021-11-11 15:25:00,18013.8,2021-11-08,2021-11-08 15:15:00,Buy,17800.0,PE,22.8,10.0,0.05,2021-11-11 15:25:00,2021-11-11,3,Monday
105,2021-11-08,2021-11-08 13:45:00,Sell,18050,PE,76.2,-10,178.6,2021-11-11 15:25:00,18062.75,2021-11-08,2021-11-08 15:15:00,Buy,17800.0,PE,22.8,10.0,0.05,2021-11-11 15:25:00,2021-11-11,3,Monday
106,2021-11-10,2021-11-10 09:30:00,Sell,18000,CE,59.05,-10,20.05,2021-11-11 09:32:00,17945.35,2021-11-10,2021-11-10 15:15:00,Buy,18100.0,CE,26.25,10.0,6.5,2021-11-11 09:32:00,2021-11-11,1,Wednesday
107,2021-11-10,2021-11-10 09:30:00,Sell,17950,CE,82.65,-10,28.4,2021-11-11 10:04:00,17945.35,2021-11-10,2021-11-10 15:15:00,Buy,18100.0,CE,26.25,10.0,5.3,2021-11-11 10:04:00,2021-11-11,1,Wednesday
108,2021-11-10,2021-11-10 13:45:00,Sell,18000,PE,60.45,-10,128.05,2021-11-11 15:25:00,18017.4,2021-11-10,2021-11-10 15:15:00,Buy,17850.0,PE,16.75,10.0,0.1,2021-11-11 15:25:00,2021-11-11,1,Wednesday
109,2021-11-11,2021-11-11 09:30:00,Sell,17950,CE,41.1,-10,12.8,2021-11-11 11:11:00,17933.0,,,,,,,,,,2021-11-11,0,Thursday
110,2021-11-11,2021-11-11 10:15:00,Sell,17900,CE,41.95,-10,13.75,2021-11-11 13:52:00,17877.3,,,,,,,,,,2021-11-11,0,Thursday
111,2021-11-11,2021-11-11 10:30:00,Sell,17850,CE,52.55,-10,17.6,2021-11-11 14:11:00,17838.55,,,,,,,,,,2021-11-11,0,Thursday
112,2021-11-12,2021-11-12 09:30:00,Sell,18000,CE,117.2,-10,41.0,2021-11-17 12:52:00,18000.0,2021-11-12,2021-11-12 15:15:00,Buy,18300.0,CE,35.75,10.0,4.4,2021-11-17 12:52:00,2021-11-18,4,Friday
113,2021-11-12,2021-11-12 09:30:00,Sell,18000,PE,128.05,-10,43.1,2021-11-15 09:16:00,18000.0,2021-11-12,2021-11-12 15:15:00,Buy,17850.0,PE,33.65,10.0,20.3,2021-11-15 09:16:00,2021-11-18,4,Friday
114,2021-11-12,2021-11-12 10:30:00,Sell,17950,CE,121.65,-10,40.7,2021-11-17 15:08:00,17944.2,2021-11-12,2021-11-12 15:15:00,Buy,18300.0,CE,35.75,10.0,3.55,2021-11-17 15:08:00,2021-11-18,4,Friday
115,2021-11-12,2021-11-12 13:15:00,Sell,18000,PE,96.3,-10,231.35,2021-11-18 15:25:00,18021.8,2021-11-12,2021-11-12 15:15:00,Buy,17850.0,PE,33.65,10.0,81.3,2021-11-18 15:25:00,2021-11-18,4,Friday
116,2021-11-12,2021-11-12 13:45:00,Sell,18050,PE,107.75,-10,281.0,2021-11-18 15:25:00,18055.5,2021-11-12,2021-11-12 15:15:00,Buy,17850.0,PE,33.65,10.0,81.3,2021-11-18 15:25:00,2021-11-18,4,Friday
117,2021-11-12,2021-11-12 14:45:00,Sell,18100,PE,95.9,-10,330.7,2021-11-18 15:25:00,18112.55,2021-11-12,2021-11-12 15:15:00,Buy,17850.0,PE,33.65,10.0,81.3,2021-11-18 15:25:00,2021-11-18,4,Friday
118,2021-11-15,2021-11-15 09:30:00,Sell,18150,PE,86.05,-10,381.6,2021-11-18 15:25:00,18173.05,2021-11-15,2021-11-15 15:15:00,Buy,17900.0,PE,28.2,10.0,131.0,2021-11-18 15:25:00,2021-11-18,3,Monday
119,2021-11-15,2021-11-15 13:15:00,Sell,18100,CE,100.5,-10,33.95,2021-11-17 09:15:00,18083.6,2021-11-15,2021-11-15 15:15:00,Buy,18350.0,CE,22.9,10.0,5.8,2021-11-17 09:15:00,2021-11-18,3,Monday
120,2021-11-16,2021-11-16 09:45:00,Sell,18050,CE,101.8,-10,32.4,2021-11-17 09:16:00,18044.6,2021-11-16,2021-11-16 15:15:00,Buy,18200.0,CE,20.6,10.0,10.1,2021-11-17 09:16:00,2021-11-18,2,Tuesday
121,2021-11-16,2021-11-16 13:15:00,Sell,18100,PE,71.9,-10,330.7,2021-11-18 15:25:00,18118.0,2021-11-16,2021-11-16 15:15:00,Buy,17800.0,PE,20.3,10.0,31.05,2021-11-18 15:25:00,2021-11-18,2,Tuesday
122,2021-11-16,2021-11-16 14:30:00,Sell,18050,CE,63.0,-10,22.0,2021-11-17 14:50:00,17991.2,2021-11-16,2021-11-16 15:15:00,Buy,18200.0,CE,20.6,10.0,5.55,2021-11-17 14:50:00,2021-11-18,2,Tuesday
123,2021-11-16,2021-11-16 14:30:00,Sell,18000,CE,86.5,-10,26.15,2021-11-17 15:04:00,17991.2,2021-11-16,2021-11-16 15:15:00,Buy,18200.0,CE,20.6,10.0,5.1,2021-11-17 15:04:00,2021-11-18,2,Tuesday
124,2021-11-17,2021-11-17 13:00:00,Sell,17950,CE,65.55,-10,17.05,2021-11-18 09:31:00,17948.5,2021-11-17,2021-11-17 15:15:00,Buy,18000.0,CE,19.4,10.0,8.6,2021-11-18 09:31:00,2021-11-18,1,Wednesday
125,2021-11-17,2021-11-17 15:15:00,Sell,17900,CE,55.6,-10,17.4,2021-11-18 10:09:00,17895.05,2021-11-17,2021-11-17 15:15:00,Buy,18000.0,CE,19.4,10.0,4.55,2021-11-18 10:09:00,2021-11-18,1,Wednesday
126,2021-11-18,2021-11-18 10:15:00,Sell,17850,CE,28.15,-10,9.85,2021-11-18 11:18:00,17794.6,,,,,,,,,,2021-11-18,0,Thursday
127,2021-11-18,2021-11-18 10:15:00,Sell,17800,CE,50.0,-10,17.2,2021-11-18 11:37:00,17794.6,,,,,,,,,,2021-11-18,0,Thursday
128,2021-11-18,2021-11-18 10:45:00,Sell,17750,CE,37.95,-10,19.1,2021-11-18 15:25:00,17722.15,2021-11-18,2021-11-18 15:15:00,Buy,17750.0,CE,18.95,10.0,19.1,2021-11-18 15:25:00,2021-11-18,0,Thursday
129,2021-11-18,2021-11-18 14:00:00,Sell,17800,PE,25.5,-10,8.0,2021-11-18 14:55:00,17807.1,,,,,,,,,,2021-11-18,0,Thursday
130,2021-11-22,2021-11-22 09:30:00,Sell,17750,CE,86.8,-10,29.65,2021-11-22 13:20:00,17630.65,,,,,,,,,,2021-11-25,3,Monday
131,2021-11-22,2021-11-22 09:30:00,Sell,17700,CE,108.8,-10,34.95,2021-11-22 13:30:00,17630.65,,,,,,,,,,2021-11-25,3,Monday
132,2021-11-22,2021-11-22 09:30:00,Sell,17650,CE,133.7,-10,45.3,2021-11-22 13:30:00,17630.65,,,,,,,,,,2021-11-25,3,Monday
133,2021-11-22,2021-11-22 10:45:00,Sell,17600,CE,129.8,-10,43.35,2021-11-22 14:19:00,17587.3,,,,,,,,,,2021-11-25,3,Monday
134,2021-11-22,2021-11-22 11:15:00,Sell,17550,CE,134.9,-10,30.0,2021-11-23 09:15:00,17549.65,2021-11-22,2021-11-22 15:15:00,Buy,17650.0,CE,34.4,10.0,32.0,2021-11-23 09:15:00,2021-11-25,3,Monday
135,2021-11-22,2021-11-22 12:15:00,Sell,17500,CE,126.15,-10,41.1,2021-11-23 09:16:00,17458.15,2021-11-22,2021-11-22 15:15:00,Buy,17650.0,CE,34.4,10.0,15.7,2021-11-23 09:16:00,2021-11-25,3,Monday
136,2021-11-22,2021-11-22 12:30:00,Sell,17450,CE,138.75,-10,46.45,2021-11-23 09:23:00,17444.7,2021-11-22,2021-11-22 15:15:00,Buy,17650.0,CE,34.4,10.0,11.75,2021-11-23 09:23:00,2021-11-25,3,Monday
137,2021-11-22,2021-11-22 13:45:00,Sell,17400,CE,132.0,-10,45.1,2021-11-24 15:27:00,17397.2,2021-11-22,2021-11-22 15:15:00,Buy,17650.0,CE,34.4,10.0,3.6,2021-11-24 15:27:00,2021-11-25,3,Monday
138,2021-11-22,2021-11-22 14:30:00,Sell,17350,CE,121.05,-10,186.35,2021-11-25 15:25:00,17305.7,2021-11-22,2021-11-22 15:15:00,Buy,17650.0,CE,34.4,10.0,0.05,2021-11-25 15:25:00,2021-11-25,3,Monday
139,2021-11-23,2021-11-23 10:00:00,Sell,17400,PE,95.75,-10,31.7,2021-11-24 09:28:00,17412.25,2021-11-23,2021-11-23 15:15:00,Buy,17300.0,PE,29.7,10.0,17.5,2021-11-24 09:28:00,2021-11-25,2,Tuesday
140,2021-11-23,2021-11-23 10:15:00,Sell,17350,CE,115.1,-10,186.35,2021-11-25 15:25:00,17339.7,2021-11-23,2021-11-23 15:15:00,Buy,17650.0,CE,28.9,10.0,0.05,2021-11-25 15:25:00,2021-11-25,2,Tuesday
141,2021-11-23,2021-11-23 11:30:00,Sell,17400,PE,80.5,-10,28.0,2021-11-24 09:32:00,17426.8,2021-11-23,2021-11-23 15:15:00,Buy,17300.0,PE,29.7,10.0,15.6,2021-11-24 09:32:00,2021-11-25,2,Tuesday
142,2021-11-23,2021-11-23 12:00:00,Sell,17450,PE,88.65,-10,30.4,2021-11-24 10:28:00,17452.75,2021-11-23,2021-11-23 15:15:00,Buy,17300.0,PE,29.7,10.0,11.9,2021-11-24 10:28:00,2021-11-25,2,Tuesday
143,2021-11-23,2021-11-23 13:45:00,Sell,17500,PE,87.0,-10,30.0,2021-11-24 13:23:00,17513.55,2021-11-23,2021-11-23 15:15:00,Buy,17300.0,PE,29.7,10.0,7.2,2021-11-24 13:23:00,2021-11-25,2,Tuesday
144,2021-11-24,2021-11-24 09:30:00,Sell,17550,PE,76.9,-10,24.5,2021-11-25 14:26:00,17552.95,2021-11-24,2021-11-24 15:15:00,Buy,17250.0,PE,14.7,10.0,0.65,2021-11-25 14:26:00,2021-11-25,1,Wednesday
145,2021-11-24,2021-11-24 14:45:00,Sell,17500,CE,48.45,-10,16.85,2021-11-24 15:25:00,17474.65,2021-11-24,2021-11-24 15:15:00,Buy,17550.0,CE,12.4,10.0,8.95,2021-11-24 15:25:00,2021-11-25,1,Wednesday
146,2021-11-24,2021-11-24 15:15:00,Sell,17450,CE,39.5,-10,86.2,2021-11-25 15:25:00,17414.8,2021-11-24,2021-11-24 15:15:00,Buy,17550.0,CE,12.4,10.0,0.3,2021-11-25 15:25:00,2021-11-25,1,Wednesday
147,2021-11-25,2021-11-25 09:30:00,Sell,17400,CE,48.25,-10,136.4,2021-11-25 15:25:00,17382.9,2021-11-25,2021-11-25 15:15:00,Buy,17550.0,CE,0.4,10.0,0.3,2021-11-25 15:25:00,2021-11-25,0,Thursday
148,2021-11-25,2021-11-25 11:15:00,Sell,17450,PE,37.2,-10,10.85,2021-11-25 13:20:00,17465.3,,,,,,,,,,2021-11-25,0,Thursday
149,2021-11-25,2021-11-25 12:15:00,Sell,17500,PE,31.05,-10,10.4,2021-11-25 14:26:00,17526.95,,,,,,,,,,2021-11-25,0,Thursday
150,2021-11-25,2021-11-25 15:00:00,Sell,17550,PE,11.65,-10,14.05,2021-11-25 15:25:00,17558.75,2021-11-25,2021-11-25 15:15:00,Buy,17500.0,PE,0.5,10.0,0.1,2021-11-25 15:25:00,2021-11-25,0,Thursday
151,2021-11-26,2021-11-26 09:30:00,Sell,17300,CE,147.6,-10,51.2,2021-11-26 15:30:00,17300.0,2021-11-26,2021-11-26 15:15:00,Buy,17350.0,CE,45.85,10.0,41.0,2021-11-26 15:30:00,2021-12-02,4,Friday
152,2021-11-26,2021-11-26 09:30:00,Sell,17300,PE,152.4,-10,48.25,2021-12-02 11:17:00,17300.0,2021-11-26,2021-11-26 15:15:00,Buy,16550.0,PE,44.8,10.0,19.55,2021-12-02 11:17:00,2021-12-02,4,Friday
153,2021-11-26,2021-11-26 10:00:00,Sell,17250,CE,145.45,-10,39.2,2021-11-29 09:18:00,17231.2,2021-11-26,2021-11-26 15:15:00,Buy,17350.0,CE,45.85,10.0,22.05,2021-11-29 09:18:00,2021-12-02,4,Friday
154,2021-11-26,2021-11-26 10:30:00,Sell,17200,CE,140.4,-10,45.2,2021-11-29 09:22:00,17156.4,2021-11-26,2021-11-26 15:15:00,Buy,17350.0,CE,45.85,10.0,20.6,2021-11-29 09:22:00,2021-12-02,4,Friday
155,2021-11-26,2021-11-26 10:45:00,Sell,17150,CE,161.35,-10,52.55,2021-11-30 15:05:00,17136.7,2021-11-26,2021-11-26 15:15:00,Buy,17350.0,CE,45.85,10.0,11.8,2021-11-30 15:05:00,2021-12-02,4,Friday
156,2021-11-26,2021-11-26 11:00:00,Sell,17100,CE,172.75,-10,58.9,2021-11-30 15:16:00,17096.7,2021-11-26,2021-11-26 15:15:00,Buy,17350.0,CE,45.85,10.0,10.0,2021-11-30 15:16:00,2021-12-02,4,Friday
157,2021-11-26,2021-11-26 11:15:00,Sell,17150,PE,140.0,-10,48.0,2021-12-01 15:18:00,17164.75,2021-11-26,2021-11-26 15:15:00,Buy,16550.0,PE,44.8,10.0,19.55,2021-12-01 15:18:00,2021-12-02,4,Friday
158,2021-11-26,2021-11-26 11:45:00,Sell,17200,PE,148.7,-10,51.8,2021-12-02 09:30:00,17202.5,2021-11-26,2021-11-26 15:15:00,Buy,16550.0,PE,44.8,10.0,19.55,2021-12-02 09:30:00,2021-12-02,4,Friday
159,2021-11-26,2021-11-26 12:15:00,Sell,17150,CE,160.9,-10,52.55,2021-11-30 15:05:00,17149.45,2021-11-26,2021-11-26 15:15:00,Buy,17350.0,CE,45.85,10.0,11.8,2021-11-30 15:05:00,2021-12-02,4,Friday
160,2021-11-26,2021-11-26 14:00:00,Sell,17100,CE,157.5,-10,301.45,2021-12-02 15:25:00,17076.05,2021-11-26,2021-11-26 15:15:00,Buy,17350.0,CE,45.85,10.0,12.25,2021-12-02 15:25:00,2021-12-02,4,Friday
161,2021-11-26,2021-11-26 14:30:00,Sell,17150,PE,149.95,-10,51.95,2021-12-01 14:50:00,17155.45,2021-11-26,2021-11-26 15:15:00,Buy,16550.0,PE,44.8,10.0,19.55,2021-12-01 14:50:00,2021-12-02,4,Friday
162,2021-11-26,2021-11-26 15:00:00,Sell,17100,CE,166.2,-10,58.15,2021-11-30 15:21:00,17099.4,2021-11-26,2021-11-26 15:15:00,Buy,17350.0,CE,45.85,10.0,10.25,2021-11-30 15:21:00,2021-12-02,4,Friday
163,2021-11-26,2021-11-26 15:15:00,Sell,17050,CE,157.85,-10,352.0,2021-12-02 15:25:00,17017.1,2021-11-26,2021-11-26 15:15:00,Buy,17350.0,CE,45.85,10.0,12.25,2021-12-02 15:25:00,2021-12-02,4,Friday
164,2021-11-29,2021-11-29 09:30:00,Sell,17000,CE,164.1,-10,401.05,2021-12-02 15:25:00,16957.05,2021-11-29,2021-11-29 15:15:00,Buy,17300.0,CE,36.55,10.0,37.6,2021-12-02 15:25:00,2021-12-02,3,Monday
165,2021-11-29,2021-11-29 10:15:00,Sell,17050,PE,141.3,-10,46.9,2021-11-30 10:02:00,17089.0,2021-11-29,2021-11-29 15:15:00,Buy,16650.0,PE,40.25,10.0,10.2,2021-11-30 10:02:00,2021-12-02,3,Monday
166,2021-11-29,2021-11-29 11:30:00,Sell,17100,PE,125.85,-10,41.4,2021-12-01 14:48:00,17136.05,2021-11-29,2021-11-29 15:15:00,Buy,16650.0,PE,40.25,10.0,27.0,2021-12-01 14:48:00,2021-12-02,3,Monday
167,2021-11-29,2021-11-29 12:15:00,Sell,17150,PE,130.7,-10,40.55,2021-12-02 09:20:00,17156.35,2021-11-29,2021-11-29 15:15:00,Buy,16650.0,PE,40.25,10.0,27.0,2021-12-02 09:20:00,2021-12-02,3,Monday
168,2021-11-29,2021-11-29 13:00:00,Sell,17100,CE,139.9,-10,301.45,2021-12-02 15:25:00,17086.2,2021-11-29,2021-11-29 15:15:00,Buy,17300.0,CE,36.55,10.0,37.6,2021-12-02 15:25:00,2021-12-02,3,Monday
169,2021-11-29,2021-11-29 14:30:00,Sell,17050,CE,146.05,-10,352.0,2021-12-02 15:25:00,17042.55,2021-11-29,2021-11-29 15:15:00,Buy,17300.0,CE,36.55,10.0,37.6,2021-12-02 15:25:00,2021-12-02,3,Monday
170,2021-11-30,2021-11-30 09:30:00,Sell,17100,PE,84.0,-10,28.5,2021-12-02 09:20:00,17199.55,2021-11-30,2021-11-30 15:15:00,Buy,16650.0,PE,28.2,10.0,27.0,2021-12-02 09:20:00,2021-12-02,2,Tuesday
171,2021-11-30,2021-11-30 09:30:00,Sell,17150,PE,100.6,-10,32.15,2021-12-02 09:31:00,17199.55,2021-11-30,2021-11-30 15:15:00,Buy,16650.0,PE,28.2,10.0,27.0,2021-12-02 09:31:00,2021-12-02,2,Tuesday
172,2021-11-30,2021-11-30 09:45:00,Sell,17200,PE,99.5,-10,34.3,2021-12-02 09:42:00,17246.4,2021-11-30,2021-11-30 15:15:00,Buy,16650.0,PE,28.2,10.0,27.0,2021-12-02 09:42:00,2021-12-02,2,Tuesday
173,2021-11-30,2021-11-30 10:00:00,Sell,17250,PE,112.0,-10,38.15,2021-12-02 10:16:00,17250.05,2021-11-30,2021-11-30 15:15:00,Buy,16650.0,PE,28.2,10.0,27.0,2021-12-02 10:16:00,2021-12-02,2,Tuesday
174,2021-11-30,2021-11-30 10:30:00,Sell,17300,PE,104.55,-10,34.05,2021-12-02 11:39:00,17308.8,2021-11-30,2021-11-30 15:15:00,Buy,16650.0,PE,28.2,10.0,27.0,2021-12-02 11:39:00,2021-12-02,2,Tuesday
175,2021-11-30,2021-11-30 11:00:00,Sell,17250,CE,101.15,-10,34.25,2021-11-30 15:02:00,17229.75,,,,,,,,,,2021-12-02,2,Tuesday
176,2021-11-30,2021-11-30 11:15:00,Sell,17200,CE,86.35,-10,29.85,2021-11-30 15:16:00,17143.75,2021-11-30,2021-11-30 15:15:00,Buy,17200.0,CE,31.4,10.0,29.85,2021-11-30 15:16:00,2021-12-02,2,Tuesday
177,2021-11-30,2021-11-30 11:15:00,Sell,17150,CE,113.55,-10,251.15,2021-12-02 15:25:00,17143.75,2021-11-30,2021-11-30 15:15:00,Buy,17200.0,CE,31.4,10.0,36.9,2021-12-02 15:25:00,2021-12-02,2,Tuesday
178,2021-11-30,2021-11-30 11:45:00,Sell,17100,CE,102.05,-10,301.45,2021-12-02 15:25:00,17067.35,2021-11-30,2021-11-30 15:15:00,Buy,17200.0,CE,31.4,10.0,36.9,2021-12-02 15:25:00,2021-12-02,2,Tuesday
179,2021-11-30,2021-11-30 14:00:00,Sell,17150,PE,110.15,-10,37.7,2021-12-02 09:24:00,17160.1,2021-11-30,2021-11-30 15:15:00,Buy,16650.0,PE,28.2,10.0,27.0,2021-12-02 09:24:00,2021-12-02,2,Tuesday
180,2021-11-30,2021-11-30 14:45:00,Sell,17100,CE,105.6,-10,301.45,2021-12-02 15:25:00,17086.35,2021-11-30,2021-11-30 15:15:00,Buy,17200.0,CE,31.4,10.0,36.9,2021-12-02 15:25:00,2021-12-02,2,Tuesday
181,2021-11-30,2021-11-30 15:15:00,Sell,17050,CE,83.55,-10,352.0,2021-12-02 15:25:00,16981.65,2021-11-30,2021-11-30 15:15:00,Buy,17200.0,CE,31.4,10.0,36.9,2021-12-02 15:25:00,2021-12-02,2,Tuesday
182,2021-11-30,2021-11-30 15:15:00,Sell,17000,CE,109.0,-10,401.05,2021-12-02 15:25:00,16981.65,2021-11-30,2021-11-30 15:15:00,Buy,17200.0,CE,31.4,10.0,36.9,2021-12-02 15:25:00,2021-12-02,2,Tuesday
183,2021-12-01,2021-12-01 09:30:00,Sell,17050,PE,54.5,-10,18.0,2021-12-02 09:15:00,17183.8,2021-12-01,2021-12-01 15:15:00,Buy,17000.0,PE,16.95,10.0,14.0,2021-12-02 09:15:00,2021-12-02,1,Wednesday
184,2021-12-01,2021-12-01 09:30:00,Sell,17100,PE,67.05,-10,22.4,2021-12-02 09:31:00,17183.8,2021-12-01,2021-12-01 15:15:00,Buy,17000.0,PE,16.95,10.0,10.85,2021-12-02 09:31:00,2021-12-02,1,Wednesday
185,2021-12-01,2021-12-01 09:30:00,Sell,17150,PE,83.85,-10,29.0,2021-12-02 09:34:00,17183.8,2021-12-01,2021-12-01 15:15:00,Buy,17000.0,PE,16.95,10.0,10.1,2021-12-02 09:34:00,2021-12-02,1,Wednesday
186,2021-12-01,2021-12-01 14:15:00,Sell,17100,CE,76.5,-10,301.45,2021-12-02 15:25:00,17090.75,2021-12-01,2021-12-01 15:15:00,Buy,17300.0,CE,20.45,10.0,101.65,2021-12-02 15:25:00,2021-12-02,1,Wednesday
187,2021-12-01,2021-12-01 15:00:00,Sell,17150,PE,57.85,-10,18.9,2021-12-02 10:11:00,17174.0,2021-12-01,2021-12-01 15:15:00,Buy,17000.0,PE,16.95,10.0,6.55,2021-12-02 10:11:00,2021-12-02,1,Wednesday
188,2021-12-02,2021-12-02 09:30:00,Sell,17200,PE,51.8,-10,18.05,2021-12-02 11:20:00,17234.6,,,,,,,,,,2021-12-02,0,Thursday
189,2021-12-02,2021-12-02 09:45:00,Sell,17250,PE,53.85,-10,16.55,2021-12-02 12:56:00,17263.5,,,,,,,,,,2021-12-02,0,Thursday
190,2021-12-02,2021-12-02 11:30:00,Sell,17300,PE,36.65,-10,12.25,2021-12-02 14:28:00,17323.95,,,,,,,,,,2021-12-02,0,Thursday
191,2021-12-02,2021-12-02 14:45:00,Sell,17350,PE,15.0,-10,3.05,2021-12-02 15:01:00,17359.4,,,,,,,,,,2021-12-02,0,Thursday
192,2021-12-02,2021-12-02 15:15:00,Sell,17400,PE,6.05,-10,1.15,2021-12-02 15:21:00,17404.55,2021-12-02,2021-12-02 15:15:00,Buy,17350.0,PE,0.2,10.0,0.1,2021-12-02 15:21:00,2021-12-02,0,Thursday
193,2021-12-03,2021-12-03 09:30:00,Sell,17450,CE,157.8,-10,55.05,2021-12-03 14:17:00,17450.0,,,,,,,,,,2021-12-09,4,Friday
194,2021-12-03,2021-12-03 09:30:00,Sell,17450,PE,143.8,-10,43.9,2021-12-08 15:01:00,17450.0,2021-12-03,2021-12-03 15:15:00,Buy,16850.0,PE,45.0,10.0,3.4,2021-12-08 15:01:00,2021-12-09,4,Friday
195,2021-12-03,2021-12-03 10:00:00,Sell,17400,CE,138.15,-10,45.2,2021-12-06 09:18:00,17386.25,2021-12-03,2021-12-03 15:15:00,Buy,17450.0,CE,47.85,10.0,33.6,2021-12-06 09:18:00,2021-12-09,4,Friday
196,2021-12-03,2021-12-03 12:45:00,Sell,17350,CE,124.2,-10,43.3,2021-12-06 11:19:00,17312.75,2021-12-03,2021-12-03 15:15:00,Buy,17450.0,CE,47.85,10.0,24.9,2021-12-06 11:19:00,2021-12-09,4,Friday
197,2021-12-03,2021-12-03 13:15:00,Sell,17300,CE,144.05,-10,49.85,2021-12-06 11:29:00,17289.85,2021-12-03,2021-12-03 15:15:00,Buy,17450.0,CE,47.85,10.0,22.0,2021-12-06 11:29:00,2021-12-09,4,Friday
198,2021-12-03,2021-12-03 14:15:00,Sell,17250,CE,141.75,-10,49.55,2021-12-06 13:39:00,17237.75,2021-12-03,2021-12-03 15:15:00,Buy,17450.0,CE,47.85,10.0,15.5,2021-12-06 13:39:00,2021-12-09,4,Friday
199,2021-12-03,2021-12-03 15:15:00,Sell,17200,CE,150.9,-10,51.0,2021-12-06 14:15:00,17197.65,2021-12-03,2021-12-03 15:15:00,Buy,17450.0,CE,47.85,10.0,12.75,2021-12-06 14:15:00,2021-12-09,4,Friday
200,2021-12-06,2021-12-06 09:45:00,Sell,17150,CE,142.3,-10,48.6,2021-12-06 15:02:00,17148.55,,,,,,,,,,2021-12-09,3,Monday
201,2021-12-06,2021-12-06 11:30:00,Sell,17100,CE,129.6,-10,417.0,2021-12-09 15:25:00,17076.2,2021-12-06,2021-12-06 15:15:00,Buy,17200.0,CE,35.25,10.0,316.5,2021-12-09 15:25:00,2021-12-09,3,Monday
202,2021-12-06,2021-12-06 13:45:00,Sell,17050,CE,133.25,-10,466.4,2021-12-09 15:25:00,17048.15,2021-12-06,2021-12-06 15:15:00,Buy,17200.0,CE,35.25,10.0,316.5,2021-12-09 15:25:00,2021-12-09,3,Monday
203,2021-12-06,2021-12-06 14:15:00,Sell,17000,CE,131.95,-10,516.05,2021-12-09 15:25:00,16996.35,2021-12-06,2021-12-06 15:15:00,Buy,17200.0,CE,35.25,10.0,316.5,2021-12-09 15:25:00,2021-12-09,3,Monday
204,2021-12-06,2021-12-06 15:15:00,Sell,16950,CE,116.6,-10,565.15,2021-12-09 15:22:00,16909.85,2021-12-06,2021-12-06 15:15:00,Buy,17200.0,CE,35.25,10.0,315.0,2021-12-09 15:22:00,2021-12-09,3,Monday
205,2021-12-07,2021-12-07 09:30:00,Sell,17000,PE,112.8,-10,39.4,2021-12-07 12:08:00,17005.95,,,,,,,,,,2021-12-09,2,Tuesday
206,2021-12-07,2021-12-07 09:45:00,Sell,17050,PE,93.95,-10,32.85,2021-12-07 14:27:00,17073.7,,,,,,,,,,2021-12-09,2,Tuesday
207,2021-12-07,2021-12-07 10:45:00,Sell,17100,PE,91.0,-10,24.0,2021-12-08 09:15:00,17134.65,2021-12-07,2021-12-07 15:15:00,Buy,16950.0,PE,27.3,10.0,22.7,2021-12-08 09:15:00,2021-12-09,2,Tuesday
208,2021-12-07,2021-12-07 11:15:00,Sell,17150,PE,95.2,-10,31.2,2021-12-08 09:15:00,17167.5,2021-12-07,2021-12-07 15:15:00,Buy,16950.0,PE,27.3,10.0,22.7,2021-12-08 09:15:00,2021-12-09,2,Tuesday
209,2021-12-07,2021-12-07 13:45:00,Sell,17200,PE,82.75,-10,28.3,2021-12-08 09:17:00,17228.45,2021-12-07,2021-12-07 15:15:00,Buy,16950.0,PE,27.3,10.0,6.85,2021-12-08 09:17:00,2021-12-09,2,Tuesday
210,2021-12-08,2021-12-08 09:30:00,Sell,17250,PE,34.8,-10,12.05,2021-12-08 13:49:00,17378.65,,,,,,,,,,2021-12-09,1,Wednesday
211,2021-12-08,2021-12-08 09:30:00,Sell,17300,PE,48.1,-10,15.8,2021-12-08 14:37:00,17378.65,,,,,,,,,,2021-12-09,1,Wednesday
212,2021-12-08,2021-12-08 09:30:00,Sell,17350,PE,66.85,-10,22.85,2021-12-08 14:38:00,17378.65,,,,,,,,,,2021-12-09,1,Wednesday
213,2021-12-08,2021-12-08 09:45:00,Sell,17400,PE,79.2,-10,14.85,2021-12-09 09:15:00,17402.25,2021-12-08,2021-12-08 15:15:00,Buy,17350.0,PE,20.85,10.0,9.45,2021-12-09 09:15:00,2021-12-09,1,Wednesday
214,2021-12-08,2021-12-08 13:30:00,Sell,17450,PE,62.3,-10,21.8,2021-12-09 12:16:00,17451.35,2021-12-08,2021-12-08 15:15:00,Buy,17350.0,PE,20.85,10.0,5.1,2021-12-09 12:16:00,2021-12-09,1,Wednesday
215,2021-12-09,2021-12-09 10:30:00,Sell,17400,CE,39.35,-10,116.7,2021-12-09 15:25:00,17387.2,2021-12-09,2021-12-09 15:15:00,Buy,17500.0,CE,17.5,10.0,16.85,2021-12-09 15:25:00,2021-12-09,0,Thursday
216,2021-12-09,2021-12-09 12:15:00,Sell,17450,PE,27.25,-10,9.25,2021-12-09 13:00:00,17473.45,,,,,,,,,,2021-12-09,0,Thursday
217,2021-12-09,2021-12-09 13:00:00,Sell,17500,PE,20.75,-10,6.6,2021-12-09 15:01:00,17518.55,,,,,,,,,,2021-12-09,0,Thursday
218,2021-12-10,2021-12-10 09:30:00,Sell,17500,CE,157.3,-10,29.0,2021-12-14 09:15:00,17500.0,2021-12-10,2021-12-10 15:15:00,Buy,17750.0,CE,39.75,10.0,15.9,2021-12-14 09:15:00,2021-12-16,4,Friday
219,2021-12-10,2021-12-10 09:30:00,Sell,17500,PE,129.55,-10,251.65,2021-12-16 15:25:00,17500.0,2021-12-10,2021-12-10 15:15:00,Buy,17250.0,PE,41.65,10.0,30.2,2021-12-16 15:25:00,2021-12-16,4,Friday
220,2021-12-10,2021-12-10 10:15:00,Sell,17450,CE,132.5,-10,42.35,2021-12-14 09:16:00,17442.6,2021-12-10,2021-12-10 15:15:00,Buy,17750.0,CE,39.75,10.0,6.7,2021-12-14 09:16:00,2021-12-16,4,Friday
221,2021-12-10,2021-12-10 15:15:00,Sell,17500,PE,106.4,-10,251.65,2021-12-16 15:25:00,17522.9,2021-12-10,2021-12-10 15:15:00,Buy,17250.0,PE,41.65,10.0,30.2,2021-12-16 15:25:00,2021-12-16,4,Friday
222,2021-12-13,2021-12-13 09:30:00,Sell,17550,PE,75.7,-10,301.3,2021-12-16 15:25:00,17633.9,2021-12-13,2021-12-13 15:15:00,Buy,17150.0,PE,33.4,10.0,0.05,2021-12-16 15:25:00,2021-12-16,3,Monday
223,2021-12-13,2021-12-13 09:30:00,Sell,17600,PE,93.7,-10,352.0,2021-12-16 15:25:00,17633.9,2021-12-13,2021-12-13 15:15:00,Buy,17150.0,PE,33.4,10.0,0.05,2021-12-16 15:25:00,2021-12-16,3,Monday
224,2021-12-13,2021-12-13 12:00:00,Sell,17550,CE,110.1,-10,22.0,2021-12-14 09:15:00,17537.4,2021-12-13,2021-12-13 15:15:00,Buy,17650.0,CE,32.0,10.0,31.75,2021-12-14 09:15:00,2021-12-16,3,Monday
225,2021-12-13,2021-12-13 12:30:00,Sell,17500,CE,108.25,-10,29.0,2021-12-14 09:15:00,17455.15,2021-12-13,2021-12-13 15:15:00,Buy,17650.0,CE,32.0,10.0,31.75,2021-12-14 09:15:00,2021-12-16,3,Monday
226,2021-12-13,2021-12-13 13:00:00,Sell,17450,CE,96.5,-10,32.95,2021-12-14 10:50:00,17389.9,2021-12-13,2021-12-13 15:15:00,Buy,17650.0,CE,32.0,10.0,10.8,2021-12-14 10:50:00,2021-12-16,3,Monday
227,2021-12-13,2021-12-13 13:00:00,Sell,17400,CE,121.15,-10,41.8,2021-12-15 09:26:00,17389.9,2021-12-13,2021-12-13 15:15:00,Buy,17650.0,CE,32.0,10.0,6.55,2021-12-15 09:26:00,2021-12-16,3,Monday
228,2021-12-14,2021-12-14 09:30:00,Sell,17350,CE,89.45,-10,30.25,2021-12-15 12:40:00,17309.7,2021-12-14,2021-12-14 15:15:00,Buy,17500.0,CE,31.65,10.0,8.7,2021-12-15 12:40:00,2021-12-16,2,Tuesday
229,2021-12-14,2021-12-14 10:15:00,Sell,17300,CE,100.75,-10,34.05,2021-12-16 09:58:00,17280.95,2021-12-14,2021-12-14 15:15:00,Buy,17500.0,CE,31.65,10.0,2.75,2021-12-16 09:58:00,2021-12-16,2,Tuesday
230,2021-12-14,2021-12-14 11:00:00,Sell,17250,CE,106.0,-10,34.15,2021-12-16 11:35:00,17247.7,2021-12-14,2021-12-14 15:15:00,Buy,17500.0,CE,31.65,10.0,1.8,2021-12-16 11:35:00,2021-12-16,2,Tuesday
231,2021-12-14,2021-12-14 12:00:00,Sell,17300,PE,87.2,-10,30.2,2021-12-16 09:17:00,17322.15,2021-12-14,2021-12-14 15:15:00,Buy,17100.0,PE,26.1,10.0,3.7,2021-12-16 09:17:00,2021-12-16,2,Tuesday
232,2021-12-14,2021-12-14 13:45:00,Sell,17350,PE,91.7,-10,101.75,2021-12-16 15:25:00,17354.85,2021-12-14,2021-12-14 15:15:00,Buy,17100.0,PE,26.1,10.0,0.1,2021-12-16 15:25:00,2021-12-16,2,Tuesday
233,2021-12-14,2021-12-14 14:00:00,Sell,17300,CE,101.15,-10,34.05,2021-12-16 09:58:00,17297.15,2021-12-14,2021-12-14 15:15:00,Buy,17500.0,CE,31.65,10.0,2.75,2021-12-16 09:58:00,2021-12-16,2,Tuesday
234,2021-12-15,2021-12-15 10:30:00,Sell,17250,CE,84.9,-10,29.05,2021-12-16 12:08:00,17242.75,2021-12-15,2021-12-15 15:15:00,Buy,17400.0,CE,17.35,10.0,3.95,2021-12-16 12:08:00,2021-12-16,1,Wednesday
235,2021-12-15,2021-12-15 14:45:00,Sell,17300,PE,68.85,-10,51.9,2021-12-16 15:25:00,17301.6,2021-12-15,2021-12-15 15:15:00,Buy,17050.0,PE,20.5,10.0,0.05,2021-12-16 15:25:00,2021-12-16,1,Wednesday
236,2021-12-15,2021-12-15 15:15:00,Sell,17250,CE,63.55,-10,21.85,2021-12-16 12:32:00,17220.55,2021-12-15,2021-12-15 15:15:00,Buy,17400.0,CE,17.35,10.0,3.1,2021-12-16 12:32:00,2021-12-16,1,Wednesday
237,2021-12-16,2021-12-16 09:30:00,Sell,17300,PE,41.15,-10,51.9,2021-12-16 15:25:00,17320.25,2021-12-16,2021-12-16 15:15:00,Buy,17250.0,PE,15.9,10.0,2.45,2021-12-16 15:25:00,2021-12-16,0,Thursday
238,2021-12-16,2021-12-16 11:30:00,Sell,17250,CE,41.1,-10,12.05,2021-12-16 14:34:00,17242.15,,,,,,,,,,2021-12-16,0,Thursday
239,2021-12-16,2021-12-16 14:45:00,Sell,17200,CE,17.75,-10,48.0,2021-12-16 15:25:00,17191.85,2021-12-16,2021-12-16 15:15:00,Buy,17250.0,CE,0.45,10.0,0.6,2021-12-16 15:25:00,2021-12-16,0,Thursday
240,2021-12-17,2021-12-17 09:30:00,Sell,17150,CE,142.8,-10,31.3,2021-12-20 09:16:00,17150.0,2021-12-17,2021-12-17 15:15:00,Buy,17300.0,CE,39.85,10.0,13.45,2021-12-20 09:16:00,2021-12-23,4,Friday
241,2021-12-17,2021-12-17 09:30:00,Sell,17150,PE,137.95,-10,48.0,2021-12-23 13:21:00,17150.0,2021-12-17,2021-12-17 15:15:00,Buy,16700.0,PE,46.3,10.0,1.0,2021-12-23 13:21:00,2021-12-23,4,Friday
242,2021-12-17,2021-12-17 10:00:00,Sell,17100,CE,135.25,-10,40.7,2021-12-20 09:16:00,17072.05,2021-12-17,2021-12-17 15:15:00,Buy,17300.0,CE,39.85,10.0,13.45,2021-12-20 09:16:00,2021-12-23,4,Friday
243,2021-12-17,2021-12-17 10:45:00,Sell,17050,CE,143.4,-10,46.8,2021-12-20 09:17:00,17037.35,2021-12-17,2021-12-17 15:15:00,Buy,17300.0,CE,39.85,10.0,12.4,2021-12-20 09:17:00,2021-12-23,4,Friday
244,2021-12-17,2021-12-17 15:00:00,Sell,17000,CE,146.05,-10,48.6,2021-12-20 09:22:00,16988.8,2021-12-17,2021-12-17 15:15:00,Buy,17300.0,CE,39.85,10.0,11.7,2021-12-20 09:22:00,2021-12-23,4,Friday
245,2021-12-20,2021-12-20 09:30:00,Sell,16950,CE,54.75,-10,18.95,2021-12-20 12:35:00,16674.1,,,,,,,,,,2021-12-23,3,Monday
246,2021-12-20,2021-12-20 09:30:00,Sell,16900,CE,69.15,-10,23.8,2021-12-20 12:29:00,16674.1,,,,,,,,,,2021-12-23,3,Monday
247,2021-12-20,2021-12-20 09:30:00,Sell,16850,CE,86.2,-10,29.45,2021-12-20 12:35:00,16674.1,,,,,,,,,,2021-12-23,3,Monday
248,2021-12-20,2021-12-20 09:30:00,Sell,16800,CE,107.75,-10,36.95,2021-12-20 12:36:00,16674.1,,,,,,,,,,2021-12-23,3,Monday
249,2021-12-20,2021-12-20 09:30:00,Sell,16750,CE,128.6,-10,44.7,2021-12-20 12:49:00,16674.1,,,,,,,,,,2021-12-23,3,Monday
250,2021-12-20,2021-12-20 09:30:00,Sell,16700,CE,156.25,-10,52.25,2021-12-20 12:51:00,16674.1,,,,,,,,,,2021-12-23,3,Monday
251,2021-12-20,2021-12-20 10:15:00,Sell,16650,CE,135.75,-10,421.5,2021-12-23 15:24:00,16600.8,2021-12-20,2021-12-20 15:15:00,Buy,16850.0,CE,43.35,10.0,220.7,2021-12-23 15:24:00,2021-12-23,3,Monday
252,2021-12-20,2021-12-20 10:30:00,Sell,16600,CE,155.4,-10,471.05,2021-12-23 15:25:00,16584.5,2021-12-20,2021-12-20 15:15:00,Buy,16850.0,CE,43.35,10.0,221.4,2021-12-23 15:25:00,2021-12-23,3,Monday
253,2021-12-20,2021-12-20 12:15:00,Sell,16550,CE,140.7,-10,522.35,2021-12-23 15:25:00,16546.25,2021-12-20,2021-12-20 15:15:00,Buy,16850.0,CE,43.35,10.0,221.4,2021-12-23 15:25:00,2021-12-23,3,Monday
254,2021-12-20,2021-12-20 13:00:00,Sell,16500,CE,125.05,-10,572.25,2021-12-23 15:25:00,16428.0,2021-12-20,2021-12-20 15:15:00,Buy,16850.0,CE,43.35,10.0,221.4,2021-12-23 15:25:00,2021-12-23,3,Monday
255,2021-12-20,2021-12-20 13:00:00,Sell,16450,CE,151.45,-10,620.5,2021-12-23 15:24:00,16428.0,2021-12-20,2021-12-20 15:15:00,Buy,16850.0,CE,43.35,10.0,220.7,2021-12-23 15:24:00,2021-12-23,3,Monday
256,2021-12-20,2021-12-20 13:30:00,Sell,16500,PE,140.25,-10,47.0,2021-12-21 09:17:00,16524.2,2021-12-20,2021-12-20 15:15:00,Buy,16250.0,PE,41.5,10.0,20.6,2021-12-21 09:17:00,2021-12-23,3,Monday
257,2021-12-20,2021-12-20 14:30:00,Sell,16550,PE,132.0,-10,44.4,2021-12-21 09:23:00,16573.85,2021-12-20,2021-12-20 15:15:00,Buy,16250.0,PE,41.5,10.0,16.9,2021-12-21 09:23:00,2021-12-23,3,Monday
258,2021-12-20,2021-12-20 15:15:00,Sell,16600,PE,118.5,-10,41.35,2021-12-21 10:22:00,16620.0,2021-12-20,2021-12-20 15:15:00,Buy,16250.0,PE,41.5,10.0,12.3,2021-12-21 10:22:00,2021-12-23,3,Monday
259,2021-12-21,2021-12-21 09:30:00,Sell,16650,PE,71.2,-10,17.0,2021-12-22 09:15:00,16791.1,2021-12-21,2021-12-21 15:15:00,Buy,16500.0,PE,26.7,10.0,24.0,2021-12-22 09:15:00,2021-12-23,2,Tuesday
260,2021-12-21,2021-12-21 09:30:00,Sell,16700,PE,85.8,-10,29.7,2021-12-22 09:17:00,16791.1,2021-12-21,2021-12-21 15:15:00,Buy,16500.0,PE,26.7,10.0,9.2,2021-12-22 09:17:00,2021-12-23,2,Tuesday
261,2021-12-21,2021-12-21 09:30:00,Sell,16750,PE,104.25,-10,34.45,2021-12-22 09:41:00,16791.1,2021-12-21,2021-12-21 15:15:00,Buy,16500.0,PE,26.7,10.0,8.6,2021-12-22 09:41:00,2021-12-23,2,Tuesday
262,2021-12-21,2021-12-21 10:00:00,Sell,16800,PE,102.35,-10,34.2,2021-12-22 14:19:00,16827.4,2021-12-21,2021-12-21 15:15:00,Buy,16500.0,PE,26.7,10.0,5.4,2021-12-22 14:19:00,2021-12-23,2,Tuesday
263,2021-12-21,2021-12-21 10:30:00,Sell,16850,PE,106.55,-10,35.05,2021-12-22 14:56:00,16860.95,2021-12-21,2021-12-21 15:15:00,Buy,16500.0,PE,26.7,10.0,3.85,2021-12-22 14:56:00,2021-12-23,2,Tuesday
264,2021-12-21,2021-12-21 12:00:00,Sell,16900,PE,101.25,-10,35.1,2021-12-22 15:19:00,16913.0,2021-12-21,2021-12-21 15:15:00,Buy,16500.0,PE,26.7,10.0,3.85,2021-12-22 15:19:00,2021-12-23,2,Tuesday
265,2021-12-21,2021-12-21 14:15:00,Sell,16850,CE,77.1,-10,221.4,2021-12-23 15:25:00,16792.85,2021-12-21,2021-12-21 15:15:00,Buy,17000.0,CE,27.0,10.0,71.0,2021-12-23 15:25:00,2021-12-23,2,Tuesday
266,2021-12-21,2021-12-21 14:15:00,Sell,16800,CE,102.55,-10,270.8,2021-12-23 15:25:00,16792.85,2021-12-21,2021-12-21 15:15:00,Buy,17000.0,CE,27.0,10.0,71.0,2021-12-23 15:25:00,2021-12-23,2,Tuesday
267,2021-12-21,2021-12-21 14:30:00,Sell,16750,CE,107.65,-10,321.8,2021-12-23 15:25:00,16749.55,2021-12-21,2021-12-21 15:15:00,Buy,17000.0,CE,27.0,10.0,71.0,2021-12-23 15:25:00,2021-12-23,2,Tuesday
268,2021-12-22,2021-12-22 09:30:00,Sell,16800,PE,60.2,-10,20.6,2021-12-22 15:02:00,16873.4,,,,,,,,,,2021-12-23,1,Wednesday
269,2021-12-22,2021-12-22 09:30:00,Sell,16850,PE,79.0,-10,26.65,2021-12-22 15:04:00,16873.4,,,,,,,,,,2021-12-23,1,Wednesday
270,2021-12-22,2021-12-22 13:00:00,Sell,16900,PE,77.6,-10,19.45,2021-12-23 09:15:00,16900.05,2021-12-22,2021-12-22 15:15:00,Buy,16800.0,PE,19.65,10.0,9.0,2021-12-23 09:15:00,2021-12-23,1,Wednesday
271,2021-12-23,2021-12-23 09:30:00,Sell,16950,PE,14.25,-10,4.7,2021-12-23 12:04:00,17055.5,,,,,,,,,,2021-12-23,0,Thursday
272,2021-12-23,2021-12-23 09:30:00,Sell,17000,PE,24.1,-10,7.95,2021-12-23 12:13:00,17055.5,,,,,,,,,,2021-12-23,0,Thursday
273,2021-12-23,2021-12-23 09:30:00,Sell,17050,PE,40.55,-10,13.65,2021-12-23 12:31:00,17055.5,,,,,,,,,,2021-12-23,0,Thursday
274,2021-12-23,2021-12-23 13:30:00,Sell,17100,PE,21.95,-10,29.05,2021-12-23 15:25:00,17104.3,2021-12-23,2021-12-23 15:15:00,Buy,17050.0,PE,0.2,10.0,0.25,2021-12-23 15:25:00,2021-12-23,0,Thursday
275,2021-12-23,2021-12-23 14:15:00,Sell,17050,CE,21.1,-10,21.2,2021-12-23 15:25:00,17049.3,2021-12-23,2021-12-23 15:15:00,Buy,17100.0,CE,0.35,10.0,0.05,2021-12-23 15:25:00,2021-12-23,0,Thursday
276,2021-12-24,2021-12-24 09:30:00,Sell,17100,CE,138.95,-10,42.2,2021-12-27 09:16:00,17100.0,2021-12-24,2021-12-24 15:15:00,Buy,17250.0,CE,35.35,10.0,15.6,2021-12-27 09:16:00,2021-12-30,4,Friday
277,2021-12-24,2021-12-24 09:30:00,Sell,17100,PE,140.2,-10,48.45,2021-12-28 11:17:00,17100.0,2021-12-24,2021-12-24 15:15:00,Buy,16650.0,PE,38.45,10.0,7.4,2021-12-28 11:17:00,2021-12-30,4,Friday
278,2021-12-24,2021-12-24 09:45:00,Sell,17050,CE,116.5,-10,154.95,2021-12-30 15:25:00,16982.5,2021-12-24,2021-12-24 15:15:00,Buy,17250.0,CE,35.35,10.0,0.05,2021-12-30 15:25:00,2021-12-30,4,Friday
279,2021-12-24,2021-12-24 09:45:00,Sell,17000,CE,140.6,-10,204.75,2021-12-30 15:25:00,16982.5,2021-12-24,2021-12-24 15:15:00,Buy,17250.0,CE,35.35,10.0,0.05,2021-12-30 15:25:00,2021-12-30,4,Friday
280,2021-12-24,2021-12-24 10:15:00,Sell,16950,CE,141.85,-10,255.1,2021-12-30 15:25:00,16945.95,2021-12-24,2021-12-24 15:15:00,Buy,17250.0,CE,35.35,10.0,0.05,2021-12-30 15:25:00,2021-12-30,4,Friday
281,2021-12-24,2021-12-24 14:00:00,Sell,17000,PE,127.0,-10,43.1,2021-12-28 09:16:00,17010.55,2021-12-24,2021-12-24 15:15:00,Buy,16650.0,PE,38.45,10.0,9.15,2021-12-28 09:16:00,2021-12-30,4,Friday
282,2021-12-24,2021-12-24 14:45:00,Sell,17050,PE,120.75,-10,41.85,2021-12-28 10:07:00,17055.7,2021-12-24,2021-12-24 15:15:00,Buy,16650.0,PE,38.45,10.0,8.95,2021-12-28 10:07:00,2021-12-30,4,Friday
283,2021-12-27,2021-12-27 09:30:00,Sell,17000,CE,101.45,-10,204.75,2021-12-30 15:25:00,16938.6,2021-12-27,2021-12-27 15:15:00,Buy,17300.0,CE,35.7,10.0,0.05,2021-12-30 15:25:00,2021-12-30,3,Monday
284,2021-12-27,2021-12-27 09:30:00,Sell,16950,CE,127.3,-10,255.1,2021-12-30 15:25:00,16938.6,2021-12-27,2021-12-27 15:15:00,Buy,17300.0,CE,35.7,10.0,0.05,2021-12-30 15:25:00,2021-12-30,3,Monday
285,2021-12-27,2021-12-27 10:45:00,Sell,17000,PE,112.4,-10,39.2,2021-12-28 09:17:00,17016.2,2021-12-27,2021-12-27 15:15:00,Buy,16800.0,PE,34.15,10.0,15.7,2021-12-28 09:17:00,2021-12-30,3,Monday
286,2021-12-27,2021-12-27 12:45:00,Sell,17050,PE,108.0,-10,37.65,2021-12-28 11:16:00,17062.6,2021-12-27,2021-12-27 15:15:00,Buy,16800.0,PE,34.15,10.0,12.3,2021-12-28 11:16:00,2021-12-30,3,Monday
287,2021-12-28,2021-12-28 09:30:00,Sell,17100,PE,70.2,-10,24.15,2021-12-29 09:42:00,17177.3,2021-12-28,2021-12-28 15:15:00,Buy,17050.0,PE,25.5,10.0,17.5,2021-12-29 09:42:00,2021-12-30,2,Tuesday
288,2021-12-28,2021-12-28 09:30:00,Sell,17150,PE,88.3,-10,30.1,2021-12-29 09:48:00,17177.3,2021-12-28,2021-12-28 15:15:00,Buy,17050.0,PE,25.5,10.0,15.6,2021-12-29 09:48:00,2021-12-30,2,Tuesday
289,2021-12-28,2021-12-28 10:15:00,Sell,17200,PE,86.35,-10,28.45,2021-12-30 09:47:00,17207.3,2021-12-28,2021-12-28 15:15:00,Buy,17050.0,PE,25.5,10.0,3.9,2021-12-30 09:47:00,2021-12-30,2,Tuesday
290,2021-12-29,2021-12-29 09:45:00,Sell,17250,PE,63.55,-10,45.35,2021-12-30 15:25:00,17265.15,2021-12-29,2021-12-29 15:15:00,Buy,17100.0,PE,18.15,10.0,0.05,2021-12-30 15:25:00,2021-12-30,1,Wednesday
0,2021-06-04,2021-06-04 09:30:00,Sell,15700,CE,118.7,-10,39.6,2021-06-09 13:22:00,15700.0,2021-06-04,2021-06-04 15:15:00,Buy,15850.0,CE,35.25,10.0,8.9,2021-06-09 13:22:00,2021-06-10,4,Friday
1,2021-06-04,2021-06-04 09:30:00,Sell,15700,PE,113.4,-10,38.05,2021-06-09 09:17:00,15700.0,2021-06-04,2021-06-04 15:15:00,Buy,15500.0,PE,36.95,10.0,6.35,2021-06-09 09:17:00,2021-06-10,4,Friday
2,2021-06-04,2021-06-04 13:30:00,Sell,15650,CE,110.25,-10,37.25,2021-06-09 14:43:00,15647.7,2021-06-04,2021-06-04 15:15:00,Buy,15850.0,CE,35.25,10.0,5.4,2021-06-09 14:43:00,2021-06-10,4,Friday
3,2021-06-07,2021-06-07 09:45:00,Sell,15700,PE,83.75,-10,29.0,2021-06-09 10:01:00,15705.0,2021-06-07,2021-06-07 15:15:00,Buy,15550.0,PE,22.05,10.0,8.65,2021-06-09 10:01:00,2021-06-10,3,Monday
4,2021-06-07,2021-06-07 13:45:00,Sell,15750,PE,81.25,-10,27.05,2021-06-10 13:49:00,15760.6,2021-06-07,2021-06-07 15:15:00,Buy,15550.0,PE,22.05,10.0,2.0,2021-06-10 13:49:00,2021-06-10,3,Monday
5,2021-06-08,2021-06-08 10:00:00,Sell,15700,CE,75.35,-10,25.75,2021-06-09 14:42:00,15690.5,2021-06-08,2021-06-08 15:15:00,Buy,15850.0,CE,23.75,10.0,5.55,2021-06-09 14:42:00,2021-06-10,2,Tuesday
6,2021-06-09,2021-06-09 09:30:00,Sell,15750,PE,58.25,-10,20.0,2021-06-10 14:36:00,15759.2,2021-06-09,2021-06-09 15:15:00,Buy,15550.0,PE,15.3,10.0,1.0,2021-06-10 14:36:00,2021-06-10,1,Wednesday
7,2021-06-09,2021-06-09 13:15:00,Sell,15700,CE,45.15,-10,38.6,2021-06-10 15:25:00,15659.6,2021-06-09,2021-06-09 15:15:00,Buy,15750.0,CE,15.7,10.0,0.1,2021-06-10 15:25:00,2021-06-10,1,Wednesday
8,2021-06-09,2021-06-09 14:30:00,Sell,15650,CE,54.5,-10,88.7,2021-06-10 15:25:00,15643.45,2021-06-09,2021-06-09 15:15:00,Buy,15750.0,CE,15.7,10.0,0.1,2021-06-10 15:25:00,2021-06-10,1,Wednesday
9,2021-06-09,2021-06-09 14:45:00,Sell,15600,CE,51.5,-10,138.3,2021-06-10 15:25:00,15578.9,2021-06-09,2021-06-09 15:15:00,Buy,15750.0,CE,15.7,10.0,0.1,2021-06-10 15:25:00,2021-06-10,1,Wednesday
10,2021-06-10,2021-06-10 09:30:00,Sell,15650,PE,30.7,-10,7.75,2021-06-10 13:20:00,15677.0,,,,,,,,,,2021-06-10,0,Thursday
11,2021-06-10,2021-06-10 10:00:00,Sell,15700,PE,38.35,-10,11.25,2021-06-10 13:49:00,15700.0,,,,,,,,,,2021-06-10,0,Thursday
12,2021-06-11,2021-06-11 09:30:00,Sell,15800,CE,103.0,-10,33.4,2021-06-14 09:35:00,15800.0,2021-06-11,2021-06-11 15:15:00,Buy,15950.0,CE,29.9,10.0,11.35,2021-06-14 09:35:00,2021-06-17,4,Friday
13,2021-06-11,2021-06-11 09:30:00,Sell,15800,PE,99.45,-10,109.55,2021-06-17 15:25:00,15800.0,2021-06-11,2021-06-11 15:15:00,Buy,15600.0,PE,30.15,10.0,0.1,2021-06-17 15:25:00,2021-06-17,4,Friday
14,2021-06-14,2021-06-14 09:30:00,Sell,15750,CE,56.7,-10,17.0,2021-06-17 09:18:00,15664.2,2021-06-14,2021-06-14 15:15:00,Buy,15950.0,CE,22.05,10.0,2.05,2021-06-17 09:18:00,2021-06-17,3,Monday
15,2021-06-14,2021-06-14 09:30:00,Sell,15700,CE,77.75,-10,26.0,2021-06-17 12:18:00,15664.2,2021-06-14,2021-06-14 15:15:00,Buy,15950.0,CE,22.05,10.0,1.5,2021-06-17 12:18:00,2021-06-17,3,Monday
16,2021-06-14,2021-06-14 13:30:00,Sell,15750,PE,63.6,-10,59.3,2021-06-17 15:25:00,15776.1,2021-06-14,2021-06-14 15:15:00,Buy,15600.0,PE,19.9,10.0,0.1,2021-06-17 15:25:00,2021-06-17,3,Monday
17,2021-06-14,2021-06-14 14:15:00,Sell,15800,PE,80.2,-10,109.55,2021-06-17 15:25:00,15800.4,2021-06-14,2021-06-14 15:15:00,Buy,15600.0,PE,19.9,10.0,0.1,2021-06-17 15:25:00,2021-06-17,3,Monday
18,2021-06-15,2021-06-15 09:30:00,Sell,15850,PE,63.4,-10,159.5,2021-06-17 15:25:00,15882.8,2021-06-15,2021-06-15 15:15:00,Buy,15700.0,PE,18.15,10.0,9.6,2021-06-17 15:25:00,2021-06-17,2,Tuesday
19,2021-06-15,2021-06-15 10:30:00,Sell,15900,PE,77.45,-10,209.95,2021-06-17 15:25:00,15900.9,2021-06-15,2021-06-15 15:15:00,Buy,15700.0,PE,18.15,10.0,9.6,2021-06-17 15:25:00,2021-06-17,2,Tuesday
20,2021-06-16,2021-06-16 10:00:00,Sell,15850,CE,51.05,-10,3.2,2021-06-17 09:15:00,15832.75,2021-06-16,2021-06-16 15:15:00,Buy,15900.0,CE,12.55,10.0,3.0,2021-06-17 09:15:00,2021-06-17,1,Wednesday
21,2021-06-16,2021-06-16 10:30:00,Sell,15800,CE,64.15,-10,7.95,2021-06-17 09:16:00,15797.75,2021-06-16,2021-06-16 15:15:00,Buy,15900.0,CE,12.55,10.0,2.6,2021-06-17 09:16:00,2021-06-17,1,Wednesday
22,2021-06-17,2021-06-17 09:30:00,Sell,15750,CE,20.55,-10,7.05,2021-06-17 13:52:00,15711.15,,,,,,,,,,2021-06-17,0,Thursday
23,2021-06-17,2021-06-17 12:30:00,Sell,15700,CE,26.95,-10,9.15,2021-06-17 14:14:00,15698.9,,,,,,,,,,2021-06-17,0,Thursday
24,2021-06-17,2021-06-17 14:45:00,Sell,15650,CE,13.85,-10,40.4,2021-06-17 15:25:00,15649.9,2021-06-17,2021-06-17 15:15:00,Buy,15700.0,CE,1.8,10.0,0.05,2021-06-17 15:25:00,2021-06-17,0,Thursday
25,2021-06-17,2021-06-17 15:15:00,Sell,15700,PE,4.75,-10,9.6,2021-06-17 15:25:00,15706.25,2021-06-17,2021-06-17 15:15:00,Buy,15700.0,PE,4.75,10.0,9.6,2021-06-17 15:25:00,2021-06-17,0,Thursday
26,2021-06-18,2021-06-18 09:30:00,Sell,15750,CE,95.35,-10,30.3,2021-06-21 09:15:00,15750.0,2021-06-18,2021-06-18 15:15:00,Buy,15850.0,CE,40.3,10.0,30.0,2021-06-21 09:15:00,2021-06-24,4,Friday
27,2021-06-18,2021-06-18 09:30:00,Sell,15750,PE,117.25,-10,40.0,2021-06-22 09:15:00,15750.0,2021-06-18,2021-06-18 15:15:00,Buy,15450.0,PE,31.65,10.0,13.75,2021-06-22 09:15:00,2021-06-24,4,Friday
28,2021-06-18,2021-06-18 09:45:00,Sell,15700,CE,100.75,-10,90.15,2021-06-24 15:25:00,15666.6,2021-06-18,2021-06-18 15:15:00,Buy,15850.0,CE,40.3,10.0,0.1,2021-06-24 15:25:00,2021-06-24,4,Friday
29,2021-06-18,2021-06-18 10:00:00,Sell,15650,CE,106.35,-10,140.3,2021-06-24 15:25:00,15588.7,2021-06-18,2021-06-18 15:15:00,Buy,15850.0,CE,40.3,10.0,0.1,2021-06-24 15:25:00,2021-06-24,4,Friday
30,2021-06-18,2021-06-18 10:00:00,Sell,15600,CE,128.25,-10,190.3,2021-06-24 15:25:00,15588.7,2021-06-18,2021-06-18 15:15:00,Buy,15850.0,CE,40.3,10.0,0.1,2021-06-24 15:25:00,2021-06-24,4,Friday
31,2021-06-18,2021-06-18 11:00:00,Sell,15550,CE,118.0,-10,240.9,2021-06-24 15:25:00,15459.25,2021-06-18,2021-06-18 15:15:00,Buy,15850.0,CE,40.3,10.0,0.1,2021-06-24 15:25:00,2021-06-24,4,Friday
32,2021-06-18,2021-06-18 11:00:00,Sell,15500,CE,140.8,-10,290.95,2021-06-24 15:25:00,15459.25,2021-06-18,2021-06-18 15:15:00,Buy,15850.0,CE,40.3,10.0,0.1,2021-06-24 15:25:00,2021-06-24,4,Friday
33,2021-06-18,2021-06-18 11:30:00,Sell,15550,PE,116.6,-10,40.3,2021-06-18 15:23:00,15573.15,2021-06-18,2021-06-18 15:15:00,Buy,15450.0,PE,31.65,10.0,23.8,2021-06-18 15:23:00,2021-06-24,4,Friday
34,2021-06-18,2021-06-18 12:45:00,Sell,15600,PE,118.35,-10,39.65,2021-06-21 15:15:00,15600.2,2021-06-18,2021-06-18 15:15:00,Buy,15450.0,PE,31.65,10.0,18.7,2021-06-21 15:15:00,2021-06-24,4,Friday
35,2021-06-18,2021-06-18 14:30:00,Sell,15650,PE,99.8,-10,27.0,2021-06-22 09:16:00,15661.75,2021-06-18,2021-06-18 15:15:00,Buy,15450.0,PE,31.65,10.0,10.8,2021-06-22 09:16:00,2021-06-24,4,Friday
36,2021-06-21,2021-06-21 09:30:00,Sell,15600,CE,97.9,-10,190.3,2021-06-24 15:25:00,15576.6,2021-06-21,2021-06-21 15:15:00,Buy,15900.0,CE,24.7,10.0,0.05,2021-06-24 15:25:00,2021-06-24,3,Monday
37,2021-06-21,2021-06-21 13:00:00,Sell,15650,PE,102.0,-10,27.0,2021-06-22 09:16:00,15654.0,2021-06-21,2021-06-21 15:15:00,Buy,15550.0,PE,30.7,10.0,16.35,2021-06-22 09:16:00,2021-06-24,3,Monday
38,2021-06-21,2021-06-21 14:15:00,Sell,15700,PE,86.05,-10,28.35,2021-06-22 09:22:00,15715.75,2021-06-21,2021-06-21 15:15:00,Buy,15550.0,PE,30.7,10.0,13.4,2021-06-22 09:22:00,2021-06-24,3,Monday
39,2021-06-22,2021-06-22 09:30:00,Sell,15750,PE,38.2,-10,12.95,2021-06-24 13:42:00,15864.6,2021-06-22,2021-06-22 15:15:00,Buy,15600.0,PE,19.15,10.0,2.25,2021-06-24 13:42:00,2021-06-24,2,Tuesday
40,2021-06-22,2021-06-22 09:30:00,Sell,15800,PE,53.5,-10,16.65,2021-06-24 14:45:00,15864.6,2021-06-22,2021-06-22 15:15:00,Buy,15600.0,PE,19.15,10.0,0.55,2021-06-24 14:45:00,2021-06-24,2,Tuesday
41,2021-06-22,2021-06-22 09:30:00,Sell,15850,PE,74.35,-10,59.8,2021-06-24 15:25:00,15864.6,2021-06-22,2021-06-22 15:15:00,Buy,15600.0,PE,19.15,10.0,0.05,2021-06-24 15:25:00,2021-06-24,2,Tuesday
42,2021-06-22,2021-06-22 15:15:00,Sell,15800,CE,56.85,-10,19.55,2021-06-23 14:46:00,15780.2,2021-06-22,2021-06-22 15:15:00,Buy,15950.0,CE,12.35,10.0,4.45,2021-06-23 14:46:00,2021-06-24,2,Tuesday
43,2021-06-23,2021-06-23 12:00:00,Sell,15750,CE,62.7,-10,40.2,2021-06-24 15:25:00,15740.85,2021-06-23,2021-06-23 15:15:00,Buy,15800.0,CE,17.15,10.0,0.1,2021-06-24 15:25:00,2021-06-24,1,Wednesday
44,2021-06-23,2021-06-23 15:00:00,Sell,15700,CE,52.0,-10,90.15,2021-06-24 15:25:00,15688.95,2021-06-23,2021-06-23 15:15:00,Buy,15800.0,CE,17.15,10.0,0.1,2021-06-24 15:25:00,2021-06-24,1,Wednesday
45,2021-06-24,2021-06-24 09:45:00,Sell,15750,PE,42.2,-10,12.95,2021-06-24 13:42:00,15756.35,,,,,,,,,,2021-06-24,0,Thursday
46,2021-06-24,2021-06-24 14:15:00,Sell,15800,PE,24.05,-10,8.15,2021-06-24 15:03:00,15806.2,,,,,,,,,,2021-06-24,0,Thursday
47,2021-06-25,2021-06-25 09:30:00,Sell,15800,CE,124.95,-10,43.4,2021-06-29 14:35:00,15800.0,2021-06-25,2021-06-25 15:15:00,Buy,16000.0,CE,34.1,10.0,5.9,2021-06-29 14:35:00,2021-07-01,4,Friday
48,2021-06-25,2021-06-25 09:30:00,Sell,15800,PE,101.05,-10,35.2,2021-06-30 12:12:00,15800.0,2021-06-25,2021-06-25 15:15:00,Buy,15650.0,PE,28.7,10.0,6.8,2021-06-30 12:12:00,2021-07-01,4,Friday
49,2021-06-25,2021-06-25 14:00:00,Sell,15850,PE,96.2,-10,169.9,2021-07-01 15:25:00,15856.4,2021-06-25,2021-06-25 15:15:00,Buy,15650.0,PE,28.7,10.0,0.05,2021-07-01 15:25:00,2021-07-01,4,Friday
50,2021-06-29,2021-06-29 10:00:00,Sell,15800,CE,64.7,-10,22.45,2021-06-30 14:45:00,15784.2,2021-06-29,2021-06-29 15:15:00,Buy,15900.0,CE,16.2,10.0,5.5,2021-06-30 14:45:00,2021-07-01,2,Tuesday
51,2021-06-29,2021-06-29 12:15:00,Sell,15750,CE,70.1,-10,24.3,2021-07-01 09:19:00,15745.5,2021-06-29,2021-06-29 15:15:00,Buy,15900.0,CE,16.2,10.0,2.25,2021-07-01 09:19:00,2021-07-01,2,Tuesday
52,2021-06-30,2021-06-30 10:00:00,Sell,15800,PE,49.0,-10,119.65,2021-07-01 15:25:00,15803.45,2021-06-30,2021-06-30 15:15:00,Buy,15650.0,PE,15.45,10.0,0.05,2021-07-01 15:25:00,2021-07-01,1,Wednesday
53,2021-06-30,2021-06-30 14:45:00,Sell,15750,CE,42.3,-10,14.05,2021-07-01 10:31:00,15739.7,2021-06-30,2021-06-30 15:15:00,Buy,15800.0,CE,15.25,10.0,5.7,2021-07-01 10:31:00,2021-07-01,1,Wednesday
54,2021-07-01,2021-07-01 10:45:00,Sell,15700,CE,26.75,-10,8.9,2021-07-01 14:39:00,15695.45,,,,,,,,,,2021-07-01,0,Thursday
55,2021-07-02,2021-07-02 09:30:00,Sell,15650,CE,104.0,-10,77.2,2021-07-08 15:25:00,15650.0,2021-07-02,2021-07-02 15:15:00,Buy,15850.0,CE,25.4,10.0,0.1,2021-07-08 15:25:00,2021-07-08,4,Friday
56,2021-07-02,2021-07-02 09:30:00,Sell,15650,PE,80.25,-10,28.0,2021-07-05 09:16:00,15650.0,2021-07-02,2021-07-02 15:15:00,Buy,15550.0,PE,21.55,10.0,12.3,2021-07-05 09:16:00,2021-07-08,4,Friday
57,2021-07-02,2021-07-02 13:00:00,Sell,15700,PE,75.0,-10,25.75,2021-07-05 10:17:00,15706.1,2021-07-02,2021-07-02 15:15:00,Buy,15550.0,PE,21.55,10.0,8.1,2021-07-05 10:17:00,2021-07-08,4,Friday
58,2021-07-05,2021-07-05 09:30:00,Sell,15750,PE,45.85,-10,16.0,2021-07-06 11:15:00,15805.5,2021-07-05,2021-07-05 15:15:00,Buy,15700.0,PE,18.5,10.0,10.3,2021-07-06 11:15:00,2021-07-08,3,Monday
59,2021-07-05,2021-07-05 09:30:00,Sell,15800,PE,65.95,-10,23.05,2021-07-06 11:43:00,15805.5,2021-07-05,2021-07-05 15:15:00,Buy,15700.0,PE,18.5,10.0,10.05,2021-07-06 11:43:00,2021-07-08,3,Monday
60,2021-07-06,2021-07-06 09:45:00,Sell,15850,PE,54.3,-10,122.9,2021-07-08 15:25:00,15861.85,2021-07-06,2021-07-06 15:15:00,Buy,15700.0,PE,19.45,10.0,0.1,2021-07-08 15:25:00,2021-07-08,2,Tuesday
61,2021-07-06,2021-07-06 12:15:00,Sell,15900,PE,54.6,-10,172.8,2021-07-08 15:25:00,15902.55,2021-07-06,2021-07-06 15:15:00,Buy,15700.0,PE,19.45,10.0,0.1,2021-07-08 15:25:00,2021-07-08,2,Tuesday
62,2021-07-06,2021-07-06 14:45:00,Sell,15850,CE,50.65,-10,16.75,2021-07-08 10:35:00,15849.1,2021-07-06,2021-07-06 15:15:00,Buy,15900.0,CE,16.95,10.0,5.55,2021-07-08 10:35:00,2021-07-08,2,Tuesday
63,2021-07-08,2021-07-08 12:15:00,Sell,15800,CE,21.6,-10,6.0,2021-07-08 13:16:00,15793.0,,,,,,,,,,2021-07-08,0,Thursday
64,2021-07-08,2021-07-08 14:00:00,Sell,15750,CE,8.7,-10,2.85,2021-07-08 14:34:00,15717.1,,,,,,,,,,2021-07-08,0,Thursday
65,2021-07-09,2021-07-09 09:30:00,Sell,15650,CE,109.25,-10,274.1,2021-07-15 15:25:00,15650.0,2021-07-09,2021-07-09 15:15:00,Buy,15900.0,CE,24.45,10.0,24.45,2021-07-15 15:25:00,2021-07-15,4,Friday
66,2021-07-09,2021-07-09 09:30:00,Sell,15650,PE,102.3,-10,33.85,2021-07-12 09:16:00,15650.0,2021-07-09,2021-07-09 15:15:00,Buy,15550.0,PE,31.6,10.0,16.25,2021-07-12 09:16:00,2021-07-15,4,Friday
67,2021-07-09,2021-07-09 10:30:00,Sell,15700,PE,86.35,-10,29.8,2021-07-13 10:02:00,15710.85,2021-07-09,2021-07-09 15:15:00,Buy,15550.0,PE,31.6,10.0,9.0,2021-07-13 10:02:00,2021-07-15,4,Friday
68,2021-07-12,2021-07-12 09:30:00,Sell,15750,PE,59.75,-10,20.85,2021-07-14 12:20:00,15772.15,2021-07-12,2021-07-12 15:15:00,Buy,15550.0,PE,22.25,10.0,4.8,2021-07-14 12:20:00,2021-07-15,3,Monday
69,2021-07-12,2021-07-12 13:15:00,Sell,15700,CE,77.65,-10,224.35,2021-07-15 15:25:00,15698.8,2021-07-12,2021-07-12 15:15:00,Buy,15850.0,CE,18.3,10.0,74.4,2021-07-15 15:25:00,2021-07-15,3,Monday
70,2021-07-12,2021-07-12 14:45:00,Sell,15650,CE,78.35,-10,274.1,2021-07-15 15:25:00,15647.2,2021-07-12,2021-07-12 15:15:00,Buy,15850.0,CE,18.3,10.0,74.4,2021-07-15 15:25:00,2021-07-15,3,Monday
71,2021-07-13,2021-07-13 09:30:00,Sell,15700,PE,32.8,-10,11.3,2021-07-14 12:46:00,15764.1,2021-07-13,2021-07-13 15:15:00,Buy,15650.0,PE,12.65,10.0,7.95,2021-07-14 12:46:00,2021-07-15,2,Tuesday
72,2021-07-13,2021-07-13 09:30:00,Sell,15750,PE,50.1,-10,17.1,2021-07-14 12:46:00,15764.1,2021-07-13,2021-07-13 15:15:00,Buy,15650.0,PE,12.65,10.0,7.95,2021-07-14 12:46:00,2021-07-15,2,Tuesday
73,2021-07-13,2021-07-13 13:15:00,Sell,15800,PE,51.4,-10,14.85,2021-07-15 09:15:00,15805.55,2021-07-13,2021-07-13 15:15:00,Buy,15650.0,PE,12.65,10.0,2.6,2021-07-15 09:15:00,2021-07-15,2,Tuesday
74,2021-07-14,2021-07-14 12:45:00,Sell,15850,PE,46.65,-10,15.35,2021-07-15 10:40:00,15853.1,2021-07-14,2021-07-14 15:15:00,Buy,15750.0,PE,11.0,10.0,4.85,2021-07-15 10:40:00,2021-07-15,1,Wednesday
75,2021-07-15,2021-07-15 10:45:00,Sell,15900,PE,27.05,-10,8.0,2021-07-15 13:19:00,15911.6,,,,,,,,,,2021-07-15,0,Thursday
76,2021-07-16,2021-07-16 09:30:00,Sell,15950,CE,87.5,-10,16.7,2021-07-19 09:17:00,15950.0,2021-07-16,2021-07-16 15:15:00,Buy,16050.0,CE,27.3,10.0,6.7,2021-07-19 09:17:00,2021-07-22,4,Friday
77,2021-07-16,2021-07-16 09:30:00,Sell,15950,PE,79.65,-10,127.25,2021-07-22 15:25:00,15950.0,2021-07-16,2021-07-16 15:15:00,Buy,15750.0,PE,21.2,10.0,0.05,2021-07-22 15:25:00,2021-07-22,4,Friday
78,2021-07-16,2021-07-16 12:30:00,Sell,15900,CE,83.85,-10,27.75,2021-07-19 09:17:00,15899.6,2021-07-16,2021-07-16 15:15:00,Buy,16050.0,CE,27.3,10.0,6.7,2021-07-19 09:17:00,2021-07-22,4,Friday
79,2021-07-19,2021-07-19 09:30:00,Sell,15850,CE,59.3,-10,18.2,2021-07-20 09:17:00,15826.5,2021-07-19,2021-07-19 15:15:00,Buy,15900.0,CE,18.25,10.0,11.45,2021-07-20 09:17:00,2021-07-22,3,Monday
80,2021-07-19,2021-07-19 12:45:00,Sell,15800,CE,60.45,-10,20.7,2021-07-20 09:31:00,15777.4,2021-07-19,2021-07-19 15:15:00,Buy,15900.0,CE,18.25,10.0,8.35,2021-07-20 09:31:00,2021-07-22,3,Monday
81,2021-07-19,2021-07-19 14:30:00,Sell,15750,CE,61.45,-10,19.9,2021-07-20 11:58:00,15736.0,2021-07-19,2021-07-19 15:15:00,Buy,15900.0,CE,18.25,10.0,7.85,2021-07-20 11:58:00,2021-07-22,3,Monday
82,2021-07-20,2021-07-20 09:30:00,Sell,15700,CE,59.35,-10,123.1,2021-07-22 15:25:00,15692.25,2021-07-20,2021-07-20 15:15:00,Buy,15750.0,CE,16.45,10.0,73.25,2021-07-22 15:25:00,2021-07-22,2,Tuesday
83,2021-07-20,2021-07-20 10:30:00,Sell,15650,CE,67.55,-10,173.4,2021-07-22 15:25:00,15646.0,2021-07-20,2021-07-20 15:15:00,Buy,15750.0,CE,16.45,10.0,73.25,2021-07-22 15:25:00,2021-07-22,2,Tuesday
84,2021-07-20,2021-07-20 11:15:00,Sell,15600,CE,72.15,-10,223.0,2021-07-22 15:25:00,15591.65,2021-07-20,2021-07-20 15:15:00,Buy,15750.0,CE,16.45,10.0,73.25,2021-07-22 15:25:00,2021-07-22,2,Tuesday
85,2021-07-20,2021-07-20 13:00:00,Sell,15650,PE,54.75,-10,6.2,2021-07-22 09:16:00,15656.9,2021-07-20,2021-07-20 15:15:00,Buy,15550.0,PE,20.8,10.0,2.1,2021-07-22 09:16:00,2021-07-22,2,Tuesday
86,2021-07-22,2021-07-22 09:30:00,Sell,15700,PE,11.5,-10,3.9,2021-07-22 10:36:00,15757.4,,,,,,,,,,2021-07-22,0,Thursday
87,2021-07-22,2021-07-22 09:30:00,Sell,15750,PE,29.4,-10,9.8,2021-07-22 10:36:00,15757.4,,,,,,,,,,2021-07-22,0,Thursday
88,2021-07-22,2021-07-22 10:45:00,Sell,15800,PE,26.5,-10,3.15,2021-07-22 15:01:00,15801.3,,,,,,,,,,2021-07-22,0,Thursday
89,2021-07-23,2021-07-23 09:30:00,Sell,15850,CE,80.55,-10,28.05,2021-07-27 12:56:00,15850.0,2021-07-23,2021-07-23 15:15:00,Buy,16000.0,CE,22.55,10.0,5.75,2021-07-27 12:56:00,2021-07-29,4,Friday
90,2021-07-23,2021-07-23 09:30:00,Sell,15850,PE,82.3,-10,71.15,2021-07-29 15:25:00,15850.0,2021-07-23,2021-07-23 15:15:00,Buy,15650.0,PE,21.8,10.0,0.05,2021-07-29 15:25:00,2021-07-29,4,Friday
91,2021-07-23,2021-07-23 09:45:00,Sell,15800,CE,75.95,-10,23.0,2021-07-28 09:17:00,15785.2,2021-07-23,2021-07-23 15:15:00,Buy,16000.0,CE,22.55,10.0,3.55,2021-07-28 09:17:00,2021-07-29,4,Friday
92,2021-07-23,2021-07-23 10:15:00,Sell,15850,PE,83.55,-10,71.15,2021-07-29 15:25:00,15850.4,2021-07-23,2021-07-23 15:15:00,Buy,15650.0,PE,21.8,10.0,0.05,2021-07-29 15:25:00,2021-07-29,4,Friday
93,2021-07-27,2021-07-27 12:45:00,Sell,15800,CE,52.6,-10,18.3,2021-07-28 09:25:00,15772.85,2021-07-27,2021-07-27 15:15:00,Buy,15900.0,CE,12.65,10.0,6.85,2021-07-28 09:25:00,2021-07-29,2,Tuesday
94,2021-07-27,2021-07-27 13:15:00,Sell,15750,CE,50.15,-10,17.1,2021-07-28 10:41:00,15715.55,2021-07-27,2021-07-27 15:15:00,Buy,15900.0,CE,12.65,10.0,6.65,2021-07-28 10:41:00,2021-07-29,2,Tuesday
95,2021-07-28,2021-07-28 09:30:00,Sell,15700,CE,51.65,-10,78.85,2021-07-29 15:25:00,15686.25,2021-07-28,2021-07-28 15:15:00,Buy,15800.0,CE,14.4,10.0,0.05,2021-07-29 15:25:00,2021-07-29,1,Wednesday
96,2021-07-28,2021-07-28 09:45:00,Sell,15650,CE,61.9,-10,128.55,2021-07-29 15:25:00,15644.15,2021-07-28,2021-07-28 15:15:00,Buy,15800.0,CE,14.4,10.0,0.05,2021-07-29 15:25:00,2021-07-29,1,Wednesday
97,2021-07-28,2021-07-28 10:45:00,Sell,15600,CE,55.75,-10,178.6,2021-07-29 15:25:00,15549.3,2021-07-28,2021-07-28 15:15:00,Buy,15800.0,CE,14.4,10.0,0.05,2021-07-29 15:25:00,2021-07-29,1,Wednesday
98,2021-07-28,2021-07-28 10:45:00,Sell,15550,CE,79.05,-10,229.15,2021-07-29 15:25:00,15549.3,2021-07-28,2021-07-28 15:15:00,Buy,15800.0,CE,14.4,10.0,0.05,2021-07-29 15:25:00,2021-07-29,1,Wednesday
99,2021-07-28,2021-07-28 11:30:00,Sell,15600,PE,58.55,-10,20.4,2021-07-28 13:35:00,15610.75,,,,,,,,,,2021-07-29,1,Wednesday
100,2021-07-28,2021-07-28 13:15:00,Sell,15650,PE,50.8,-10,14.9,2021-07-29 09:15:00,15666.15,2021-07-28,2021-07-28 15:15:00,Buy,15600.0,PE,13.65,10.0,3.0,2021-07-29 09:15:00,2021-07-29,1,Wednesday
101,2021-07-28,2021-07-28 15:15:00,Sell,15700,PE,43.1,-10,14.6,2021-07-29 09:16:00,15713.15,2021-07-28,2021-07-28 15:15:00,Buy,15600.0,PE,13.65,10.0,3.6,2021-07-29 09:16:00,2021-07-29,1,Wednesday
102,2021-07-29,2021-07-29 10:00:00,Sell,15750,PE,32.2,-10,10.3,2021-07-29 12:33:00,15757.6,,,,,,,,,,2021-07-29,0,Thursday
103,2021-07-29,2021-07-29 13:00:00,Sell,15800,PE,20.7,-10,21.25,2021-07-29 15:25:00,15804.15,2021-07-29,2021-07-29 15:15:00,Buy,15750.0,PE,0.25,10.0,0.1,2021-07-29 15:25:00,2021-07-29,0,Thursday
104,2021-07-30,2021-07-30 09:30:00,Sell,15800,CE,74.05,-10,496.3,2021-08-05 15:25:00,15800.0,2021-07-30,2021-07-30 15:15:00,Buy,15900.0,CE,25.1,10.0,396.7,2021-08-05 15:25:00,2021-08-05,4,Friday
105,2021-07-30,2021-07-30 09:30:00,Sell,15800,PE,104.5,-10,36.3,2021-08-02 15:26:00,15800.0,2021-07-30,2021-07-30 15:15:00,Buy,15550.0,PE,25.7,10.0,6.3,2021-08-02 15:26:00,2021-08-05,4,Friday
106,2021-07-30,2021-07-30 14:00:00,Sell,15850,PE,81.85,-10,28.35,2021-08-03 12:21:00,15857.05,2021-07-30,2021-07-30 15:15:00,Buy,15550.0,PE,25.7,10.0,6.85,2021-08-03 12:21:00,2021-08-05,4,Friday
107,2021-07-30,2021-07-30 15:00:00,Sell,15800,CE,71.4,-10,496.3,2021-08-05 15:25:00,15785.75,2021-07-30,2021-07-30 15:15:00,Buy,15900.0,CE,25.1,10.0,396.7,2021-08-05 15:25:00,2021-08-05,4,Friday
108,2021-07-30,2021-07-30 15:15:00,Sell,15750,CE,84.25,-10,546.0,2021-08-05 15:25:00,15748.65,2021-07-30,2021-07-30 15:15:00,Buy,15900.0,CE,25.1,10.0,396.7,2021-08-05 15:25:00,2021-08-05,4,Friday
109,2021-08-02,2021-08-02 09:30:00,Sell,15800,PE,48.8,-10,16.65,2021-08-03 14:21:00,15865.0,2021-08-02,2021-08-02 15:15:00,Buy,15700.0,PE,19.25,10.0,10.65,2021-08-03 14:21:00,2021-08-05,3,Monday
110,2021-08-02,2021-08-02 09:30:00,Sell,15850,PE,67.8,-10,23.45,2021-08-03 13:16:00,15865.0,2021-08-02,2021-08-02 15:15:00,Buy,15700.0,PE,19.25,10.0,11.1,2021-08-03 13:16:00,2021-08-05,3,Monday
111,2021-08-03,2021-08-03 09:30:00,Sell,15900,PE,62.25,-10,21.15,2021-08-03 15:01:00,15932.6,,,,,,,,,,2021-08-05,2,Tuesday
112,2021-08-03,2021-08-03 10:00:00,Sell,15950,PE,65.75,-10,22.85,2021-08-03 15:26:00,15958.95,2021-08-03,2021-08-03 15:15:00,Buy,15900.0,PE,20.9,10.0,18.7,2021-08-03 15:26:00,2021-08-05,2,Tuesday
113,2021-08-03,2021-08-03 12:15:00,Sell,16000,PE,75.8,-10,19.0,2021-08-04 09:15:00,16005.65,2021-08-03,2021-08-03 15:15:00,Buy,15900.0,PE,20.9,10.0,12.0,2021-08-04 09:15:00,2021-08-05,2,Tuesday
114,2021-08-03,2021-08-03 14:30:00,Sell,16050,PE,70.0,-10,20.0,2021-08-04 09:15:00,16052.6,2021-08-03,2021-08-03 15:15:00,Buy,15900.0,PE,20.9,10.0,12.0,2021-08-04 09:15:00,2021-08-05,2,Tuesday
115,2021-08-03,2021-08-03 15:15:00,Sell,16100,PE,59.8,-10,20.9,2021-08-04 10:01:00,16125.5,2021-08-03,2021-08-03 15:15:00,Buy,15900.0,PE,20.9,10.0,9.25,2021-08-04 10:01:00,2021-08-05,2,Tuesday
116,2021-08-04,2021-08-04 09:30:00,Sell,16150,PE,33.35,-10,11.4,2021-08-04 15:26:00,16243.2,2021-08-04,2021-08-04 15:15:00,Buy,16150.0,PE,13.05,10.0,11.4,2021-08-04 15:26:00,2021-08-05,1,Wednesday
117,2021-08-04,2021-08-04 09:30:00,Sell,16200,PE,50.6,-10,15.15,2021-08-05 09:16:00,16243.2,2021-08-04,2021-08-04 15:15:00,Buy,16150.0,PE,13.05,10.0,7.75,2021-08-05 09:16:00,2021-08-05,1,Wednesday
118,2021-08-04,2021-08-04 10:00:00,Sell,16250,PE,65.15,-10,21.4,2021-08-05 11:43:00,16258.75,2021-08-04,2021-08-04 15:15:00,Buy,16150.0,PE,13.05,10.0,3.4,2021-08-05 11:43:00,2021-08-05,1,Wednesday
119,2021-08-05,2021-08-05 13:00:00,Sell,16300,PE,18.15,-10,6.1,2021-08-05 14:11:00,16313.95,,,,,,,,,,2021-08-05,0,Thursday
120,2021-08-06,2021-08-06 09:30:00,Sell,16300,CE,105.35,-10,35.9,2021-08-09 13:36:00,16300.0,2021-08-06,2021-08-06 15:15:00,Buy,16400.0,CE,26.6,10.0,14.8,2021-08-09 13:36:00,2021-08-12,4,Friday
121,2021-08-06,2021-08-06 09:30:00,Sell,16300,PE,97.2,-10,31.25,2021-08-12 09:16:00,16300.0,2021-08-06,2021-08-06 15:15:00,Buy,16050.0,PE,29.55,10.0,2.25,2021-08-12 09:16:00,2021-08-12,4,Friday
122,2021-08-06,2021-08-06 11:45:00,Sell,16250,CE,87.25,-10,115.45,2021-08-12 15:25:00,16241.75,2021-08-06,2021-08-06 15:15:00,Buy,16400.0,CE,26.6,10.0,0.15,2021-08-12 15:25:00,2021-08-12,4,Friday
123,2021-08-09,2021-08-09 09:45:00,Sell,16300,PE,81.85,-10,27.15,2021-08-12 09:17:00,16302.9,2021-08-09,2021-08-09 15:15:00,Buy,16100.0,PE,21.0,10.0,3.05,2021-08-12 09:17:00,2021-08-12,3,Monday
124,2021-08-09,2021-08-09 12:30:00,Sell,16250,CE,62.35,-10,115.45,2021-08-12 15:25:00,16235.2,2021-08-09,2021-08-09 15:15:00,Buy,16400.0,CE,20.35,10.0,0.15,2021-08-12 15:25:00,2021-08-12,3,Monday
125,2021-08-09,2021-08-09 13:45:00,Sell,16200,CE,70.1,-10,165.5,2021-08-12 15:25:00,16196.2,2021-08-09,2021-08-09 15:15:00,Buy,16400.0,CE,20.35,10.0,0.15,2021-08-12 15:25:00,2021-08-12,3,Monday
126,2021-08-09,2021-08-09 15:15:00,Sell,16250,PE,67.3,-10,14.9,2021-08-12 09:16:00,16260.75,2021-08-09,2021-08-09 15:15:00,Buy,16100.0,PE,21.0,10.0,2.8,2021-08-12 09:16:00,2021-08-12,3,Monday
127,2021-08-10,2021-08-10 09:30:00,Sell,16300,PE,66.0,-10,21.55,2021-08-12 10:02:00,16319.3,2021-08-10,2021-08-10 15:15:00,Buy,16150.0,PE,15.85,10.0,3.35,2021-08-12 10:02:00,2021-08-12,2,Tuesday
128,2021-08-10,2021-08-10 12:00:00,Sell,16350,PE,67.4,-10,22.2,2021-08-12 12:51:00,16356.1,2021-08-10,2021-08-10 15:15:00,Buy,16150.0,PE,15.85,10.0,2.7,2021-08-12 12:51:00,2021-08-12,2,Tuesday
129,2021-08-10,2021-08-10 14:00:00,Sell,16300,CE,48.65,-10,65.55,2021-08-12 15:25:00,16280.05,2021-08-10,2021-08-10 15:15:00,Buy,16400.0,CE,15.9,10.0,0.15,2021-08-12 15:25:00,2021-08-12,2,Tuesday
130,2021-08-10,2021-08-10 14:15:00,Sell,16250,CE,47.25,-10,115.45,2021-08-12 15:25:00,16207.9,2021-08-10,2021-08-10 15:15:00,Buy,16400.0,CE,15.9,10.0,0.15,2021-08-12 15:25:00,2021-08-12,2,Tuesday
131,2021-08-11,2021-08-11 09:30:00,Sell,16300,PE,50.85,-10,17.15,2021-08-12 10:24:00,16315.5,2021-08-11,2021-08-11 15:15:00,Buy,16200.0,PE,15.5,10.0,4.55,2021-08-12 10:24:00,2021-08-12,1,Wednesday
132,2021-08-11,2021-08-11 10:00:00,Sell,16250,CE,54.85,-10,115.45,2021-08-12 15:25:00,16236.35,2021-08-11,2021-08-11 15:15:00,Buy,16350.0,CE,15.75,10.0,15.2,2021-08-12 15:25:00,2021-08-12,1,Wednesday
133,2021-08-11,2021-08-11 11:00:00,Sell,16200,CE,67.6,-10,165.5,2021-08-12 15:25:00,16188.9,2021-08-11,2021-08-11 15:15:00,Buy,16350.0,CE,15.75,10.0,15.2,2021-08-12 15:25:00,2021-08-12,1,Wednesday
134,2021-08-11,2021-08-11 13:30:00,Sell,16250,PE,49.05,-10,14.9,2021-08-12 09:16:00,16252.35,2021-08-11,2021-08-11 15:15:00,Buy,16200.0,PE,15.5,10.0,7.05,2021-08-12 09:16:00,2021-08-12,1,Wednesday
135,2021-08-12,2021-08-12 09:30:00,Sell,16300,PE,34.35,-10,12.0,2021-08-12 12:08:00,16301.6,,,,,,,,,,2021-08-12,0,Thursday
136,2021-08-12,2021-08-12 12:30:00,Sell,16350,PE,25.3,-10,8.65,2021-08-12 14:37:00,16354.6,,,,,,,,,,2021-08-12,0,Thursday
137,2021-08-13,2021-08-13 09:30:00,Sell,16450,CE,67.6,-10,118.6,2021-08-18 15:25:00,16450.0,2021-08-13,2021-08-13 15:15:00,Buy,16650.0,CE,24.35,10.0,0.1,2021-08-18 15:25:00,2021-08-18,3,Friday
138,2021-08-13,2021-08-13 09:30:00,Sell,16450,PE,100.5,-10,34.55,2021-08-16 12:50:00,16450.0,2021-08-13,2021-08-13 15:15:00,Buy,16300.0,PE,29.1,10.0,15.75,2021-08-16 12:50:00,2021-08-18,3,Friday
139,2021-08-13,2021-08-13 14:00:00,Sell,16500,PE,96.5,-10,30.1,2021-08-17 09:15:00,16500.65,2021-08-13,2021-08-13 15:15:00,Buy,16300.0,PE,29.1,10.0,14.2,2021-08-17 09:15:00,2021-08-18,3,Friday
140,2021-08-16,2021-08-16 11:15:00,Sell,16550,PE,70.65,-10,22.2,2021-08-17 15:12:00,16572.1,2021-08-16,2021-08-16 15:15:00,Buy,16400.0,PE,23.0,10.0,7.75,2021-08-17 15:12:00,2021-08-18,2,Monday
141,2021-08-17,2021-08-17 15:15:00,Sell,16600,PE,36.0,-10,11.9,2021-08-18 09:20:00,16622.1,2021-08-17,2021-08-17 15:15:00,Buy,16450.0,PE,10.2,10.0,3.7,2021-08-18 09:20:00,2021-08-18,1,Tuesday
142,2021-08-18,2021-08-18 09:30:00,Sell,16650,PE,19.8,-10,81.75,2021-08-18 15:25:00,16688.1,2021-08-18,2021-08-18 15:15:00,Buy,16550.0,PE,0.25,10.0,0.2,2021-08-18 15:25:00,2021-08-18,0,Wednesday
143,2021-08-18,2021-08-18 13:00:00,Sell,16600,CE,24.5,-10,7.6,2021-08-18 14:13:00,16592.45,,,,,,,,,,2021-08-18,0,Wednesday
144,2021-08-18,2021-08-18 14:30:00,Sell,16550,CE,18.6,-10,18.5,2021-08-18 15:25:00,16543.3,2021-08-18,2021-08-18 15:15:00,Buy,16600.0,CE,0.2,10.0,0.05,2021-08-18 15:25:00,2021-08-18,0,Wednesday
145,2021-08-20,2021-08-20 09:30:00,Sell,16450,CE,112.2,-10,188.35,2021-08-26 15:25:00,16450.0,2021-08-20,2021-08-20 15:15:00,Buy,16600.0,CE,39.0,10.0,38.25,2021-08-26 15:25:00,2021-08-26,4,Friday
146,2021-08-20,2021-08-20 09:30:00,Sell,16450,PE,110.85,-10,37.9,2021-08-24 09:16:00,16450.0,2021-08-20,2021-08-20 15:15:00,Buy,16250.0,PE,36.2,10.0,11.45,2021-08-24 09:16:00,2021-08-26,4,Friday
147,2021-08-23,2021-08-23 09:30:00,Sell,16500,PE,65.45,-10,22.6,2021-08-24 14:47:00,16549.75,2021-08-23,2021-08-23 15:15:00,Buy,16300.0,PE,22.75,10.0,7.05,2021-08-24 14:47:00,2021-08-26,3,Monday
148,2021-08-23,2021-08-23 10:45:00,Sell,16450,CE,89.3,-10,188.35,2021-08-26 15:25:00,16444.95,2021-08-23,2021-08-23 15:15:00,Buy,16650.0,CE,21.55,10.0,0.1,2021-08-26 15:25:00,2021-08-26,3,Monday
149,2021-08-23,2021-08-23 12:15:00,Sell,16500,PE,81.25,-10,27.8,2021-08-24 13:58:00,16514.4,2021-08-23,2021-08-23 15:15:00,Buy,16300.0,PE,22.75,10.0,8.95,2021-08-24 13:58:00,2021-08-26,3,Monday
150,2021-08-24,2021-08-24 11:30:00,Sell,16550,PE,65.45,-10,21.0,2021-08-25 09:16:00,16551.85,2021-08-24,2021-08-24 15:15:00,Buy,16450.0,PE,15.25,10.0,9.4,2021-08-25 09:16:00,2021-08-26,2,Tuesday
151,2021-08-24,2021-08-24 14:00:00,Sell,16600,PE,57.3,-10,20.0,2021-08-25 11:27:00,16614.5,2021-08-24,2021-08-24 15:15:00,Buy,16450.0,PE,15.25,10.0,7.9,2021-08-25 11:27:00,2021-08-26,2,Tuesday
152,2021-08-25,2021-08-25 09:30:00,Sell,16650,PE,41.1,-10,12.7,2021-08-26 15:16:00,16689.45,2021-08-25,2021-08-25 15:15:00,Buy,16500.0,PE,10.45,10.0,0.1,2021-08-26 15:16:00,2021-08-26,1,Wednesday
153,2021-08-25,2021-08-25 11:30:00,Sell,16700,PE,48.85,-10,61.65,2021-08-26 15:25:00,16703.8,2021-08-25,2021-08-25 15:15:00,Buy,16500.0,PE,10.45,10.0,0.05,2021-08-26 15:25:00,2021-08-26,1,Wednesday
154,2021-08-25,2021-08-25 11:45:00,Sell,16650,CE,48.9,-10,17.05,2021-08-26 12:35:00,16644.95,2021-08-25,2021-08-25 15:15:00,Buy,16700.0,CE,12.55,10.0,4.3,2021-08-26 12:35:00,2021-08-26,1,Wednesday
155,2021-08-27,2021-08-27 09:30:00,Sell,16600,CE,88.0,-10,632.9,2021-09-02 15:25:00,16600.0,2021-08-27,2021-08-27 15:15:00,Buy,16850.0,CE,31.75,10.0,281.85,2021-09-02 15:25:00,2021-09-02,4,Friday
156,2021-08-27,2021-08-27 09:30:00,Sell,16600,PE,109.0,-10,27.8,2021-08-30 09:16:00,16600.0,2021-08-27,2021-08-27 15:15:00,Buy,16450.0,PE,26.35,10.0,12.1,2021-08-30 09:16:00,2021-09-02,4,Friday
157,2021-08-27,2021-08-27 10:30:00,Sell,16650,PE,95.55,-10,32.1,2021-08-30 09:31:00,16651.3,2021-08-27,2021-08-27 15:15:00,Buy,16450.0,PE,26.35,10.0,11.65,2021-08-30 09:31:00,2021-09-02,4,Friday
158,2021-08-27,2021-08-27 13:30:00,Sell,16700,PE,97.2,-10,33.5,2021-08-30 10:25:00,16707.0,2021-08-27,2021-08-27 15:15:00,Buy,16450.0,PE,26.35,10.0,10.2,2021-08-30 10:25:00,2021-09-02,4,Friday
159,2021-08-30,2021-08-30 09:30:00,Sell,16750,PE,60.15,-10,20.3,2021-08-31 09:15:00,16817.3,2021-08-30,2021-08-30 15:15:00,Buy,16700.0,PE,21.8,10.0,19.75,2021-08-31 09:15:00,2021-09-02,3,Monday
160,2021-08-30,2021-08-30 09:30:00,Sell,16800,PE,79.55,-10,26.55,2021-08-31 09:23:00,16817.3,2021-08-30,2021-08-30 15:15:00,Buy,16700.0,PE,21.8,10.0,15.7,2021-08-31 09:23:00,2021-09-02,3,Monday
161,2021-08-30,2021-08-30 10:00:00,Sell,16850,PE,87.3,-10,30.05,2021-08-31 10:40:00,16851.45,2021-08-30,2021-08-30 15:15:00,Buy,16700.0,PE,21.8,10.0,13.35,2021-08-31 10:40:00,2021-09-02,3,Monday
162,2021-08-30,2021-08-30 14:30:00,Sell,16900,PE,79.7,-10,27.7,2021-08-31 14:27:00,16904.4,2021-08-30,2021-08-30 15:15:00,Buy,16700.0,PE,21.8,10.0,11.2,2021-08-31 14:27:00,2021-09-02,3,Monday
163,2021-08-31,2021-08-31 09:30:00,Sell,16950,PE,66.6,-10,18.25,2021-09-01 09:16:00,16972.7,2021-08-31,2021-08-31 15:15:00,Buy,16900.0,PE,22.05,10.0,19.0,2021-09-01 09:16:00,2021-09-02,2,Tuesday
164,2021-08-31,2021-08-31 12:30:00,Sell,17000,PE,72.5,-10,24.8,2021-09-01 09:16:00,17010.35,2021-08-31,2021-08-31 15:15:00,Buy,16900.0,PE,22.05,10.0,19.0,2021-09-01 09:16:00,2021-09-02,2,Tuesday
165,2021-08-31,2021-08-31 14:00:00,Sell,17050,PE,77.25,-10,26.7,2021-09-01 09:33:00,17054.1,2021-08-31,2021-08-31 15:15:00,Buy,16900.0,PE,22.05,10.0,19.0,2021-09-01 09:33:00,2021-09-02,2,Tuesday
166,2021-08-31,2021-08-31 15:15:00,Sell,17100,PE,64.7,-10,21.35,2021-09-02 10:38:00,17143.6,2021-08-31,2021-08-31 15:15:00,Buy,16900.0,PE,22.05,10.0,19.0,2021-09-02 10:38:00,2021-09-02,2,Tuesday
167,2021-09-01,2021-09-01 09:30:00,Sell,17150,PE,60.85,-10,20.25,2021-09-02 11:55:00,17187.9,2021-09-01,2021-09-01 15:15:00,Buy,17000.0,PE,19.4,10.0,3.05,2021-09-02 11:55:00,2021-09-02,1,Wednesday
168,2021-09-01,2021-09-01 10:00:00,Sell,17200,PE,72.9,-10,24.35,2021-09-02 13:52:00,17208.35,2021-09-01,2021-09-01 15:15:00,Buy,17000.0,PE,19.4,10.0,1.2,2021-09-02 13:52:00,2021-09-02,1,Wednesday
169,2021-09-01,2021-09-01 11:00:00,Sell,17150,CE,55.05,-10,19.05,2021-09-01 15:09:00,17130.95,,,,,,,,,,2021-09-02,1,Wednesday
170,2021-09-01,2021-09-01 12:00:00,Sell,17100,CE,52.7,-10,133.05,2021-09-02 15:25:00,17088.45,2021-09-01,2021-09-01 15:15:00,Buy,17150.0,CE,15.05,10.0,82.85,2021-09-02 15:25:00,2021-09-02,1,Wednesday
171,2021-09-02,2021-09-02 11:15:00,Sell,17150,PE,28.6,-10,9.3,2021-09-02 13:16:00,17150.25,,,,,,,,,,2021-09-02,0,Thursday
172,2021-09-02,2021-09-02 14:15:00,Sell,17200,PE,13.1,-10,4.2,2021-09-02 14:35:00,17217.45,,,,,,,,,,2021-09-02,0,Thursday
173,2021-09-03,2021-09-03 09:30:00,Sell,17300,CE,99.45,-10,34.5,2021-09-09 12:41:00,17300.0,2021-09-03,2021-09-03 15:15:00,Buy,17500.0,CE,35.45,10.0,1.65,2021-09-09 12:41:00,2021-09-09,4,Friday
174,2021-09-03,2021-09-03 09:30:00,Sell,17300,PE,124.9,-10,43.7,2021-09-07 12:15:00,17300.0,2021-09-03,2021-09-03 15:15:00,Buy,17100.0,PE,34.65,10.0,11.15,2021-09-07 12:15:00,2021-09-09,4,Friday
175,2021-09-03,2021-09-03 10:45:00,Sell,17250,CE,102.5,-10,120.15,2021-09-09 15:25:00,17237.4,2021-09-03,2021-09-03 15:15:00,Buy,17500.0,CE,35.45,10.0,0.05,2021-09-09 15:25:00,2021-09-09,4,Friday
176,2021-09-03,2021-09-03 13:45:00,Sell,17300,PE,98.1,-10,34.25,2021-09-07 12:36:00,17313.55,2021-09-03,2021-09-03 15:15:00,Buy,17100.0,PE,34.65,10.0,10.4,2021-09-07 12:36:00,2021-09-09,4,Friday
177,2021-09-06,2021-09-06 09:30:00,Sell,17350,PE,71.6,-10,24.3,2021-09-09 11:58:00,17416.7,2021-09-06,2021-09-06 15:15:00,Buy,17150.0,PE,22.75,10.0,2.05,2021-09-09 11:58:00,2021-09-09,3,Monday
178,2021-09-06,2021-09-06 09:30:00,Sell,17400,PE,92.0,-10,30.3,2021-09-09 15:08:00,17416.7,2021-09-06,2021-09-06 15:15:00,Buy,17150.0,PE,22.75,10.0,0.15,2021-09-09 15:08:00,2021-09-09,3,Monday
179,2021-09-07,2021-09-07 10:15:00,Sell,17350,CE,68.05,-10,20.95,2021-09-09 09:31:00,17310.45,2021-09-07,2021-09-07 15:15:00,Buy,17500.0,CE,19.55,10.0,1.75,2021-09-09 09:31:00,2021-09-09,2,Tuesday
180,2021-09-07,2021-09-07 12:30:00,Sell,17400,PE,72.0,-10,29.75,2021-09-09 15:25:00,17409.3,2021-09-07,2021-09-07 15:15:00,Buy,17200.0,PE,21.15,10.0,0.05,2021-09-09 15:25:00,2021-09-09,2,Tuesday
181,2021-09-08,2021-09-08 09:30:00,Sell,17350,CE,62.25,-10,20.95,2021-09-09 09:31:00,17336.8,2021-09-08,2021-09-08 15:15:00,Buy,17450.0,CE,11.95,10.0,3.35,2021-09-09 09:31:00,2021-09-09,1,Wednesday
182,2021-09-08,2021-09-08 12:45:00,Sell,17300,CE,57.0,-10,70.45,2021-09-09 15:25:00,17287.8,2021-09-08,2021-09-08 15:15:00,Buy,17450.0,CE,11.95,10.0,0.1,2021-09-09 15:25:00,2021-09-09,1,Wednesday
183,2021-09-08,2021-09-08 15:15:00,Sell,17350,PE,45.35,-10,14.9,2021-09-09 14:48:00,17350.0,2021-09-08,2021-09-08 15:15:00,Buy,17250.0,PE,14.65,10.0,0.55,2021-09-09 14:48:00,2021-09-09,1,Wednesday
184,2021-09-13,2021-09-13 10:15:00,Sell,17300,CE,81.55,-10,329.95,2021-09-16 15:25:00,17286.5,2021-09-13,2021-09-13 15:15:00,Buy,17500.0,CE,24.65,10.0,129.0,2021-09-16 15:25:00,2021-09-16,3,Monday
185,2021-09-13,2021-09-13 13:00:00,Sell,17350,PE,79.2,-10,27.6,2021-09-15 09:52:00,17360.25,2021-09-13,2021-09-13 15:15:00,Buy,17150.0,PE,20.45,10.0,4.6,2021-09-15 09:52:00,2021-09-16,3,Monday
186,2021-09-14,2021-09-14 09:30:00,Sell,17400,PE,63.7,-10,21.3,2021-09-15 13:08:00,17418.1,2021-09-14,2021-09-14 15:15:00,Buy,17250.0,PE,19.8,10.0,6.35,2021-09-15 13:08:00,2021-09-16,2,Tuesday
187,2021-09-15,2021-09-15 10:30:00,Sell,17450,PE,53.5,-10,18.55,2021-09-15 14:20:00,17457.15,,,,,,,,,,2021-09-16,1,Wednesday
188,2021-09-15,2021-09-15 13:45:00,Sell,17500,PE,39.25,-10,13.5,2021-09-16 09:17:00,17514.1,2021-09-15,2021-09-15 15:15:00,Buy,17400.0,PE,11.8,10.0,3.95,2021-09-16 09:17:00,2021-09-16,1,Wednesday
189,2021-09-16,2021-09-16 09:30:00,Sell,17550,PE,27.75,-10,8.65,2021-09-16 12:41:00,17559.8,,,,,,,,,,2021-09-16,0,Thursday
190,2021-09-16,2021-09-16 14:15:00,Sell,17600,PE,13.2,-10,3.75,2021-09-16 14:34:00,17608.65,,,,,,,,,,2021-09-16,0,Thursday
191,2021-09-17,2021-09-17 09:30:00,Sell,17750,CE,105.55,-10,30.0,2021-09-20 09:15:00,17750.0,2021-09-17,2021-09-17 15:15:00,Buy,17800.0,CE,34.8,10.0,29.7,2021-09-20 09:15:00,2021-09-23,4,Friday
192,2021-09-17,2021-09-17 09:30:00,Sell,17750,PE,120.4,-10,40.1,2021-09-23 11:09:00,17750.0,2021-09-17,2021-09-17 15:15:00,Buy,17350.0,PE,28.4,10.0,2.95,2021-09-23 11:09:00,2021-09-23,4,Friday
193,2021-09-17,2021-09-17 11:45:00,Sell,17700,CE,94.75,-10,21.4,2021-09-20 09:15:00,17659.15,2021-09-17,2021-09-17 15:15:00,Buy,17800.0,CE,34.8,10.0,29.7,2021-09-20 09:15:00,2021-09-23,4,Friday
194,2021-09-17,2021-09-17 12:15:00,Sell,17650,CE,105.5,-10,34.45,2021-09-20 09:16:00,17619.9,2021-09-17,2021-09-17 15:15:00,Buy,17800.0,CE,34.8,10.0,13.85,2021-09-20 09:16:00,2021-09-23,4,Friday
195,2021-09-17,2021-09-17 14:30:00,Sell,17600,CE,102.9,-10,35.0,2021-09-20 15:28:00,17573.6,2021-09-17,2021-09-17 15:15:00,Buy,17800.0,CE,34.8,10.0,15.95,2021-09-20 15:28:00,2021-09-23,4,Friday
196,2021-09-20,2021-09-20 09:30:00,Sell,17550,CE,73.25,-10,273.8,2021-09-23 15:25:00,17508.35,2021-09-20,2021-09-20 15:15:00,Buy,17700.0,CE,24.85,10.0,123.45,2021-09-23 15:25:00,2021-09-23,3,Monday
197,2021-09-20,2021-09-20 11:15:00,Sell,17600,PE,107.35,-10,21.15,2021-09-23 09:16:00,17609.85,2021-09-20,2021-09-20 15:15:00,Buy,17050.0,PE,24.95,10.0,1.75,2021-09-23 09:16:00,2021-09-23,3,Monday
198,2021-09-20,2021-09-20 12:15:00,Sell,17550,CE,78.7,-10,273.8,2021-09-23 15:25:00,17513.4,2021-09-20,2021-09-20 15:15:00,Buy,17700.0,CE,24.85,10.0,123.45,2021-09-23 15:25:00,2021-09-23,3,Monday
199,2021-09-20,2021-09-20 14:00:00,Sell,17500,CE,95.35,-10,323.55,2021-09-23 15:25:00,17491.35,2021-09-20,2021-09-20 15:15:00,Buy,17700.0,CE,24.85,10.0,123.45,2021-09-23 15:25:00,2021-09-23,3,Monday
200,2021-09-20,2021-09-20 15:00:00,Sell,17450,CE,100.4,-10,374.15,2021-09-23 15:25:00,17435.55,2021-09-20,2021-09-20 15:15:00,Buy,17700.0,CE,24.85,10.0,123.45,2021-09-23 15:25:00,2021-09-23,3,Monday
201,2021-09-21,2021-09-21 10:15:00,Sell,17400,CE,104.45,-10,423.5,2021-09-23 15:25:00,17372.1,2021-09-21,2021-09-21 15:15:00,Buy,17700.0,CE,24.5,10.0,123.45,2021-09-23 15:25:00,2021-09-23,2,Tuesday
202,2021-09-21,2021-09-21 11:15:00,Sell,17350,CE,110.15,-10,472.15,2021-09-23 15:25:00,17345.8,2021-09-21,2021-09-21 15:15:00,Buy,17700.0,CE,24.5,10.0,123.45,2021-09-23 15:25:00,2021-09-23,2,Tuesday
203,2021-09-21,2021-09-21 12:00:00,Sell,17400,PE,95.95,-10,32.05,2021-09-21 14:50:00,17412.95,,,,,,,,,,2021-09-23,2,Tuesday
204,2021-09-21,2021-09-21 13:15:00,Sell,17450,PE,82.35,-10,27.2,2021-09-22 10:51:00,17454.65,2021-09-21,2021-09-21 15:15:00,Buy,17350.0,PE,24.35,10.0,16.1,2021-09-22 10:51:00,2021-09-23,2,Tuesday
205,2021-09-21,2021-09-21 14:30:00,Sell,17500,PE,78.15,-10,26.05,2021-09-22 14:34:00,17508.85,2021-09-21,2021-09-21 15:15:00,Buy,17350.0,PE,24.35,10.0,9.75,2021-09-22 14:34:00,2021-09-23,2,Tuesday
206,2021-09-22,2021-09-22 09:30:00,Sell,17550,PE,74.3,-10,13.0,2021-09-23 09:15:00,17551.4,2021-09-22,2021-09-22 15:15:00,Buy,17400.0,PE,19.7,10.0,8.4,2021-09-23 09:15:00,2021-09-23,1,Wednesday
207,2021-09-22,2021-09-22 10:15:00,Sell,17600,PE,74.0,-10,21.15,2021-09-23 09:16:00,17603.05,2021-09-22,2021-09-22 15:15:00,Buy,17400.0,PE,19.7,10.0,2.9,2021-09-23 09:16:00,2021-09-23,1,Wednesday
208,2021-09-22,2021-09-22 11:30:00,Sell,17550,CE,70.1,-10,273.8,2021-09-23 15:25:00,17542.85,2021-09-22,2021-09-22 15:15:00,Buy,17650.0,CE,24.55,10.0,173.8,2021-09-23 15:25:00,2021-09-23,1,Wednesday
209,2021-09-23,2021-09-23 09:30:00,Sell,17600,PE,13.4,-10,4.6,2021-09-23 12:09:00,17690.3,,,,,,,,,,2021-09-23,0,Thursday
210,2021-09-23,2021-09-23 09:30:00,Sell,17650,PE,24.7,-10,8.6,2021-09-23 11:23:00,17690.3,,,,,,,,,,2021-09-23,0,Thursday
211,2021-09-23,2021-09-23 10:00:00,Sell,17700,PE,35.9,-10,11.75,2021-09-23 12:09:00,17702.45,,,,,,,,,,2021-09-23,0,Thursday
212,2021-09-23,2021-09-23 12:15:00,Sell,17750,PE,23.35,-10,6.85,2021-09-23 14:02:00,17762.0,,,,,,,,,,2021-09-23,0,Thursday
213,2021-09-23,2021-09-23 14:45:00,Sell,17800,PE,6.55,-10,1.95,2021-09-23 15:05:00,17813.8,,,,,,,,,,2021-09-23,0,Thursday
214,2021-09-24,2021-09-24 09:30:00,Sell,17900,CE,137.1,-10,47.8,2021-09-28 11:53:00,17900.0,2021-09-24,2021-09-24 15:15:00,Buy,18100.0,CE,39.35,10.0,12.4,2021-09-28 11:53:00,2021-09-30,4,Friday
215,2021-09-24,2021-09-24 09:30:00,Sell,17900,PE,131.55,-10,287.7,2021-09-30 15:25:00,17900.0,2021-09-24,2021-09-24 15:15:00,Buy,17600.0,PE,36.05,10.0,1.5,2021-09-30 15:25:00,2021-09-30,4,Friday
216,2021-09-24,2021-09-24 13:30:00,Sell,17850,CE,120.35,-10,41.9,2021-09-28 12:24:00,17832.6,2021-09-24,2021-09-24 15:15:00,Buy,18100.0,CE,39.35,10.0,9.45,2021-09-28 12:24:00,2021-09-30,4,Friday
217,2021-09-27,2021-09-27 09:30:00,Sell,17900,PE,103.3,-10,287.7,2021-09-30 15:25:00,17908.2,2021-09-27,2021-09-27 15:15:00,Buy,17650.0,PE,31.8,10.0,36.55,2021-09-30 15:25:00,2021-09-30,3,Monday
218,2021-09-27,2021-09-27 10:45:00,Sell,17850,CE,111.5,-10,38.05,2021-09-28 12:52:00,17835.95,2021-09-27,2021-09-27 15:15:00,Buy,18050.0,CE,30.95,10.0,11.65,2021-09-28 12:52:00,2021-09-30,3,Monday
219,2021-09-28,2021-09-28 11:15:00,Sell,17800,CE,94.5,-10,31.0,2021-09-28 14:14:00,17790.6,,,,,,,,,,2021-09-30,2,Tuesday
220,2021-09-28,2021-09-28 12:15:00,Sell,17750,CE,89.55,-10,30.35,2021-09-30 09:17:00,17732.35,2021-09-28,2021-09-28 15:15:00,Buy,18000.0,CE,24.45,10.0,2.3,2021-09-30 09:17:00,2021-09-30,2,Tuesday
221,2021-09-28,2021-09-28 12:30:00,Sell,17700,CE,102.2,-10,35.75,2021-09-30 09:29:00,17691.8,2021-09-28,2021-09-28 15:15:00,Buy,18000.0,CE,24.45,10.0,2.55,2021-09-30 09:29:00,2021-09-30,2,Tuesday
222,2021-09-28,2021-09-28 13:15:00,Sell,17650,CE,91.8,-10,29.95,2021-09-30 12:41:00,17619.5,2021-09-28,2021-09-28 15:15:00,Buy,18000.0,CE,24.45,10.0,1.4,2021-09-30 12:41:00,2021-09-30,2,Tuesday
223,2021-09-28,2021-09-28 14:30:00,Sell,17600,CE,101.6,-10,30.55,2021-09-30 14:27:00,17593.65,2021-09-28,2021-09-28 15:15:00,Buy,18000.0,CE,24.45,10.0,0.45,2021-09-30 14:27:00,2021-09-30,2,Tuesday
224,2021-09-28,2021-09-28 15:00:00,Sell,17650,PE,55.45,-10,18.05,2021-09-29 14:37:00,17726.0,2021-09-28,2021-09-28 15:15:00,Buy,17600.0,PE,27.05,10.0,12.7,2021-09-29 14:37:00,2021-09-30,2,Tuesday
225,2021-09-28,2021-09-28 15:00:00,Sell,17700,PE,74.9,-10,24.85,2021-09-30 12:02:00,17726.0,2021-09-28,2021-09-28 15:15:00,Buy,17600.0,PE,27.05,10.0,5.55,2021-09-30 12:02:00,2021-09-30,2,Tuesday
226,2021-09-28,2021-09-28 15:15:00,Sell,17750,PE,74.9,-10,136.6,2021-09-30 15:25:00,17770.7,2021-09-28,2021-09-28 15:15:00,Buy,17600.0,PE,27.05,10.0,1.5,2021-09-30 15:25:00,2021-09-30,2,Tuesday
227,2021-09-29,2021-09-29 09:30:00,Sell,17700,CE,63.45,-10,22.05,2021-09-30 12:36:00,17643.55,2021-09-29,2021-09-29 15:15:00,Buy,17850.0,CE,16.15,10.0,2.35,2021-09-30 12:36:00,2021-09-30,1,Wednesday
228,2021-09-29,2021-09-29 09:30:00,Sell,17650,CE,84.8,-10,26.5,2021-09-30 13:18:00,17643.55,2021-09-29,2021-09-29 15:15:00,Buy,17850.0,CE,16.15,10.0,1.6,2021-09-30 13:18:00,2021-09-30,1,Wednesday
229,2021-09-29,2021-09-29 13:15:00,Sell,17700,PE,66.0,-10,21.65,2021-09-30 12:04:00,17701.0,2021-09-29,2021-09-29 15:15:00,Buy,17550.0,PE,18.7,10.0,2.5,2021-09-30 12:04:00,2021-09-30,1,Wednesday
230,2021-09-29,2021-09-29 14:30:00,Sell,17750,PE,53.15,-10,136.6,2021-09-30 15:25:00,17759.2,2021-09-29,2021-09-29 15:15:00,Buy,17550.0,PE,18.7,10.0,0.9,2021-09-30 15:25:00,2021-09-30,1,Wednesday
231,2021-09-30,2021-09-30 09:30:00,Sell,17700,CE,34.15,-10,10.3,2021-09-30 13:18:00,17663.35,,,,,,,,,,2021-09-30,0,Thursday
232,2021-09-30,2021-09-30 13:30:00,Sell,17650,CE,27.05,-10,8.45,2021-09-30 14:29:00,17641.25,,,,,,,,,,2021-09-30,0,Thursday
